timestamp,excavator/kinematics/bucket_orientation/data,excavator/kinematics/bucket_position/header/frame_id,excavator/kinematics/bucket_position/header/stamp/nanosec,excavator/kinematics/bucket_position/header/stamp/sec,excavator/kinematics/bucket_position/point/x,excavator/kinematics/bucket_position/point/y,excavator/kinematics/bucket_position/point/z,excavator/remote_controller/feedback/arm_remote_controller,excavator/remote_controller/feedback/boom_remote_controller,excavator/remote_controller/feedback/bucket_remote_controller,excavator/remote_controller/feedback/left_track_remote_controller,excavator/remote_controller/feedback/reserved_6_remote_controller,excavator/remote_controller/feedback/reserved_7_remote_controller,excavator/remote_controller/feedback/right_track_remote_controller,excavator/remote_controller/feedback/stamp/nanosec,excavator/remote_controller/feedback/stamp/sec,excavator/remote_controller/feedback/swing_remote_controller,excavator/sensors/arm_inclino/data/itemsize,excavator/sensors/arm_inclino/data/typecode,excavator/sensors/arm_inclino/layout/data_offset,excavator/sensors/boom_inclino/data/itemsize,excavator/sensors/boom_inclino/data/typecode,excavator/sensors/boom_inclino/layout/data_offset,excavator/sensors/bucket_inclino/data/itemsize,excavator/sensors/bucket_inclino/data/typecode,excavator/sensors/bucket_inclino/layout/data_offset,excavator/sensors/gnss_position/altitude,excavator/sensors/gnss_position/header/frame_id,excavator/sensors/gnss_position/header/stamp/nanosec,excavator/sensors/gnss_position/header/stamp/sec,excavator/sensors/gnss_position/latitude,excavator/sensors/gnss_position/longitude,excavator/sensors/gnss_position/position_covariance_0,excavator/sensors/gnss_position/position_covariance_1,excavator/sensors/gnss_position/position_covariance_2,excavator/sensors/gnss_position/position_covariance_3,excavator/sensors/gnss_position/position_covariance_4,excavator/sensors/gnss_position/position_covariance_5,excavator/sensors/gnss_position/position_covariance_6,excavator/sensors/gnss_position/position_covariance_7,excavator/sensors/gnss_position/position_covariance_8,excavator/sensors/gnss_position/position_covariance_type,excavator/sensors/gnss_position/status/service,excavator/sensors/gnss_position/status/status,excavator/sensors/gnss_velocity/covariance_0,excavator/sensors/gnss_velocity/covariance_1,excavator/sensors/gnss_velocity/covariance_10,excavator/sensors/gnss_velocity/covariance_11,excavator/sensors/gnss_velocity/covariance_12,excavator/sensors/gnss_velocity/covariance_13,excavator/sensors/gnss_velocity/covariance_14,excavator/sensors/gnss_velocity/covariance_15,excavator/sensors/gnss_velocity/covariance_16,excavator/sensors/gnss_velocity/covariance_17,excavator/sensors/gnss_velocity/covariance_18,excavator/sensors/gnss_velocity/covariance_19,excavator/sensors/gnss_velocity/covariance_2,excavator/sensors/gnss_velocity/covariance_20,excavator/sensors/gnss_velocity/covariance_21,excavator/sensors/gnss_velocity/covariance_22,excavator/sensors/gnss_velocity/covariance_23,excavator/sensors/gnss_velocity/covariance_24,excavator/sensors/gnss_velocity/covariance_25,excavator/sensors/gnss_velocity/covariance_26,excavator/sensors/gnss_velocity/covariance_27,excavator/sensors/gnss_velocity/covariance_28,excavator/sensors/gnss_velocity/covariance_29,excavator/sensors/gnss_velocity/covariance_3,excavator/sensors/gnss_velocity/covariance_30,excavator/sensors/gnss_velocity/covariance_31,excavator/sensors/gnss_velocity/covariance_32,excavator/sensors/gnss_velocity/covariance_33,excavator/sensors/gnss_velocity/covariance_34,excavator/sensors/gnss_velocity/covariance_35,excavator/sensors/gnss_velocity/covariance_4,excavator/sensors/gnss_velocity/covariance_5,excavator/sensors/gnss_velocity/covariance_6,excavator/sensors/gnss_velocity/covariance_7,excavator/sensors/gnss_velocity/covariance_8,excavator/sensors/gnss_velocity/covariance_9,excavator/sensors/gnss_velocity/twist/angular/x,excavator/sensors/gnss_velocity/twist/angular/y,excavator/sensors/gnss_velocity/twist/angular/z,excavator/sensors/gnss_velocity/twist/linear/x,excavator/sensors/gnss_velocity/twist/linear/y,excavator/sensors/gnss_velocity/twist/linear/z,excavator/sensors/gps_attitude/att_var/itemsize,excavator/sensors/gps_attitude/att_var/typecode,excavator/sensors/gps_attitude/header/frame_id,excavator/sensors/gps_attitude/header/stamp/nanosec,excavator/sensors/gps_attitude/header/stamp/sec,excavator/sensors/gps_attitude/heading,excavator/sensors/gps_attitude/pitch,excavator/sensors/gps_attitude/roll,excavator/sensors/gps_attitude/stamp/nanosec,excavator/sensors/gps_attitude/stamp/sec,excavator/sensors/heading_track/data,excavator/sensors/joint_arm/data/itemsize,excavator/sensors/joint_arm/data/typecode,excavator/sensors/joint_arm/layout/data_offset,excavator/sensors/joint_boom/data/itemsize,excavator/sensors/joint_boom/data/typecode,excavator/sensors/joint_boom/layout/data_offset,excavator/sensors/joint_bucket/data/itemsize,excavator/sensors/joint_bucket/data/typecode,excavator/sensors/joint_bucket/layout/data_offset,excavator/sensors/pressure_data/data/itemsize,excavator/sensors/pressure_data/data/typecode,excavator/sensors/pressure_data/layout/data_offset,excavator/sensors/swing_angle/data,excavator/sensors/swing_encoder_output/data,excavator/state/complete_status/emergency_stop,excavator/state/complete_status/engine_temperature_ok,excavator/state/complete_status/fuel_level,excavator/state/complete_status/gnss_position/altitude,excavator/state/complete_status/gnss_position/header/frame_id,excavator/state/complete_status/gnss_position/header/stamp/nanosec,excavator/state/complete_status/gnss_position/header/stamp/sec,excavator/state/complete_status/gnss_position/latitude,excavator/state/complete_status/gnss_position/longitude,excavator/state/complete_status/gnss_position/position_covariance_0,excavator/state/complete_status/gnss_position/position_covariance_1,excavator/state/complete_status/gnss_position/position_covariance_2,excavator/state/complete_status/gnss_position/position_covariance_3,excavator/state/complete_status/gnss_position/position_covariance_4,excavator/state/complete_status/gnss_position/position_covariance_5,excavator/state/complete_status/gnss_position/position_covariance_6,excavator/state/complete_status/gnss_position/position_covariance_7,excavator/state/complete_status/gnss_position/position_covariance_8,excavator/state/complete_status/gnss_position/position_covariance_type,excavator/state/complete_status/gnss_position/status/service,excavator/state/complete_status/gnss_position/status/status,excavator/state/complete_status/gnss_velocity/covariance_0,excavator/state/complete_status/gnss_velocity/covariance_1,excavator/state/complete_status/gnss_velocity/covariance_10,excavator/state/complete_status/gnss_velocity/covariance_11,excavator/state/complete_status/gnss_velocity/covariance_12,excavator/state/complete_status/gnss_velocity/covariance_13,excavator/state/complete_status/gnss_velocity/covariance_14,excavator/state/complete_status/gnss_velocity/covariance_15,excavator/state/complete_status/gnss_velocity/covariance_16,excavator/state/complete_status/gnss_velocity/covariance_17,excavator/state/complete_status/gnss_velocity/covariance_18,excavator/state/complete_status/gnss_velocity/covariance_19,excavator/state/complete_status/gnss_velocity/covariance_2,excavator/state/complete_status/gnss_velocity/covariance_20,excavator/state/complete_status/gnss_velocity/covariance_21,excavator/state/complete_status/gnss_velocity/covariance_22,excavator/state/complete_status/gnss_velocity/covariance_23,excavator/state/complete_status/gnss_velocity/covariance_24,excavator/state/complete_status/gnss_velocity/covariance_25,excavator/state/complete_status/gnss_velocity/covariance_26,excavator/state/complete_status/gnss_velocity/covariance_27,excavator/state/complete_status/gnss_velocity/covariance_28,excavator/state/complete_status/gnss_velocity/covariance_29,excavator/state/complete_status/gnss_velocity/covariance_3,excavator/state/complete_status/gnss_velocity/covariance_30,excavator/state/complete_status/gnss_velocity/covariance_31,excavator/state/complete_status/gnss_velocity/covariance_32,excavator/state/complete_status/gnss_velocity/covariance_33,excavator/state/complete_status/gnss_velocity/covariance_34,excavator/state/complete_status/gnss_velocity/covariance_35,excavator/state/complete_status/gnss_velocity/covariance_4,excavator/state/complete_status/gnss_velocity/covariance_5,excavator/state/complete_status/gnss_velocity/covariance_6,excavator/state/complete_status/gnss_velocity/covariance_7,excavator/state/complete_status/gnss_velocity/covariance_8,excavator/state/complete_status/gnss_velocity/covariance_9,excavator/state/complete_status/gnss_velocity/twist/angular/x,excavator/state/complete_status/gnss_velocity/twist/angular/y,excavator/state/complete_status/gnss_velocity/twist/angular/z,excavator/state/complete_status/gnss_velocity/twist/linear/x,excavator/state/complete_status/gnss_velocity/twist/linear/y,excavator/state/complete_status/gnss_velocity/twist/linear/z,excavator/state/complete_status/header/frame_id,excavator/state/complete_status/header/stamp/nanosec,excavator/state/complete_status/header/stamp/sec,excavator/state/complete_status/hydraulic_pressure_ok,excavator/state/complete_status/hydraulic_temperature,excavator/state/complete_status/inclinometer_data/arm_calibrated,excavator/state/complete_status/inclinometer_data/arm_latitude,excavator/state/complete_status/inclinometer_data/arm_longitude,excavator/state/complete_status/inclinometer_data/arm_sensor_valid,excavator/state/complete_status/inclinometer_data/boom_calibrated,excavator/state/complete_status/inclinometer_data/boom_latitude,excavator/state/complete_status/inclinometer_data/boom_longitude,excavator/state/complete_status/inclinometer_data/boom_sensor_valid,excavator/state/complete_status/inclinometer_data/bucket_calibrated,excavator/state/complete_status/inclinometer_data/bucket_latitude,excavator/state/complete_status/inclinometer_data/bucket_longitude,excavator/state/complete_status/inclinometer_data/bucket_sensor_valid,excavator/state/complete_status/inclinometer_data/header/frame_id,excavator/state/complete_status/inclinometer_data/header/stamp/nanosec,excavator/state/complete_status/inclinometer_data/header/stamp/sec,excavator/state/complete_status/inclinometer_data/swing_angle,excavator/state/complete_status/inclinometer_data/swing_sensor_valid,excavator/state/complete_status/joint_angles/arm_joint_angle,excavator/state/complete_status/joint_angles/arm_joint_velocity,excavator/state/complete_status/joint_angles/arm_offset,excavator/state/complete_status/joint_angles/boom_joint_angle,excavator/state/complete_status/joint_angles/boom_joint_velocity,excavator/state/complete_status/joint_angles/boom_offset,excavator/state/complete_status/joint_angles/bucket_joint_angle,excavator/state/complete_status/joint_angles/bucket_joint_velocity,excavator/state/complete_status/joint_angles/bucket_offset,excavator/state/complete_status/joint_angles/header/frame_id,excavator/state/complete_status/joint_angles/header/stamp/nanosec,excavator/state/complete_status/joint_angles/header/stamp/sec,excavator/state/complete_status/joint_angles/joints_calculated,excavator/state/complete_status/joint_angles/kinematics_valid,excavator/state/complete_status/joint_angles/swing_joint_angle,excavator/state/complete_status/joint_angles/swing_joint_velocity,excavator/state/complete_status/last_track_command/control_mode,excavator/state/complete_status/last_track_command/emergency_stop,excavator/state/complete_status/last_track_command/header/frame_id,excavator/state/complete_status/last_track_command/header/stamp/nanosec,excavator/state/complete_status/last_track_command/header/stamp/sec,excavator/state/complete_status/last_track_command/left_track_velocity,excavator/state/complete_status/last_track_command/right_track_velocity,excavator/state/complete_status/last_track_command/traction_control_enabled,excavator/state/complete_status/last_upper_command/arm_velocity,excavator/state/complete_status/last_upper_command/boom_velocity,excavator/state/complete_status/last_upper_command/bucket_velocity,excavator/state/complete_status/last_upper_command/control_mode,excavator/state/complete_status/last_upper_command/emergency_stop,excavator/state/complete_status/last_upper_command/header/frame_id,excavator/state/complete_status/last_upper_command/header/stamp/nanosec,excavator/state/complete_status/last_upper_command/header/stamp/sec,excavator/state/complete_status/last_upper_command/safety_override,excavator/state/complete_status/last_upper_command/swing_velocity,excavator/state/complete_status/operating_hours,excavator/state/complete_status/operation_mode,excavator/state/complete_status/operator_id,excavator/state/complete_status/pressure_data/arm_head_pressure,excavator/state/complete_status/pressure_data/arm_load_pressure,excavator/state/complete_status/pressure_data/arm_pressure_valid,excavator/state/complete_status/pressure_data/boom_head_pressure,excavator/state/complete_status/pressure_data/boom_load_pressure,excavator/state/complete_status/pressure_data/boom_pressure_valid,excavator/state/complete_status/pressure_data/bucket_head_pressure,excavator/state/complete_status/pressure_data/bucket_load_pressure,excavator/state/complete_status/pressure_data/bucket_pressure_valid,excavator/state/complete_status/pressure_data/header/frame_id,excavator/state/complete_status/pressure_data/header/stamp/nanosec,excavator/state/complete_status/pressure_data/header/stamp/sec,excavator/state/complete_status/pressure_data/max_pressure_limit,excavator/state/complete_status/pressure_data/min_pressure_limit,excavator/state/complete_status/pressure_data/swing_pressure,excavator/state/complete_status/pressure_data/swing_pressure_valid,excavator/state/complete_status/safety_systems_ok,excavator/state/complete_status/sensor_status/can_bridge_active,excavator/state/complete_status/sensor_status/can_bus_connected,excavator/state/complete_status/sensor_status/can_error_count,excavator/state/complete_status/sensor_status/emergency_stop_active,excavator/state/complete_status/sensor_status/gnss_active,excavator/state/complete_status/sensor_status/gnss_fix_type,excavator/state/complete_status/sensor_status/header/frame_id,excavator/state/complete_status/sensor_status/header/stamp/nanosec,excavator/state/complete_status/sensor_status/header/stamp/sec,excavator/state/complete_status/sensor_status/inclinometer_sensor_count,excavator/state/complete_status/sensor_status/inclinometer_sensors_active,excavator/state/complete_status/sensor_status/last_gnss_update,excavator/state/complete_status/sensor_status/last_inclinometer_update,excavator/state/complete_status/sensor_status/last_pressure_update,excavator/state/complete_status/sensor_status/overall_status,excavator/state/complete_status/sensor_status/pressure_sensor_count,excavator/state/complete_status/sensor_status/pressure_sensors_active,excavator/state/complete_status/sensor_status/satellite_count,excavator/state/complete_status/sensor_status/system_healthy,excavator/state/complete_status/system_initialized,excavator/state/complete_status/system_voltage,excavator/state/complete_status/track_tension_ok,gps_att/att_var/itemsize,gps_att/att_var/typecode,gps_att/header/frame_id,gps_att/header/stamp/nanosec,gps_att/header/stamp/sec,gps_att/heading,gps_att/pitch,gps_att/roll,gps_att/stamp/nanosec,gps_att/stamp/sec,gps_msg/age,gps_msg/alt,gps_msg/geo,gps_msg/geo_model,gps_msg/h_dil,gps_msg/header/frame_id,gps_msg/header/stamp/nanosec,gps_msg/header/stamp/sec,gps_msg/heading,gps_msg/lat,gps_msg/lon,gps_msg/moving_dir,gps_msg/quality,gps_msg/sat,gps_msg/speed,gps_msg/speed_dir,gps_msg/stamp/nanosec,gps_msg/stamp/sec,gps_msg/tm_x,gps_msg/tm_y,kine_data/base_height,kine_data/base_lat,kine_data/base_lon,kine_data/base_pos_x,kine_data/base_pos_y,kine_data/base_pos_z,kine_data/bkt_height,kine_data/bkt_lat,kine_data/bkt_lon,kine_data/bkt_pos_x,kine_data/bkt_pos_y,kine_data/bkt_pos_z,kine_data/gnss_heading,kine_data/header/frame_id,kine_data/header/stamp/nanosec,kine_data/header/stamp/sec,kine_data/joint_arm,kine_data/joint_boom,kine_data/joint_bucket,kine_data/joint_swing,kine_data/joint_track,kine_data/pitch,kine_data/roll,kine_data/yaw,tf/transforms_0/child_frame_id,tf/transforms_0/header/frame_id,tf/transforms_0/header/stamp/nanosec,tf/transforms_0/header/stamp/sec,tf/transforms_0/transform/rotation/w,tf/transforms_0/transform/rotation/x,tf/transforms_0/transform/rotation/y,tf/transforms_0/transform/rotation/z,tf/transforms_0/transform/translation/x,tf/transforms_0/transform/translation/y,tf/transforms_0/transform/translation/z
1765332137900000000,-157.74301147460938,excavator_base_link,98701648,1765332138,2.5223443006198623,0.6782667302062213,0.0,0.0,0.0,0.0,0.0,127,0,0.0,69817154,1765332138,0.0,4,f,0,4,f,0,4,f,0,59.594,gps,93685987,1765332138,36.400118731,127.36124374933334,0.6400000000000001,0.0,0.0,0.0,0.6400000000000001,0.0,0.0,0.0,2.5600000000000005,1,1,1,0.1,0.0,0.0,0.0,0.0,0.0,0.1,0.0,0.0,0.0,0.0,0.0,0.0,0.0,0.1,0.0,0.0,0.0,0.0,0.0,0.0,0.1,0.0,0.0,0.0,0.0,0.0,0.0,0.0,0.1,0.0,0.0,0.0,0.1,0.0,0.0,0.0,0.0,0.0,-0.0005230559276533213,-0.0038574762001794805,1.4492780257095819e-05,8,d,gps,94952551,1765332138,-55.28800000000001,-2.064,1.348,0,0,-42.302001953125,4,f,0,4,f,0,4,f,0,4,f,0,-13.385000228881836,-13.699999809265137,False,True,100.0,59.593,gps,993527316,1765332137,36.400118757,127.36124374516666,0.6400000000000001,0.0,0.0,0.0,0.6400000000000001,0.0,0.0,0.0,2.5600000000000005,1,1,1,0.1,0.0,0.0,0.0,0.0,0.0,0.1,0.0,0.0,0.0,0.0,0.0,0.0,0.0,0.1,0.0,0.0,0.0,0.0,0.0,0.0,0.1,0.0,0.0,0.0,0.0,0.0,0.0,0.0,0.1,0.0,0.0,0.0,0.1,0.0,0.0,0.0,0.0,0.0,-0.0005220542533100971,-0.0038577443175063504,1.4139798234923859e-05,excavator_base,71118506,1765332138,True,50.0,False,83.93000030517578,-2.7100000381469727,False,False,-25.579999923706055,-2.2699999809265137,False,False,58.040000915527344,-10.069999694824219,False,excavator_base,71222773,1765332138,-13.385000228881836,False,0.0,0.0,0.0,0.0,0.0,0.0,0.0,0.0,0.0,excavator_base,71260633,1765332138,False,False,-13.385000228881836,0.0,0,False,,0,0,0.0,0.0,False,0.0,0.0,0.0,0,False,,0,0,False,0.0,0.0,0,default,1421.0,1293.0,False,1768.0,531.0,False,1485.0,1364.0,False,excavator_base,71183312,1765332138,0.0,0.0,-13.385000228881836,False,True,True,True,0,False,True,0,excavator_base,71319231,1765332138,0,True,0.0,0.0,0.0,0,0,False,0,True,True,24.0,True,8,d,gps,95381364,1765332138,-55.28800000000001,-2.064,1.348,0,0,0.0,59.594,0.0,0.0,0.8,gps,95196801,1765332138,-55.28800000000001,36.400118731,127.36124374933334,0,1,14,0.0,0.0,0,0,0.0,0.0,59.593,36.400118757,127.36124374516666,0.0,0.0,0.0,0.0,0.0,0.0,0.0,0.0,0.0,-56.00200000000001,base_link,56356929,1765332138,70.3290023803711,28.547000885009766,103.45099639892578,-13.385000228881836,0.0,-2.052,1.315,0.0,zedx_boom_imu_link,zedx_boom_left_camera_frame,993606897,1765332137,0.999992847442627,0.003616482252255082,0.0005469119059853256,-0.0009107014629989862,0.0,-0.03564900532364845,-0.00014700002793688327
1765332138000000000,-157.3610076904297,excavator_base_link,199268457,1765332138,2.502010625660066,0.7339623686534044,0.0,0.0,0.0,0.0,0.0,127,0,0.0,169451578,1765332138,0.0,4,f,0,4,f,0,4,f,0,59.593,gps,193648317,1765332138,36.400118712166666,127.36124376516666,0.6400000000000001,0.0,0.0,0.0,0.6400000000000001,0.0,0.0,0.0,2.5600000000000005,1,1,1,0.1,0.0,0.0,0.0,0.0,0.0,0.1,0.0,0.0,0.0,0.0,0.0,0.0,0.0,0.1,0.0,0.0,0.0,0.0,0.0,0.0,0.1,0.0,0.0,0.0,0.0,0.0,0.0,0.0,0.1,0.0,0.0,0.0,0.1,0.0,0.0,0.0,0.0,0.0,-0.0005237763823965937,-0.0038568399382596505,1.413879841545244e-05,8,d,gps,194292640,1765332138,-54.44,-2.08,1.298,0,0,-42.38800048828125,4,f,0,4,f,0,4,f,0,4,f,0,-12.670999526977539,-12.899999618530273,False,True,100.0,59.594,gps,93685987,1765332138,36.400118731,127.36124374933334,0.6400000000000001,0.0,0.0,0.0,0.6400000000000001,0.0,0.0,0.0,2.5600000000000005,1,1,1,0.1,0.0,0.0,0.0,0.0,0.0,0.1,0.0,0.0,0.0,0.0,0.0,0.0,0.0,0.1,0.0,0.0,0.0,0.0,0.0,0.0,0.1,0.0,0.0,0.0,0.0,0.0,0.0,0.0,0.1,0.0,0.0,0.0,0.1,0.0,0.0,0.0,0.0,0.0,-0.0005230559276533213,-0.0038574762001794805,1.4492780257095819e-05,excavator_base,171188591,1765332138,True,50.0,False,83.44999694824219,-2.5399999618530273,False,False,-26.8799991607666,-2.240000009536743,False,False,57.66999816894531,-9.84000015258789,False,excavator_base,171297883,1765332138,-12.670999526977539,False,0.0,0.0,0.0,0.0,0.0,0.0,0.0,0.0,0.0,excavator_base,171333278,1765332138,False,False,-12.670999526977539,0.0,0,False,,0,0,0.0,0.0,False,0.0,0.0,0.0,0,False,,0,0,False,0.0,0.0,0,default,1426.0,1299.0,False,1770.0,531.0,False,1488.0,1360.0,False,excavator_base,171255734,1765332138,0.0,0.0,-12.670999526977539,False,True,True,True,0,False,True,0,excavator_base,171387780,1765332138,0,True,0.0,0.0,0.0,0,0,False,0,True,True,24.0,True,8,d,gps,194703499,1765332138,-54.44,-2.08,1.298,0,0,0.0,59.593,0.0,0.0,0.8,gps,194548379,1765332138,-54.44,36.400118712166666,127.36124376516666,0,1,14,0.0,0.0,0,0,0.0,0.0,59.594,36.400118731,127.36124374933334,0.0,0.0,0.0,0.0,0.0,0.0,0.0,0.0,0.0,-55.28800000000001,base_link,156359200,1765332138,69.15899658203125,29.858999252319336,103.37100219726562,-12.670999526977539,0.0,-2.064,1.348,0.0,zedx_boom_imu_link,zedx_boom_left_camera_frame,94912860,1765332138,0.999992847442627,0.003616482252255082,0.0005469119059853256,-0.0009107014629989862,0.0,-0.03564900532364845,-0.00014700002793688327
1765332138100000000,-156.76499938964844,excavator_base_link,298709869,1765332138,2.487803090969196,0.7868607930544109,0.0,0.0,0.0,0.0,0.0,127,0,0.0,269496700,1765332138,0.0,4,f,0,4,f,0,4,f,0,59.593,gps,293602934,1765332138,36.400118684,127.36124378383333,0.6400000000000001,0.0,0.0,0.0,0.6400000000000001,0.0,0.0,0.0,2.5600000000000005,1,1,1,0.1,0.0,0.0,0.0,0.0,0.0,0.1,0.0,0.0,0.0,0.0,0.0,0.0,0.0,0.1,0.0,0.0,0.0,0.0,0.0,0.0,0.1,0.0,0.0,0.0,0.0,0.0,0.0,0.0,0.1,0.0,0.0,0.0,0.1,0.0,0.0,0.0,0.0,0.0,-0.0005248629619441683,-0.0038561142014316777,1.413829888519372e-05,8,d,gps,294298751,1765332138,-53.488,-2.096,1.326,0,0,-42.34000015258789,4,f,0,4,f,0,4,f,0,4,f,0,-11.822999954223633,-12.100000381469727,False,True,100.0,59.593,gps,193648317,1765332138,36.400118712166666,127.36124376516666,0.6400000000000001,0.0,0.0,0.0,0.6400000000000001,0.0,0.0,0.0,2.5600000000000005,1,1,1,0.1,0.0,0.0,0.0,0.0,0.0,0.1,0.0,0.0,0.0,0.0,0.0,0.0,0.0,0.1,0.0,0.0,0.0,0.0,0.0,0.0,0.1,0.0,0.0,0.0,0.0,0.0,0.0,0.0,0.1,0.0,0.0,0.0,0.1,0.0,0.0,0.0,0.0,0.0,-0.0005237763823965937,-0.0038568399382596505,1.413879841545244e-05,excavator_base,271122631,1765332138,True,50.0,False,82.69999694824219,-2.390000104904175,False,False,-28.520000457763672,-2.240000009536743,False,False,57.09000015258789,-9.619999885559082,False,excavator_base,271221361,1765332138,-11.822999954223633,False,0.0,0.0,0.0,0.0,0.0,0.0,0.0,0.0,0.0,excavator_base,271255732,1765332138,False,False,-11.822999954223633,0.0,0,False,,0,0,0.0,0.0,False,0.0,0.0,0.0,0,False,,0,0,False,0.0,0.0,0,default,1412.0,1301.0,False,1588.0,531.0,False,1486.0,1377.0,False,excavator_base,271182989,1765332138,0.0,0.0,-11.822999954223633,False,True,True,True,0,False,True,0,excavator_base,271307546,1765332138,0,True,0.0,0.0,0.0,0,0,False,0,True,True,24.0,True,8,d,gps,294727436,1765332138,-53.488,-2.096,1.326,0,0,0.0,59.593,0.0,0.0,0.8,gps,294537528,1765332138,-53.488,36.400118684,127.36124378383333,0,1,14,0.0,0.0,0,0,0.0,0.0,59.593,36.400118712166666,127.36124376516666,0.0,0.0,0.0,0.0,0.0,0.0,0.0,0.0,0.0,-54.44,base_link,256375200,1765332138,68.1989974975586,31.514999389648438,103.23100280761719,-11.822999954223633,0.0,-2.08,1.298,0.0,zedx_boom_imu_link,zedx_boom_left_camera_frame,196515343,1765332138,0.999992847442627,0.003616482252255082,0.0005469119059853256,-0.0009107014629989862,0.0,-0.03564900532364845,-0.00014700002793688327
1765332138200000000,-156.0889892578125,excavator_base_link,398720300,1765332138,2.4787152314201064,0.8298847514077478,0.0,0.0,0.0,0.0,0.0,127,0,0.0,369593349,1765332138,0.0,4,f,0,4,f,0,4,f,0,59.593,gps,393719617,1765332138,36.40011865066667,127.361243798,0.6400000000000001,0.0,0.0,0.0,0.6400000000000001,0.0,0.0,0.0,2.5600000000000005,1,1,1,0.1,0.0,0.0,0.0,0.0,0.0,0.1,0.0,0.0,0.0,0.0,0.0,0.0,0.0,0.1,0.0,0.0,0.0,0.0,0.0,0.0,0.1,0.0,0.0,0.0,0.0,0.0,0.0,0.0,0.1,0.0,0.0,0.0,0.1,0.0,0.0,0.0,0.0,0.0,-0.0005261520065819139,-0.0038555294538785544,1.4137795127539167e-05,8,d,gps,395108882,1765332138,-52.405,-2.113,1.402,0,0,-42.1879997253418,4,f,0,4,f,0,4,f,0,4,f,0,-10.871000289916992,-11.300000190734863,False,True,100.0,59.593,gps,293602934,1765332138,36.400118684,127.36124378383333,0.6400000000000001,0.0,0.0,0.0,0.6400000000000001,0.0,0.0,0.0,2.5600000000000005,1,1,1,0.1,0.0,0.0,0.0,0.0,0.0,0.1,0.0,0.0,0.0,0.0,0.0,0.0,0.0,0.1,0.0,0.0,0.0,0.0,0.0,0.0,0.1,0.0,0.0,0.0,0.0,0.0,0.0,0.0,0.1,0.0,0.0,0.0,0.1,0.0,0.0,0.0,0.0,0.0,-0.0005248629619441683,-0.0038561142014316777,1.413829888519372e-05,excavator_base,376990347,1765332138,True,50.0,False,81.91999816894531,-2.309999942779541,False,False,-29.940000534057617,-2.2200000286102295,False,False,56.43000030517578,-9.460000038146973,False,excavator_base,377109879,1765332138,-10.871000289916992,False,0.0,0.0,0.0,0.0,0.0,0.0,0.0,0.0,0.0,excavator_base,377148059,1765332138,False,False,-10.871000289916992,0.0,0,False,,0,0,0.0,0.0,False,0.0,0.0,0.0,0,False,,0,0,False,0.0,0.0,0,default,1400.0,1301.0,False,1557.0,531.0,False,1490.0,1394.0,False,excavator_base,377065427,1765332138,0.0,0.0,-10.871000289916992,False,True,True,True,0,False,True,0,excavator_base,377204513,1765332138,0,True,0.0,0.0,0.0,0,0,False,0,True,True,24.0,True,8,d,gps,395553633,1765332138,-52.405,-2.113,1.402,0,0,0.0,59.593,0.0,0.0,0.8,gps,395378318,1765332138,-52.405,36.40011865066667,127.361243798,0,1,14,0.0,0.0,0,0,0.0,0.0,59.593,36.400118684,127.36124378383333,0.0,0.0,0.0,0.0,0.0,0.0,0.0,0.0,0.0,-53.488,base_link,356349851,1765332138,67.53900146484375,32.95100021362305,103.08100128173828,-10.871000289916992,0.0,-2.096,1.326,0.0,zedx_boom_imu_link,zedx_boom_left_camera_frame,297897103,1765332138,0.999992847442627,0.003616482252255082,0.0005469119059853256,-0.0009107014629989862,0.0,-0.03564900532364845,-0.00014700002793688327
1765332138300000000,-155.2519989013672,excavator_base_link,498691015,1765332138,2.4700432733486544,0.874927301826678,0.0,0.0,0.0,0.0,0.0,127,0,0.0,469421873,1765332138,0.0,4,f,0,4,f,0,4,f,0,59.593,gps,493807816,1765332138,36.4001186165,127.361243815,0.6400000000000001,0.0,0.0,0.0,0.6400000000000001,0.0,0.0,0.0,2.5600000000000005,1,1,1,0.1,0.0,0.0,0.0,0.0,0.0,0.1,0.0,0.0,0.0,0.0,0.0,0.0,0.0,0.1,0.0,0.0,0.0,0.0,0.0,0.0,0.1,0.0,0.0,0.0,0.0,0.0,0.0,0.0,0.1,0.0,0.0,0.0,0.1,0.0,0.0,0.0,0.0,0.0,-0.0005274739157689171,-0.003854857208348141,1.4137298473628009e-05,8,d,gps,494452844,1765332138,-51.269000000000005,-2.131,1.452,0,0,-42.20500183105469,4,f,0,4,f,0,4,f,0,4,f,0,-9.788000106811523,-10.199999809265137,False,True,100.0,59.593,gps,393719617,1765332138,36.40011865066667,127.361243798,0.6400000000000001,0.0,0.0,0.0,0.6400000000000001,0.0,0.0,0.0,2.5600000000000005,1,1,1,0.1,0.0,0.0,0.0,0.0,0.0,0.1,0.0,0.0,0.0,0.0,0.0,0.0,0.0,0.1,0.0,0.0,0.0,0.0,0.0,0.0,0.1,0.0,0.0,0.0,0.0,0.0,0.0,0.0,0.1,0.0,0.0,0.0,0.1,0.0,0.0,0.0,0.0,0.0,-0.0005261520065819139,-0.0038555294538785544,1.4137795127539167e-05,excavator_base,474285902,1765332138,True,50.0,False,81.0,-2.359999895095825,False,False,-31.280000686645508,-2.2300000190734863,False,False,56.04999923706055,-9.4399995803833,False,excavator_base,474401466,1765332138,-9.788000106811523,False,0.0,0.0,0.0,0.0,0.0,0.0,0.0,0.0,0.0,excavator_base,474439678,1765332138,False,False,-9.788000106811523,0.0,0,False,,0,0,0.0,0.0,False,0.0,0.0,0.0,0,False,,0,0,False,0.0,0.0,0,default,1411.0,1301.0,False,1672.0,531.0,False,1490.0,1385.0,False,excavator_base,474356469,1765332138,0.0,0.0,-9.788000106811523,False,True,True,True,0,False,True,0,excavator_base,474496068,1765332138,0,True,0.0,0.0,0.0,0,0,False,0,True,True,24.0,True,8,d,gps,494949568,1765332138,-51.269000000000005,-2.131,1.452,0,0,0.0,59.593,0.0,0.0,0.8,gps,494708391,1765332138,-51.269000000000005,36.4001186165,127.361243815,0,1,14,0.0,0.0,0,0,0.0,0.0,59.593,36.40011865066667,127.361243798,0.0,0.0,0.0,0.0,0.0,0.0,0.0,0.0,0.0,-52.405,base_link,456455460,1765332138,67.01899719238281,34.30799865722656,102.98100280761719,-9.788000106811523,0.0,-2.113,1.402,0.0,zedx_boom_imu_link,zedx_boom_left_camera_frame,394485308,1765332138,0.999992847442627,0.003616482252255082,0.0005469119059853256,-0.0009107014629989862,0.0,-0.03564900532364845,-0.00014700002793688327
1765332138400000000,-154.19400024414062,excavator_base_link,598702631,1765332138,2.4618467478857973,0.925996164428559,0.0,0.0,0.0,0.0,0.0,127,0,0.0,569500727,1765332138,0.0,4,f,0,4,f,0,4,f,0,59.593,gps,593666392,1765332138,36.40011859,127.36124383766666,0.6400000000000001,0.0,0.0,0.0,0.6400000000000001,0.0,0.0,0.0,2.5600000000000005,1,1,1,0.1,0.0,0.0,0.0,0.0,0.0,0.1,0.0,0.0,0.0,0.0,0.0,0.0,0.0,0.1,0.0,0.0,0.0,0.0,0.0,0.0,0.1,0.0,0.0,0.0,0.0,0.0,0.0,0.0,0.1,0.0,0.0,0.0,0.1,0.0,0.0,0.0,0.0,0.0,-0.0005284948779092576,-0.0038540053964845116,1.4136799344765033e-05,8,d,gps,594345919,1765332138,-50.23599999999999,-2.143,1.444,0,0,-42.069000244140625,4,f,0,4,f,0,4,f,0,4,f,0,-8.652000427246094,-9.199999809265137,False,True,100.0,59.593,gps,493807816,1765332138,36.4001186165,127.361243815,0.6400000000000001,0.0,0.0,0.0,0.6400000000000001,0.0,0.0,0.0,2.5600000000000005,1,1,1,0.1,0.0,0.0,0.0,0.0,0.0,0.1,0.0,0.0,0.0,0.0,0.0,0.0,0.0,0.1,0.0,0.0,0.0,0.0,0.0,0.0,0.1,0.0,0.0,0.0,0.0,0.0,0.0,0.0,0.1,0.0,0.0,0.0,0.1,0.0,0.0,0.0,0.0,0.0,-0.0005274739157689171,-0.003854857208348141,1.4137298473628009e-05,excavator_base,571669690,1765332138,True,50.0,False,79.80999755859375,-2.3399999141693115,False,False,-32.849998474121094,-2.259999990463257,False,False,54.56999969482422,-9.319999694824219,False,excavator_base,571777638,1765332138,-8.652000427246094,False,0.0,0.0,0.0,0.0,0.0,0.0,0.0,0.0,0.0,excavator_base,571813609,1765332138,False,False,-8.652000427246094,0.0,0,False,,0,0,0.0,0.0,False,0.0,0.0,0.0,0,False,,0,0,False,0.0,0.0,0,default,1412.0,1303.0,False,1707.0,532.0,False,1491.0,1378.0,False,excavator_base,571733345,1765332138,0.0,0.0,-8.652000427246094,False,True,True,True,0,False,True,0,excavator_base,571868591,1765332138,0,True,0.0,0.0,0.0,0,0,False,0,True,True,24.0,True,8,d,gps,594692643,1765332138,-50.23599999999999,-2.143,1.444,0,0,0.0,59.593,0.0,0.0,0.8,gps,594554997,1765332138,-50.23599999999999,36.40011859,127.36124383766666,0,1,14,0.0,0.0,0,0,0.0,0.0,59.593,36.4001186165,127.361243815,0.0,0.0,0.0,0.0,0.0,0.0,0.0,0.0,0.0,-51.269000000000005,base_link,556301203,1765332138,66.51899719238281,35.895999908447266,102.83100128173828,-8.652000427246094,0.0,-2.131,1.452,0.0,zedx_boom_imu_link,zedx_boom_left_camera_frame,495827300,1765332138,0.999992847442627,0.003616482252255082,0.0005469119059853256,-0.0009107014629989862,0.0,-0.03564900532364845,-0.00014700002793688327
1765332138500000000,-153.15200805664062,excavator_base_link,698720967,1765332138,2.458187136934978,0.9703461211644758,0.0,0.0,0.0,0.0,0.0,127,0,0.0,669472403,1765332138,0.0,4,f,0,4,f,0,4,f,0,59.593,gps,693754335,1765332138,36.400118564,127.3612438585,0.6400000000000001,0.0,0.0,0.0,0.6400000000000001,0.0,0.0,0.0,2.5600000000000005,1,1,1,0.1,0.0,0.0,0.0,0.0,0.0,0.1,0.0,0.0,0.0,0.0,0.0,0.0,0.0,0.1,0.0,0.0,0.0,0.0,0.0,0.0,0.1,0.0,0.0,0.0,0.0,0.0,0.0,0.0,0.1,0.0,0.0,0.0,0.1,0.0,0.0,0.0,0.0,0.0,-0.0005294961046851459,-0.00385321117599962,1.4136298948071632e-05,8,d,gps,694631835,1765332138,-49.28,-2.163,1.447,0,0,-42.1359977722168,4,f,0,4,f,0,4,f,0,4,f,0,-7.61899995803833,-8.100000381469727,False,True,100.0,59.593,gps,593666392,1765332138,36.40011859,127.36124383766666,0.6400000000000001,0.0,0.0,0.0,0.6400000000000001,0.0,0.0,0.0,2.5600000000000005,1,1,1,0.1,0.0,0.0,0.0,0.0,0.0,0.1,0.0,0.0,0.0,0.0,0.0,0.0,0.0,0.1,0.0,0.0,0.0,0.0,0.0,0.0,0.1,0.0,0.0,0.0,0.0,0.0,0.0,0.0,0.1,0.0,0.0,0.0,0.1,0.0,0.0,0.0,0.0,0.0,-0.0005284948779092576,-0.0038540053964845116,1.4136799344765033e-05,excavator_base,670986961,1765332138,True,50.0,False,78.56999969482422,-2.2300000190734863,False,False,-34.5099983215332,-2.240000009536743,False,False,53.540000915527344,-9.109999656677246,False,excavator_base,671101821,1765332138,-7.61899995803833,False,0.0,0.0,0.0,0.0,0.0,0.0,0.0,0.0,0.0,excavator_base,671139073,1765332138,False,False,-7.61899995803833,0.0,0,False,,0,0,0.0,0.0,False,0.0,0.0,0.0,0,False,,0,0,False,0.0,0.0,0,default,1404.0,1304.0,False,1551.0,532.0,False,1494.0,1385.0,False,excavator_base,671056472,1765332138,0.0,0.0,-7.61899995803833,False,True,True,True,0,False,True,0,excavator_base,671198695,1765332138,0,True,0.0,0.0,0.0,0,0,False,0,True,True,24.0,True,8,d,gps,695121486,1765332138,-49.28,-2.163,1.447,0,0,0.0,59.593,0.0,0.0,0.8,gps,694919257,1765332138,-49.28,36.400118564,127.3612438585,0,1,14,0.0,0.0,0,0,0.0,0.0,59.593,36.40011859,127.36124383766666,0.0,0.0,0.0,0.0,0.0,0.0,0.0,0.0,0.0,-50.23599999999999,base_link,656329684,1765332138,66.10900115966797,37.56800079345703,102.6709976196289,-7.61899995803833,0.0,-2.143,1.444,0.0,zedx_boom_imu_link,zedx_boom_left_camera_frame,597359269,1765332138,0.999992847442627,0.003616482252255082,0.0005469119059853256,-0.0009107014629989862,0.0,-0.03564900532364845,-0.00014700002793688327
1765332138600000000,-152.3419952392578,excavator_base_link,798681985,1765332138,2.4608549035503438,0.9953758569076223,0.0,0.0,0.0,0.0,0.0,127,0,0.0,769490419,1765332138,0.0,4,f,0,4,f,0,4,f,0,59.593,gps,794853392,1765332138,36.4001185355,127.36124387616667,0.6400000000000001,0.0,0.0,0.0,0.6400000000000001,0.0,0.0,0.0,2.5600000000000005,1,1,1,0.1,0.0,0.0,0.0,0.0,0.0,0.1,0.0,0.0,0.0,0.0,0.0,0.0,0.0,0.1,0.0,0.0,0.0,0.0,0.0,0.0,0.1,0.0,0.0,0.0,0.0,0.0,0.0,0.0,0.1,0.0,0.0,0.0,0.1,0.0,0.0,0.0,0.0,0.0,-0.0005305951451957577,-0.003852515666958626,1.4135793715512092e-05,8,d,gps,795773105,1765332138,-48.28399999999999,-2.177,1.505,0,0,-42.18000030517578,4,f,0,4,f,0,4,f,0,4,f,0,-6.663000106811523,-7.099999904632568,False,True,100.0,59.593,gps,693754335,1765332138,36.400118564,127.3612438585,0.6400000000000001,0.0,0.0,0.0,0.6400000000000001,0.0,0.0,0.0,2.5600000000000005,1,1,1,0.1,0.0,0.0,0.0,0.0,0.0,0.1,0.0,0.0,0.0,0.0,0.0,0.0,0.0,0.1,0.0,0.0,0.0,0.0,0.0,0.0,0.1,0.0,0.0,0.0,0.0,0.0,0.0,0.0,0.1,0.0,0.0,0.0,0.1,0.0,0.0,0.0,0.0,0.0,-0.0005294961046851459,-0.00385321117599962,1.4136298948071632e-05,excavator_base,770996976,1765332138,True,50.0,False,77.66000366210938,-2.130000114440918,False,False,-35.70000076293945,-2.259999990463257,False,False,52.75,-8.949999809265137,False,excavator_base,771100059,1765332138,-6.663000106811523,False,0.0,0.0,0.0,0.0,0.0,0.0,0.0,0.0,0.0,excavator_base,771135647,1765332138,False,False,-6.663000106811523,0.0,0,False,,0,0,0.0,0.0,False,0.0,0.0,0.0,0,False,,0,0,False,0.0,0.0,0,default,1392.0,1303.0,False,1432.0,532.0,False,1492.0,1408.0,False,excavator_base,771059511,1765332138,0.0,0.0,-6.663000106811523,False,True,True,True,0,False,True,0,excavator_base,771186116,1765332138,0,True,0.0,0.0,0.0,0,0,False,0,True,True,24.0,True,8,d,gps,796263684,1765332138,-48.28399999999999,-2.177,1.505,0,0,0.0,59.593,0.0,0.0,0.8,gps,796055982,1765332138,-48.28399999999999,36.4001185355,127.36124387616667,0,1,14,0.0,0.0,0,0,0.0,0.0,59.593,36.400118564,127.3612438585,0.0,0.0,0.0,0.0,0.0,0.0,0.0,0.0,0.0,-49.28,base_link,756409114,1765332138,66.05899810791016,38.77799987792969,102.5009994506836,-6.663000106811523,0.0,-2.163,1.447,0.0,zedx_boom_imu_link,zedx_boom_left_camera_frame,698682737,1765332138,0.999992847442627,0.003616482252255082,0.0005469119059853256,-0.0009107014629989862,0.0,-0.03564900532364845,-0.00014700002793688327
1765332138700000000,-152.04800415039062,excavator_base_link,899048357,1765332138,2.4579164920108068,1.0099780032773238,0.0,0.0,0.0,0.0,0.0,127,0,0.0,869403912,1765332138,0.0,4,f,0,4,f,0,4,f,0,59.593,gps,893818210,1765332138,36.400118506333335,127.36124389316667,0.6400000000000001,0.0,0.0,0.0,0.6400000000000001,0.0,0.0,0.0,2.5600000000000005,1,1,1,0.1,0.0,0.0,0.0,0.0,0.0,0.1,0.0,0.0,0.0,0.0,0.0,0.0,0.0,0.1,0.0,0.0,0.0,0.0,0.0,0.0,0.1,0.0,0.0,0.0,0.0,0.0,0.0,0.0,0.1,0.0,0.0,0.0,0.1,0.0,0.0,0.0,0.0,0.0,-0.0005317206878543853,-0.003851844375631926,1.413529996876065e-05,8,d,gps,894493065,1765332138,-47.28999999999999,-2.186,1.591,0,0,-42.284000396728516,4,f,0,4,f,0,4,f,0,4,f,0,-5.666999816894531,-6.0,False,True,100.0,59.593,gps,794853392,1765332138,36.4001185355,127.36124387616667,0.6400000000000001,0.0,0.0,0.0,0.6400000000000001,0.0,0.0,0.0,2.5600000000000005,1,1,1,0.1,0.0,0.0,0.0,0.0,0.0,0.1,0.0,0.0,0.0,0.0,0.0,0.0,0.0,0.1,0.0,0.0,0.0,0.0,0.0,0.0,0.1,0.0,0.0,0.0,0.0,0.0,0.0,0.0,0.1,0.0,0.0,0.0,0.1,0.0,0.0,0.0,0.0,0.0,-0.0005305951451957577,-0.003852515666958626,1.4135793715512092e-05,excavator_base,870871682,1765332138,True,50.0,False,77.30999755859375,-2.0299999713897705,False,False,-36.310001373291016,-2.25,False,False,52.470001220703125,-8.779999732971191,False,excavator_base,870973836,1765332138,-5.666999816894531,False,0.0,0.0,0.0,0.0,0.0,0.0,0.0,0.0,0.0,excavator_base,871008400,1765332138,False,False,-5.666999816894531,0.0,0,False,,0,0,0.0,0.0,False,0.0,0.0,0.0,0,False,,0,0,False,0.0,0.0,0,default,1398.0,1306.0,False,1494.0,532.0,False,1499.0,1399.0,False,excavator_base,870934152,1765332138,0.0,0.0,-5.666999816894531,False,True,True,True,0,False,True,0,excavator_base,871060085,1765332138,0,True,0.0,0.0,0.0,0,0,False,0,True,True,24.0,True,8,d,gps,894902964,1765332138,-47.28999999999999,-2.186,1.591,0,0,0.0,59.593,0.0,0.0,0.8,gps,894730594,1765332138,-47.28999999999999,36.400118506333335,127.36124389316667,0,1,14,0.0,0.0,0,0,0.0,0.0,59.593,36.4001185355,127.36124387616667,0.0,0.0,0.0,0.0,0.0,0.0,0.0,0.0,0.0,-48.28399999999999,base_link,856402744,1765332138,66.04900360107422,39.402000427246094,102.4209976196289,-5.666999816894531,0.0,-2.177,1.505,0.0,zedx_boom_imu_link,zedx_boom_left_camera_frame,795117917,1765332138,0.999992847442627,0.003616482252255082,0.0005469119059853256,-0.0009107014629989862,0.0,-0.03564900532364845,-0.00014700002793688327
1765332138800000000,-152.0189971923828,excavator_base_link,999588092,1765332138,2.446178948969164,1.0282125299209322,0.0,0.0,0.0,0.0,0.0,127,0,0.0,969521298,1765332138,0.0,4,f,0,4,f,0,4,f,0,59.593,gps,999179825,1765332138,36.40011848016667,127.36124391116667,0.6400000000000001,0.0,0.0,0.0,0.6400000000000001,0.0,0.0,0.0,2.5600000000000005,1,1,1,0.1,0.0,0.0,0.0,0.0,0.0,0.1,0.0,0.0,0.0,0.0,0.0,0.0,0.0,0.1,0.0,0.0,0.0,0.0,0.0,0.0,0.1,0.0,0.0,0.0,0.0,0.0,0.0,0.0,0.1,0.0,0.0,0.0,0.1,0.0,0.0,0.0,0.0,0.0,-0.0005327272392991789,-0.0038511325928375995,1.4134773343654928e-05,8,d,gps,999958211,1765332138,-46.31800000000001,-2.195,1.618,0,0,-42.290000915527344,4,f,0,4,f,0,4,f,0,4,f,0,-4.672999858856201,-5.0,False,True,100.0,59.593,gps,893818210,1765332138,36.400118506333335,127.36124389316667,0.6400000000000001,0.0,0.0,0.0,0.6400000000000001,0.0,0.0,0.0,2.5600000000000005,1,1,1,0.1,0.0,0.0,0.0,0.0,0.0,0.1,0.0,0.0,0.0,0.0,0.0,0.0,0.0,0.1,0.0,0.0,0.0,0.0,0.0,0.0,0.1,0.0,0.0,0.0,0.0,0.0,0.0,0.0,0.1,0.0,0.0,0.0,0.1,0.0,0.0,0.0,0.0,0.0,-0.0005317206878543853,-0.003851844375631926,1.413529996876065e-05,excavator_base,971723769,1765332138,True,50.0,False,77.19000244140625,-2.1600000858306885,False,False,-36.77000045776367,-2.2899999618530273,False,False,52.45000076293945,-8.850000381469727,False,excavator_base,971828292,1765332138,-4.672999858856201,False,0.0,0.0,0.0,0.0,0.0,0.0,0.0,0.0,0.0,excavator_base,971863527,1765332138,False,False,-4.672999858856201,0.0,0,False,,0,0,0.0,0.0,False,0.0,0.0,0.0,0,False,,0,0,False,0.0,0.0,0,default,1408.0,1306.0,False,1599.0,532.0,False,1499.0,1384.0,False,excavator_base,971787168,1765332138,0.0,0.0,-4.672999858856201,False,True,True,True,0,False,True,0,excavator_base,971915821,1765332138,0,True,0.0,0.0,0.0,0,0,False,0,True,True,24.0,True,8,d,gps,1113116,1765332139,-46.31800000000001,-2.195,1.618,0,0,0.0,59.593,0.0,0.0,0.8,gps,799963,1765332139,-46.31800000000001,36.40011848016667,127.36124391116667,0,1,14,0.0,0.0,0,0,0.0,0.0,59.593,36.400118506333335,127.36124389316667,0.0,0.0,0.0,0.0,0.0,0.0,0.0,0.0,0.0,-47.28999999999999,base_link,966073386,1765332138,65.78900146484375,39.87099838256836,102.32099914550781,-4.672999858856201,0.0,-2.186,1.591,0.0,zedx_boom_imu_link,zedx_boom_left_camera_frame,891312377,1765332138,0.999992847442627,0.003616482252255082,0.0005469119059853256,-0.0009107014629989862,0.0,-0.03564900532364845,-0.00014700002793688327
1765332138900000000,-152.04000854492188,excavator_base_link,98701342,1765332139,2.433545319509154,1.0480597362837532,0.0,0.0,0.0,0.0,0.0,127,0,0.0,69661599,1765332139,0.0,4,f,0,4,f,0,4,f,0,59.593,gps,93879013,1765332139,36.400118459,127.3612439375,0.6400000000000001,0.0,0.0,0.0,0.6400000000000001,0.0,0.0,0.0,2.5600000000000005,1,1,1,0.1,0.0,0.0,0.0,0.0,0.0,0.1,0.0,0.0,0.0,0.0,0.0,0.0,0.0,0.1,0.0,0.0,0.0,0.0,0.0,0.0,0.1,0.0,0.0,0.0,0.0,0.0,0.0,0.0,0.1,0.0,0.0,0.0,0.1,0.0,0.0,0.0,0.0,0.0,-0.0005335396403268662,-0.0038501724802592376,1.4134300724577373e-05,8,d,gps,95023645,1765332139,-45.43199999999999,-2.205,1.604,0,0,-42.417999267578125,4,f,0,4,f,0,4,f,0,4,f,0,-3.7009999752044678,-3.9000000953674316,False,True,100.0,59.593,gps,999179825,1765332138,36.40011848016667,127.36124391116667,0.6400000000000001,0.0,0.0,0.0,0.6400000000000001,0.0,0.0,0.0,2.5600000000000005,1,1,1,0.1,0.0,0.0,0.0,0.0,0.0,0.1,0.0,0.0,0.0,0.0,0.0,0.0,0.0,0.1,0.0,0.0,0.0,0.0,0.0,0.0,0.1,0.0,0.0,0.0,0.0,0.0,0.0,0.0,0.1,0.0,0.0,0.0,0.1,0.0,0.0,0.0,0.0,0.0,-0.0005327272392991789,-0.0038511325928375995,1.4134773343654928e-05,excavator_base,71495519,1765332139,True,50.0,False,77.05000305175781,-2.2799999713897705,False,False,-37.349998474121094,-2.2899999618530273,False,False,52.47999954223633,-8.84000015258789,False,excavator_base,71692564,1765332139,-3.7009999752044678,False,0.0,0.0,0.0,0.0,0.0,0.0,0.0,0.0,0.0,excavator_base,71729208,1765332139,False,False,-3.7009999752044678,0.0,0,False,,0,0,0.0,0.0,False,0.0,0.0,0.0,0,False,,0,0,False,0.0,0.0,0,default,1409.0,1309.0,False,1596.0,528.0,False,1497.0,1383.0,False,excavator_base,71646799,1765332139,0.0,0.0,-3.7009999752044678,False,True,True,True,0,False,True,0,excavator_base,71787198,1765332139,0,True,0.0,0.0,0.0,0,0,False,0,True,True,24.0,True,8,d,gps,95520209,1765332139,-45.43199999999999,-2.205,1.604,0,0,0.0,59.593,0.0,0.0,0.8,gps,95294521,1765332139,-45.43199999999999,36.400118459,127.3612439375,0,1,14,0.0,0.0,0,0,0.0,0.0,59.593,36.40011848016667,127.36124391116667,0.0,0.0,0.0,0.0,0.0,0.0,0.0,0.0,0.0,-46.31800000000001,base_link,56403380,1765332139,65.3290023803711,40.459999084472656,102.18099975585938,-3.7009999752044678,0.0,-2.195,1.618,0.0,zedx_boom_imu_link,zedx_boom_left_camera_frame,997810059,1765332138,0.999992847442627,0.003616482252255082,0.0005469119059853256,-0.0009107014629989862,0.0,-0.03564900532364845,-0.00014700002793688327
1765332139000000000,-152.20999145507812,excavator_base_link,199820209,1765332139,2.422573752034027,1.0563676042499068,0.0,0.0,0.0,0.0,0.0,127,0,0.0,169700898,1765332139,0.0,4,f,0,4,f,0,4,f,0,59.593,gps,193776633,1765332139,36.400118432,127.361243957,0.6400000000000001,0.0,0.0,0.0,0.6400000000000001,0.0,0.0,0.0,2.5600000000000005,1,1,1,0.1,0.0,0.0,0.0,0.0,0.0,0.1,0.0,0.0,0.0,0.0,0.0,0.0,0.0,0.1,0.0,0.0,0.0,0.0,0.0,0.0,0.1,0.0,0.0,0.0,0.0,0.0,0.0,0.0,0.1,0.0,0.0,0.0,0.1,0.0,0.0,0.0,0.0,0.0,-0.0005345797868657468,-0.0038494210157269376,1.4133801927623697e-05,8,d,gps,194428477,1765332139,-44.57900000000001,-2.209,1.657,0,0,-42.231998443603516,4,f,0,4,f,0,4,f,0,4,f,0,-2.815000057220459,-3.200000047683716,False,True,100.0,59.593,gps,93879013,1765332139,36.400118459,127.3612439375,0.6400000000000001,0.0,0.0,0.0,0.6400000000000001,0.0,0.0,0.0,2.5600000000000005,1,1,1,0.1,0.0,0.0,0.0,0.0,0.0,0.1,0.0,0.0,0.0,0.0,0.0,0.0,0.0,0.1,0.0,0.0,0.0,0.0,0.0,0.0,0.1,0.0,0.0,0.0,0.0,0.0,0.0,0.0,0.1,0.0,0.0,0.0,0.1,0.0,0.0,0.0,0.0,0.0,-0.0005335396403268662,-0.0038501724802592376,1.4134300724577373e-05,excavator_base,171367216,1765332139,True,50.0,False,77.22000122070312,-2.3499999046325684,False,False,-37.779998779296875,-2.319999933242798,False,False,52.65999984741211,-8.869999885559082,False,excavator_base,171481660,1765332139,-2.815000057220459,False,0.0,0.0,0.0,0.0,0.0,0.0,0.0,0.0,0.0,excavator_base,171517632,1765332139,False,False,-2.815000057220459,0.0,0,False,,0,0,0.0,0.0,False,0.0,0.0,0.0,0,False,,0,0,False,0.0,0.0,0,default,1384.0,1304.0,False,1460.0,528.0,False,1498.0,1399.0,False,excavator_base,171437879,1765332139,0.0,0.0,-2.815000057220459,False,True,True,True,0,False,True,0,excavator_base,171569989,1765332139,0,True,0.0,0.0,0.0,0,0,False,0,True,True,24.0,True,8,d,gps,195124870,1765332139,-44.57900000000001,-2.209,1.657,0,0,0.0,59.593,0.0,0.0,0.8,gps,194947603,1765332139,-44.57900000000001,36.400118432,127.361243957,0,1,14,0.0,0.0,0,0,0.0,0.0,59.593,36.400118459,127.3612439375,0.0,0.0,0.0,0.0,0.0,0.0,0.0,0.0,0.0,-45.43199999999999,base_link,156364142,1765332139,64.96900177001953,40.900001525878906,102.09100341796875,-2.815000057220459,0.0,-2.205,1.604,0.0,zedx_boom_imu_link,zedx_boom_left_camera_frame,99122241,1765332139,0.999992847442627,0.003616482252255082,0.0005469119059853256,-0.0009107014629989862,0.0,-0.03564900532364845,-0.00014700002793688327
1765332139100000000,-152.5959930419922,excavator_base_link,298666838,1765332139,2.4033603602597915,1.0517254434498604,0.0,0.0,0.0,0.0,0.0,127,0,0.0,269530862,1765332139,0.0,4,f,0,4,f,0,4,f,0,59.593,gps,293367212,1765332139,36.40011840583333,127.36124397016667,0.6400000000000001,0.0,0.0,0.0,0.6400000000000001,0.0,0.0,0.0,2.5600000000000005,1,1,1,0.1,0.0,0.0,0.0,0.0,0.0,0.1,0.0,0.0,0.0,0.0,0.0,0.0,0.0,0.1,0.0,0.0,0.0,0.0,0.0,0.0,0.1,0.0,0.0,0.0,0.0,0.0,0.0,0.0,0.1,0.0,0.0,0.0,0.1,0.0,0.0,0.0,0.0,0.0,-0.0005355872164114212,-0.00384886981806763,1.413330421122436e-05,8,d,gps,294089431,1765332139,-43.757000000000005,-2.216,1.716,0,0,-42.479000091552734,4,f,0,4,f,0,4,f,0,4,f,0,-1.9620000123977661,-2.0999999046325684,False,True,100.0,59.593,gps,193776633,1765332139,36.400118432,127.361243957,0.6400000000000001,0.0,0.0,0.0,0.6400000000000001,0.0,0.0,0.0,2.5600000000000005,1,1,1,0.1,0.0,0.0,0.0,0.0,0.0,0.1,0.0,0.0,0.0,0.0,0.0,0.0,0.0,0.1,0.0,0.0,0.0,0.0,0.0,0.0,0.1,0.0,0.0,0.0,0.0,0.0,0.0,0.0,0.1,0.0,0.0,0.0,0.1,0.0,0.0,0.0,0.0,0.0,-0.0005345797868657468,-0.0038494210157269376,1.4133801927623697e-05,excavator_base,270974885,1765332139,True,50.0,False,78.11000061035156,-2.299999952316284,False,False,-37.779998779296875,-2.319999933242798,False,False,53.04999923706055,-8.779999732971191,False,excavator_base,271093842,1765332139,-1.9620000123977661,False,0.0,0.0,0.0,0.0,0.0,0.0,0.0,0.0,0.0,excavator_base,271138710,1765332139,False,False,-1.9620000123977661,0.0,0,False,,0,0,0.0,0.0,False,0.0,0.0,0.0,0,False,,0,0,False,0.0,0.0,0,default,1340.0,1305.0,False,1449.0,528.0,False,1495.0,1346.0,False,excavator_base,271044460,1765332139,0.0,0.0,-1.9620000123977661,False,True,True,True,0,False,True,0,excavator_base,271203325,1765332139,0,True,0.0,0.0,0.0,0,0,False,0,True,True,24.0,True,8,d,gps,294463327,1765332139,-43.757000000000005,-2.216,1.716,0,0,0.0,59.593,0.0,0.0,0.8,gps,294310351,1765332139,-43.757000000000005,36.40011840583333,127.36124397016667,0,1,14,0.0,0.0,0,0,0.0,0.0,59.593,36.400118432,127.361243957,0.0,0.0,0.0,0.0,0.0,0.0,0.0,0.0,0.0,-44.57900000000001,base_link,256455638,1765332139,64.42900085449219,40.90399932861328,102.27100372314453,-1.9620000123977661,0.0,-2.209,1.657,0.0,zedx_boom_imu_link,zedx_boom_left_camera_frame,190335926,1765332139,0.999992847442627,0.003616482252255082,0.0005469119059853256,-0.0009107014629989862,0.0,-0.03564900532364845,-0.00014700002793688327
1765332139200000000,-152.73899841308594,excavator_base_link,399046204,1765332139,2.3794353844701583,1.046797807116915,0.0,0.0,0.0,0.0,0.0,127,0,0.0,369475174,1765332139,0.0,4,f,0,4,f,0,4,f,0,59.592,gps,393958120,1765332139,36.40011838033333,127.36124399033334,0.6400000000000001,0.0,0.0,0.0,0.6400000000000001,0.0,0.0,0.0,2.5600000000000005,1,1,1,0.1,0.0,0.0,0.0,0.0,0.0,0.1,0.0,0.0,0.0,0.0,0.0,0.0,0.0,0.1,0.0,0.0,0.0,0.0,0.0,0.0,0.1,0.0,0.0,0.0,0.0,0.0,0.0,0.0,0.1,0.0,0.0,0.0,0.1,0.0,0.0,0.0,0.0,0.0,-0.0005365681983887147,-0.00384809603620367,1.3779480436320818e-05,8,d,gps,395098623,1765332139,-42.90199999999999,-2.226,1.758,0,0,-42.65700149536133,4,f,0,4,f,0,4,f,0,4,f,0,-1.1399999856948853,-1.100000023841858,False,True,100.0,59.593,gps,293367212,1765332139,36.40011840583333,127.36124397016667,0.6400000000000001,0.0,0.0,0.0,0.6400000000000001,0.0,0.0,0.0,2.5600000000000005,1,1,1,0.1,0.0,0.0,0.0,0.0,0.0,0.1,0.0,0.0,0.0,0.0,0.0,0.0,0.0,0.1,0.0,0.0,0.0,0.0,0.0,0.0,0.1,0.0,0.0,0.0,0.0,0.0,0.0,0.0,0.1,0.0,0.0,0.0,0.1,0.0,0.0,0.0,0.0,0.0,-0.0005355872164114212,-0.00384886981806763,1.413330421122436e-05,excavator_base,370923230,1765332139,True,50.0,False,79.1500015258789,-2.3399999141693115,False,False,-37.650001525878906,-2.319999933242798,False,False,53.20000076293945,-8.710000038146973,False,excavator_base,371023976,1765332139,-1.1399999856948853,False,0.0,0.0,0.0,0.0,0.0,0.0,0.0,0.0,0.0,excavator_base,371057292,1765332139,False,False,-1.1399999856948853,0.0,0,False,,0,0,0.0,0.0,False,0.0,0.0,0.0,0,False,,0,0,False,0.0,0.0,0,default,1279.0,1307.0,False,1564.0,528.0,False,1498.0,1258.0,False,excavator_base,370984484,1765332139,0.0,0.0,-1.1399999856948853,False,True,True,True,0,False,True,0,excavator_base,371110482,1765332139,0,True,0.0,0.0,0.0,0,0,False,0,True,True,24.0,True,8,d,gps,395610165,1765332139,-42.90199999999999,-2.226,1.758,0,0,0.0,59.592,0.0,0.0,0.8,gps,395392574,1765332139,-42.90199999999999,36.40011838033333,127.36124399033334,0,1,14,0.0,0.0,0,0,0.0,0.0,59.593,36.40011840583333,127.36124397016667,0.0,0.0,0.0,0.0,0.0,0.0,0.0,0.0,0.0,-43.757000000000005,base_link,356414896,1765332139,63.48899841308594,40.78099822998047,102.95099639892578,-1.1399999856948853,0.0,-2.216,1.716,0.0,zedx_boom_imu_link,zedx_boom_left_camera_frame,296683282,1765332139,0.999992847442627,0.003616482252255082,0.0005469119059853256,-0.0009107014629989862,0.0,-0.03564900532364845,-0.00014700002793688327
1765332139300000000,-151.4290008544922,excavator_base_link,498749179,1765332139,2.3665698595217948,1.0330721305232882,0.0,0.0,0.0,0.0,0.0,127,0,0.0,469616979,1765332139,0.0,4,f,0,4,f,0,4,f,0,59.592,gps,494008779,1765332139,36.400118358166665,127.36124401133333,0.6400000000000001,0.0,0.0,0.0,0.6400000000000001,0.0,0.0,0.0,2.5600000000000005,1,1,1,0.1,0.0,0.0,0.0,0.0,0.0,0.1,0.0,0.0,0.0,0.0,0.0,0.0,0.0,0.1,0.0,0.0,0.0,0.0,0.0,0.0,0.1,0.0,0.0,0.0,0.0,0.0,0.0,0.0,0.1,0.0,0.0,0.0,0.1,0.0,0.0,0.0,0.0,0.0,-0.0005374185967769832,-0.0038472975090114727,1.3778994688402128e-05,8,d,gps,494818464,1765332139,-42.077,-2.225,1.755,0,0,-42.902000427246094,4,f,0,4,f,0,4,f,0,4,f,0,0.0,0.0,False,True,100.0,59.592,gps,393958120,1765332139,36.40011838033333,127.36124399033334,0.6400000000000001,0.0,0.0,0.0,0.6400000000000001,0.0,0.0,0.0,2.5600000000000005,1,1,1,0.1,0.0,0.0,0.0,0.0,0.0,0.1,0.0,0.0,0.0,0.0,0.0,0.0,0.0,0.1,0.0,0.0,0.0,0.0,0.0,0.0,0.1,0.0,0.0,0.0,0.0,0.0,0.0,0.0,0.1,0.0,0.0,0.0,0.1,0.0,0.0,0.0,0.0,0.0,-0.0005365681983887147,-0.00384809603620367,1.3779480436320818e-05,excavator_base,470925372,1765332139,True,50.0,False,79.8499984741211,-2.4100000858306885,False,False,-37.7599983215332,-2.359999895095825,False,False,51.900001525878906,-8.739999771118164,False,excavator_base,471036104,1765332139,0.0,False,0.0,0.0,0.0,0.0,0.0,0.0,0.0,0.0,0.0,excavator_base,471074060,1765332139,False,False,0.0,0.0,0,False,,0,0,0.0,0.0,False,0.0,0.0,0.0,0,False,,0,0,False,0.0,0.0,0,default,1142.0,1308.0,False,1599.0,528.0,False,1496.0,1163.0,False,excavator_base,470991395,1765332139,0.0,0.0,0.0,False,True,True,True,0,False,True,0,excavator_base,471134258,1765332139,0,True,0.0,0.0,0.0,0,0,False,0,True,True,24.0,True,8,d,gps,495222538,1765332139,-42.077,-2.225,1.755,0,0,0.0,59.592,0.0,0.0,0.8,gps,495070747,1765332139,-42.077,36.400118358166665,127.36124401133333,0,1,14,0.0,0.0,0,0,0.0,0.0,59.592,36.40011838033333,127.36124399033334,0.0,0.0,0.0,0.0,0.0,0.0,0.0,0.0,0.0,-42.90199999999999,base_link,456284065,1765332139,62.51900100708008,40.9010009765625,104.36100006103516,-0.2849999964237213,0.0,-2.226,1.758,0.0,zedx_boom_imu_link,zedx_boom_left_camera_frame,397923960,1765332139,0.999992847442627,0.003616482252255082,0.0005469119059853256,-0.0009107014629989862,0.0,-0.03564900532364845,-0.00014700002793688327
1765332139400000000,-149.60000610351562,excavator_base_link,598711190,1765332139,2.349121144953121,1.005551963711395,0.0,0.0,0.0,0.0,0.0,127,0,0.0,569541610,1765332139,0.0,4,f,0,4,f,0,4,f,0,59.592,gps,593915136,1765332139,36.4001183365,127.36124402883334,0.6400000000000001,0.0,0.0,0.0,0.6400000000000001,0.0,0.0,0.0,2.5600000000000005,1,1,1,0.1,0.0,0.0,0.0,0.0,0.0,0.1,0.0,0.0,0.0,0.0,0.0,0.0,0.0,0.1,0.0,0.0,0.0,0.0,0.0,0.0,0.1,0.0,0.0,0.0,0.0,0.0,0.0,0.0,0.1,0.0,0.0,0.0,0.1,0.0,0.0,0.0,0.0,0.0,-0.0005382493169251816,-0.003846609439145518,1.3778508710113765e-05,8,d,gps,594576229,1765332139,-41.315,-2.235,1.791,0,0,-42.37699890136719,4,f,0,4,f,0,4,f,0,4,f,0,0.824999988079071,0.30000001192092896,False,True,100.0,59.592,gps,494008779,1765332139,36.400118358166665,127.36124401133333,0.6400000000000001,0.0,0.0,0.0,0.6400000000000001,0.0,0.0,0.0,2.5600000000000005,1,1,1,0.1,0.0,0.0,0.0,0.0,0.0,0.1,0.0,0.0,0.0,0.0,0.0,0.0,0.0,0.1,0.0,0.0,0.0,0.0,0.0,0.0,0.1,0.0,0.0,0.0,0.0,0.0,0.0,0.0,0.1,0.0,0.0,0.0,0.1,0.0,0.0,0.0,0.0,0.0,-0.0005374185967769832,-0.0038472975090114727,1.3778994688402128e-05,excavator_base,570947293,1765332139,True,50.0,False,81.0999984741211,-2.3299999237060547,False,False,-37.93000030517578,-2.3499999046325684,False,False,50.06999969482422,-8.550000190734863,False,excavator_base,571047911,1765332139,0.824999988079071,False,0.0,0.0,0.0,0.0,0.0,0.0,0.0,0.0,0.0,excavator_base,571082379,1765332139,False,False,0.824999988079071,0.0,0,False,,0,0,0.0,0.0,False,0.0,0.0,0.0,0,False,,0,0,False,0.0,0.0,0,default,1099.0,1304.0,False,1479.0,527.0,False,1493.0,1009.0,False,excavator_base,571008963,1765332139,0.0,0.0,0.824999988079071,False,True,True,True,0,False,True,0,excavator_base,571133648,1765332139,0,True,0.0,0.0,0.0,0,0,False,0,True,True,24.0,True,8,d,gps,594948108,1765332139,-41.315,-2.235,1.791,0,0,0.0,59.592,0.0,0.0,0.8,gps,594797436,1765332139,-41.315,36.4001183365,127.36124402883334,0,1,14,0.0,0.0,0,0,0.0,0.0,59.592,36.400118358166665,127.36124401133333,0.0,0.0,0.0,0.0,0.0,0.0,0.0,0.0,0.0,-42.077,base_link,556331076,1765332139,61.53900146484375,41.06999969482422,106.88099670410156,0.824999988079071,0.0,-2.225,1.755,0.0,zedx_boom_imu_link,zedx_boom_left_camera_frame,499353817,1765332139,0.999992847442627,0.003616482252255082,0.0005469119059853256,-0.0009107014629989862,0.0,-0.03564900532364845,-0.00014700002793688327
1765332139500000000,-149.0,excavator_base_link,648749865,1765332139,2.3348468470492554,0.9923975589557176,0.0,0.0,0.0,0.0,0.0,127,0,0.0,674847443,1765332139,0.0,4,f,0,4,f,0,4,f,0,59.591,gps,693955650,1765332139,36.40011831583333,127.36124404566667,0.6400000000000001,0.0,0.0,0.0,0.6400000000000001,0.0,0.0,0.0,2.5600000000000005,1,1,1,0.1,0.0,0.0,0.0,0.0,0.0,0.1,0.0,0.0,0.0,0.0,0.0,0.0,0.0,0.1,0.0,0.0,0.0,0.0,0.0,0.0,0.1,0.0,0.0,0.0,0.0,0.0,0.0,0.0,0.1,0.0,0.0,0.0,0.1,0.0,0.0,0.0,0.0,0.0,-0.0005390407179752646,-0.0038459421305811793,1.3424738978838529e-05,8,d,gps,694651723,1765332139,-40.584,-2.241,1.849,0,0,-42.915000915527344,4,f,0,4,f,0,4,f,0,4,f,0,1.5870000123977661,1.600000023841858,False,True,100.0,59.592,gps,593915136,1765332139,36.4001183365,127.36124402883334,0.6400000000000001,0.0,0.0,0.0,0.6400000000000001,0.0,0.0,0.0,2.5600000000000005,1,1,1,0.1,0.0,0.0,0.0,0.0,0.0,0.1,0.0,0.0,0.0,0.0,0.0,0.0,0.0,0.1,0.0,0.0,0.0,0.0,0.0,0.0,0.1,0.0,0.0,0.0,0.0,0.0,0.0,0.0,0.1,0.0,0.0,0.0,0.1,0.0,0.0,0.0,0.0,0.0,-0.0005382493169251816,-0.003846609439145518,1.3778508710113765e-05,excavator_base,673118430,1765332139,True,50.0,False,82.9000015258789,-2.190000057220459,False,False,-37.869998931884766,-2.3399999141693115,False,False,48.869998931884766,-8.3100004196167,False,excavator_base,673255405,1765332139,1.5870000123977661,False,0.0,0.0,0.0,0.0,0.0,0.0,0.0,0.0,0.0,excavator_base,673298865,1765332139,False,False,1.5870000123977661,0.0,0,False,,0,0,0.0,0.0,False,0.0,0.0,0.0,0,False,,0,0,False,0.0,0.0,0,default,1088.0,1307.0,False,1492.0,527.0,False,1495.0,999.0,False,excavator_base,673205799,1765332139,0.0,0.0,1.5870000123977661,False,True,True,True,0,False,True,0,excavator_base,673366808,1765332139,0,True,0.0,0.0,0.0,0,0,False,0,True,True,24.0,True,8,d,gps,695019762,1765332139,-40.584,-2.241,1.849,0,0,0.0,59.591,0.0,0.0,0.8,gps,694873858,1765332139,-40.584,36.40011831583333,127.36124404566667,0,1,14,0.0,0.0,0,0,0.0,0.0,59.592,36.4001183365,127.36124402883334,0.0,0.0,0.0,0.0,0.0,0.0,0.0,0.0,0.0,-41.315,base_link,656654596,1765332139,59.94900131225586,41.02000045776367,110.03099822998047,1.5870000123977661,0.0,-2.235,1.791,0.0,zedx_boom_imu_link,zedx_boom_left_camera_frame,585325556,1765332139,0.999992847442627,0.003616482252255082,0.0005469119059853256,-0.0009107014629989862,0.0,-0.03564900532364845,-0.00014700002793688327
1765332139600000000,-145.7740020751953,excavator_base_link,798794299,1765332139,2.3081962237830407,0.9457270471836994,0.0,0.0,0.0,0.0,0.0,127,0,0.0,770268434,1765332139,0.0,4,f,0,4,f,0,4,f,0,59.591,gps,795272618,1765332139,36.400118294,127.361244063,0.6400000000000001,0.0,0.0,0.0,0.6400000000000001,0.0,0.0,0.0,2.5600000000000005,1,1,1,0.1,0.0,0.0,0.0,0.0,0.0,0.1,0.0,0.0,0.0,0.0,0.0,0.0,0.0,0.1,0.0,0.0,0.0,0.0,0.0,0.0,0.1,0.0,0.0,0.0,0.0,0.0,0.0,0.0,0.1,0.0,0.0,0.0,0.1,0.0,0.0,0.0,0.0,0.0,-0.00053987753933116,-0.0038452571504581055,1.3424257612563242e-05,8,d,gps,796240335,1765332139,-39.82599999999999,-2.25,1.851,0,0,-42.38399887084961,4,f,0,4,f,0,4,f,0,4,f,0,2.318000078201294,1.7999999523162842,False,True,100.0,59.591,gps,693955650,1765332139,36.40011831583333,127.36124404566667,0.6400000000000001,0.0,0.0,0.0,0.6400000000000001,0.0,0.0,0.0,2.5600000000000005,1,1,1,0.1,0.0,0.0,0.0,0.0,0.0,0.1,0.0,0.0,0.0,0.0,0.0,0.0,0.0,0.1,0.0,0.0,0.0,0.0,0.0,0.0,0.1,0.0,0.0,0.0,0.0,0.0,0.0,0.0,0.1,0.0,0.0,0.0,0.1,0.0,0.0,0.0,0.0,0.0,-0.0005390407179752646,-0.0038459421305811793,1.3424738978838529e-05,excavator_base,771927136,1765332139,True,50.0,False,84.16000366210938,-2.3299999237060547,False,False,-37.84000015258789,-2.3399999141693115,False,False,46.2599983215332,-8.239999771118164,False,excavator_base,772039692,1765332139,2.318000078201294,False,0.0,0.0,0.0,0.0,0.0,0.0,0.0,0.0,0.0,excavator_base,772077263,1765332139,False,False,2.318000078201294,0.0,0,False,,0,0,0.0,0.0,False,0.0,0.0,0.0,0,False,,0,0,False,0.0,0.0,0,default,1118.0,1306.0,False,1587.0,527.0,False,1496.0,1218.0,False,excavator_base,771997639,1765332139,0.0,0.0,2.318000078201294,False,True,True,True,0,False,True,0,excavator_base,772132853,1765332139,0,True,0.0,0.0,0.0,0,0,False,0,True,True,24.0,True,8,d,gps,796654779,1765332139,-39.82599999999999,-2.25,1.851,0,0,0.0,59.591,0.0,0.0,0.8,gps,796505995,1765332139,-39.82599999999999,36.400118294,127.361244063,0,1,14,0.0,0.0,0,0,0.0,0.0,59.591,36.40011831583333,127.36124404566667,0.0,0.0,0.0,0.0,0.0,0.0,0.0,0.0,0.0,-40.584,base_link,756417929,1765332139,58.27899932861328,40.99599838256836,113.28099822998047,2.318000078201294,0.0,-2.241,1.849,0.0,zedx_boom_imu_link,zedx_boom_left_camera_frame,696882097,1765332139,0.999992847442627,0.003616482252255082,0.0005469119059853256,-0.0009107014629989862,0.0,-0.03564900532364845,-0.00014700002793688327
1765332139700000000,-140.06500244140625,excavator_base_link,899633873,1765332139,2.349351016452524,0.8857489547700943,0.0,0.0,0.0,0.0,0.0,127,0,0.0,869400886,1765332139,0.0,4,f,0,4,f,0,4,f,0,59.591,gps,894094285,1765332139,36.400118277833336,127.36124408666667,0.6400000000000001,0.0,0.0,0.0,0.6400000000000001,0.0,0.0,0.0,2.5600000000000005,1,1,1,0.1,0.0,0.0,0.0,0.0,0.0,0.1,0.0,0.0,0.0,0.0,0.0,0.0,0.0,0.1,0.0,0.0,0.0,0.0,0.0,0.0,0.1,0.0,0.0,0.0,0.0,0.0,0.0,0.0,0.1,0.0,0.0,0.0,0.1,0.0,0.0,0.0,0.0,0.0,-0.0005404926492407789,-0.0038443762246829793,1.3423789872797936e-05,8,d,gps,894842651,1765332139,-39.19999999999999,-2.251,1.88,0,0,-42.22600173950195,4,f,0,4,f,0,4,f,0,4,f,0,3.0759999752044678,2.4000000953674316,False,True,100.0,59.591,gps,795272618,1765332139,36.400118294,127.361244063,0.6400000000000001,0.0,0.0,0.0,0.6400000000000001,0.0,0.0,0.0,2.5600000000000005,1,1,1,0.1,0.0,0.0,0.0,0.0,0.0,0.1,0.0,0.0,0.0,0.0,0.0,0.0,0.0,0.1,0.0,0.0,0.0,0.0,0.0,0.0,0.1,0.0,0.0,0.0,0.0,0.0,0.0,0.0,0.1,0.0,0.0,0.0,0.1,0.0,0.0,0.0,0.0,0.0,-0.00053987753933116,-0.0038452571504581055,1.3424257612563242e-05,excavator_base,871033857,1765332139,True,50.0,False,84.30000305175781,-2.3399999141693115,False,False,-38.0099983215332,-2.369999885559082,False,False,40.560001373291016,-8.350000381469727,False,excavator_base,871144812,1765332139,3.0759999752044678,False,0.0,0.0,0.0,0.0,0.0,0.0,0.0,0.0,0.0,excavator_base,871180688,1765332139,False,False,3.0759999752044678,0.0,0,False,,0,0,0.0,0.0,False,0.0,0.0,0.0,0,False,,0,0,False,0.0,0.0,0,default,1190.0,1308.0,False,1576.0,527.0,False,1498.0,1480.0,False,excavator_base,871101160,1765332139,0.0,0.0,3.0759999752044678,False,True,True,True,0,False,True,0,excavator_base,871234326,1765332139,0,True,0.0,0.0,0.0,0,0,False,0,True,True,24.0,True,8,d,gps,895803968,1765332139,-39.19999999999999,-2.251,1.88,0,0,0.0,59.591,0.0,0.0,0.8,gps,895548773,1765332139,-39.19999999999999,36.400118277833336,127.36124408666667,0,1,14,0.0,0.0,0,0,0.0,0.0,59.591,36.400118294,127.361244063,0.0,0.0,0.0,0.0,0.0,0.0,0.0,0.0,0.0,-39.82599999999999,base_link,857349193,1765332139,57.499000549316406,41.17499923706055,118.1510009765625,3.0759999752044678,0.0,-2.25,1.851,0.0,zedx_boom_imu_link,zedx_boom_left_camera_frame,798694659,1765332139,0.999992847442627,0.003616482252255082,0.0005469119059853256,-0.0009107014629989862,0.0,-0.03564900532364845,-0.00014700002793688327
1765332139800000000,-134.29400634765625,excavator_base_link,999390549,1765332139,2.407229154419553,0.8235568956442227,0.0,0.0,0.0,0.0,0.0,127,0,0.0,969407413,1765332139,0.0,4,f,0,4,f,0,4,f,0,59.591,gps,994155474,1765332139,36.4001182635,127.36124410266666,0.6400000000000001,0.0,0.0,0.0,0.6400000000000001,0.0,0.0,0.0,2.5600000000000005,1,1,1,0.1,0.0,0.0,0.0,0.0,0.0,0.1,0.0,0.0,0.0,0.0,0.0,0.0,0.0,0.1,0.0,0.0,0.0,0.0,0.0,0.0,0.1,0.0,0.0,0.0,0.0,0.0,0.0,0.0,0.1,0.0,0.0,0.0,0.1,0.0,0.0,0.0,0.0,0.0,-0.0005410355554382178,-0.0038437353627778148,1.3423315327141444e-05,8,d,gps,994899328,1765332139,-38.63300000000001,-2.252,1.91,0,0,-42.900001525878906,4,f,0,4,f,0,4,f,0,4,f,0,3.7019999027252197,3.700000047683716,False,True,100.0,59.591,gps,894094285,1765332139,36.400118277833336,127.36124408666667,0.6400000000000001,0.0,0.0,0.0,0.6400000000000001,0.0,0.0,0.0,2.5600000000000005,1,1,1,0.1,0.0,0.0,0.0,0.0,0.0,0.1,0.0,0.0,0.0,0.0,0.0,0.0,0.0,0.1,0.0,0.0,0.0,0.0,0.0,0.0,0.1,0.0,0.0,0.0,0.0,0.0,0.0,0.0,0.1,0.0,0.0,0.0,0.1,0.0,0.0,0.0,0.0,0.0,-0.0005404926492407789,-0.0038443762246829793,1.3423789872797936e-05,excavator_base,970912274,1765332139,True,50.0,False,84.29000091552734,-2.299999952316284,False,False,-38.099998474121094,-2.369999885559082,False,False,34.790000915527344,-8.25,False,excavator_base,971009404,1765332139,3.7019999027252197,False,0.0,0.0,0.0,0.0,0.0,0.0,0.0,0.0,0.0,excavator_base,971044128,1765332139,False,False,3.7019999027252197,0.0,0,False,,0,0,0.0,0.0,False,0.0,0.0,0.0,0,False,,0,0,False,0.0,0.0,0,default,1224.0,1308.0,False,1494.0,527.0,False,1496.0,1371.0,False,excavator_base,970970712,1765332139,0.0,0.0,3.7019999027252197,False,True,True,True,0,False,True,0,excavator_base,971095301,1765332139,0,True,0.0,0.0,0.0,0,0,False,0,True,True,24.0,True,8,d,gps,995370065,1765332139,-38.63300000000001,-2.252,1.91,0,0,0.0,59.591,0.0,0.0,0.8,gps,995169884,1765332139,-38.63300000000001,36.4001182635,127.36124410266666,0,1,14,0.0,0.0,0,0,0.0,0.0,59.591,36.400118277833336,127.36124408666667,0.0,0.0,0.0,0.0,0.0,0.0,0.0,0.0,0.0,-39.19999999999999,base_link,958593545,1765332139,57.44900131225586,41.26599884033203,124.19100189208984,3.7019999027252197,0.0,-2.251,1.88,0.0,zedx_boom_imu_link,zedx_boom_left_camera_frame,890379609,1765332139,0.999992847442627,0.003616482252255082,0.0005469119059853256,-0.0009107014629989862,0.0,-0.03564900532364845,-0.00014700002793688327
1765332139900000000,-129.02301025390625,excavator_base_link,99538883,1765332140,2.44927539666566,0.7692039510140913,0.0,0.0,0.0,0.0,0.0,127,0,0.0,69657837,1765332140,0.0,4,f,0,4,f,0,4,f,0,59.59,gps,94176850,1765332140,36.40011824816666,127.3612441205,0.6400000000000001,0.0,0.0,0.0,0.6400000000000001,0.0,0.0,0.0,2.5600000000000005,1,1,1,0.1,0.0,0.0,0.0,0.0,0.0,0.1,0.0,0.0,0.0,0.0,0.0,0.0,0.0,0.1,0.0,0.0,0.0,0.0,0.0,0.0,0.1,0.0,0.0,0.0,0.0,0.0,0.0,0.0,0.1,0.0,0.0,0.0,0.1,0.0,0.0,0.0,0.0,0.0,-0.0005416175571802163,-0.003843036157067031,1.306960635798443e-05,8,d,gps,95747351,1765332140,-38.09299999999999,-2.26,1.936,0,0,-42.53300094604492,4,f,0,4,f,0,4,f,0,4,f,0,4.269000053405762,3.9000000953674316,False,True,100.0,59.591,gps,994155474,1765332139,36.4001182635,127.36124410266666,0.6400000000000001,0.0,0.0,0.0,0.6400000000000001,0.0,0.0,0.0,2.5600000000000005,1,1,1,0.1,0.0,0.0,0.0,0.0,0.0,0.1,0.0,0.0,0.0,0.0,0.0,0.0,0.0,0.1,0.0,0.0,0.0,0.0,0.0,0.0,0.1,0.0,0.0,0.0,0.0,0.0,0.0,0.0,0.1,0.0,0.0,0.0,0.1,0.0,0.0,0.0,0.0,0.0,-0.0005410355554382178,-0.0038437353627778148,1.3423315327141444e-05,excavator_base,72121391,1765332140,True,50.0,False,84.9800033569336,-2.2899999618530273,False,False,-38.04999923706055,-2.369999885559082,False,False,29.520000457763672,-8.140000343322754,False,excavator_base,72242011,1765332140,4.269000053405762,False,0.0,0.0,0.0,0.0,0.0,0.0,0.0,0.0,0.0,excavator_base,72282528,1765332140,False,False,4.269000053405762,0.0,0,False,,0,0,0.0,0.0,False,0.0,0.0,0.0,0,False,,0,0,False,0.0,0.0,0,default,1095.0,1308.0,False,1512.0,513.0,False,1498.0,1236.0,False,excavator_base,72195286,1765332140,0.0,0.0,4.269000053405762,False,True,True,True,0,False,True,0,excavator_base,72339110,1765332140,0,True,0.0,0.0,0.0,0,0,False,0,True,True,24.0,True,8,d,gps,96334964,1765332140,-38.09299999999999,-2.26,1.936,0,0,0.0,59.59,0.0,0.0,0.8,gps,96109372,1765332140,-38.09299999999999,36.40011824816666,127.3612441205,0,1,14,0.0,0.0,0,0,0.0,0.0,59.591,36.4001182635,127.36124410266666,0.0,0.0,0.0,0.0,0.0,0.0,0.0,0.0,0.0,-38.63300000000001,base_link,57124142,1765332140,57.14899826049805,41.21699905395508,130.11099243164062,4.269000053405762,0.0,-2.252,1.91,0.0,zedx_boom_imu_link,zedx_boom_left_camera_frame,999202656,1765332139,0.999992847442627,0.003616482252255082,0.0005469119059853256,-0.0009107014629989862,0.0,-0.03564900532364845,-0.00014700002793688327
1765332140000000000,-124.14500427246094,excavator_base_link,198703274,1765332140,2.4851906000542145,0.7242743552718606,0.0,0.0,0.0,0.0,0.0,127,0,0.0,169439764,1765332140,0.0,4,f,0,4,f,0,4,f,0,59.59,gps,194005599,1765332140,36.400118239166666,127.361244134,0.6400000000000001,0.0,0.0,0.0,0.6400000000000001,0.0,0.0,0.0,2.5600000000000005,1,1,1,0.1,0.0,0.0,0.0,0.0,0.0,0.1,0.0,0.0,0.0,0.0,0.0,0.0,0.0,0.1,0.0,0.0,0.0,0.0,0.0,0.0,0.1,0.0,0.0,0.0,0.0,0.0,0.0,0.0,0.1,0.0,0.0,0.0,0.1,0.0,0.0,0.0,0.0,0.0,-0.0005419514119112875,-0.0038424752272395004,1.3069147581807753e-05,8,d,gps,194799858,1765332140,-37.54599999999999,-2.261,1.95,0,0,-42.59299850463867,4,f,0,4,f,0,4,f,0,4,f,0,4.809000015258789,4.5,False,True,100.0,59.59,gps,94176850,1765332140,36.40011824816666,127.3612441205,0.6400000000000001,0.0,0.0,0.0,0.6400000000000001,0.0,0.0,0.0,2.5600000000000005,1,1,1,0.1,0.0,0.0,0.0,0.0,0.0,0.1,0.0,0.0,0.0,0.0,0.0,0.0,0.0,0.1,0.0,0.0,0.0,0.0,0.0,0.0,0.1,0.0,0.0,0.0,0.0,0.0,0.0,0.0,0.1,0.0,0.0,0.0,0.1,0.0,0.0,0.0,0.0,0.0,-0.0005416175571802163,-0.003843036157067031,1.306960635798443e-05,excavator_base,173719924,1765332140,True,50.0,False,85.87999725341797,-2.4100000858306885,False,False,-38.02000045776367,-2.380000114440918,False,False,24.649999618530273,-8.130000114440918,False,excavator_base,173875812,1765332140,4.809000015258789,False,0.0,0.0,0.0,0.0,0.0,0.0,0.0,0.0,0.0,excavator_base,173926826,1765332140,False,False,4.809000015258789,0.0,0,False,,0,0,0.0,0.0,False,0.0,0.0,0.0,0,False,,0,0,False,0.0,0.0,0,default,1099.0,1307.0,False,1521.0,513.0,False,1497.0,1287.0,False,excavator_base,173812446,1765332140,0.0,0.0,4.809000015258789,False,True,True,True,0,False,True,0,excavator_base,174011731,1765332140,0,True,0.0,0.0,0.0,0,0,False,0,True,True,24.0,True,8,d,gps,195206972,1765332140,-37.54599999999999,-2.261,1.95,0,0,0.0,59.59,0.0,0.0,0.8,gps,195007879,1765332140,-37.54599999999999,36.400118239166666,127.361244134,0,1,14,0.0,0.0,0,0,0.0,0.0,59.59,36.40011824816666,127.3612441205,0.0,0.0,0.0,0.0,0.0,0.0,0.0,0.0,0.0,-38.09299999999999,base_link,156294069,1765332140,56.319000244140625,41.19499969482422,135.9810028076172,4.809000015258789,0.0,-2.26,1.936,0.0,zedx_boom_imu_link,zedx_boom_left_camera_frame,95675922,1765332140,0.999992847442627,0.003616482252255082,0.0005469119059853256,-0.0009107014629989862,0.0,-0.03564900532364845,-0.00014700002793688327
1765332140100000000,-118.93400573730469,excavator_base_link,298699592,1765332140,2.5386353914197493,0.6824595108927427,0.0,0.0,0.0,0.0,0.0,127,0,0.0,269518075,1765332140,0.0,4,f,0,4,f,0,4,f,0,59.59,gps,294092774,1765332140,36.400118232333334,127.36124414166666,0.6400000000000001,0.0,0.0,0.0,0.6400000000000001,0.0,0.0,0.0,2.5600000000000005,1,1,1,0.1,0.0,0.0,0.0,0.0,0.0,0.1,0.0,0.0,0.0,0.0,0.0,0.0,0.0,0.1,0.0,0.0,0.0,0.0,0.0,0.0,0.1,0.0,0.0,0.0,0.0,0.0,0.0,0.0,0.1,0.0,0.0,0.0,0.1,0.0,0.0,0.0,0.0,0.0,-0.0005422001679392848,-0.00384209750451161,1.3068685732139702e-05,8,d,gps,294791663,1765332140,-37.035,-2.254,1.962,0,0,-42.54600143432617,4,f,0,4,f,0,4,f,0,4,f,0,5.355999946594238,5.0,False,True,100.0,59.59,gps,194005599,1765332140,36.400118239166666,127.361244134,0.6400000000000001,0.0,0.0,0.0,0.6400000000000001,0.0,0.0,0.0,2.5600000000000005,1,1,1,0.1,0.0,0.0,0.0,0.0,0.0,0.1,0.0,0.0,0.0,0.0,0.0,0.0,0.0,0.1,0.0,0.0,0.0,0.0,0.0,0.0,0.1,0.0,0.0,0.0,0.0,0.0,0.0,0.0,0.1,0.0,0.0,0.0,0.1,0.0,0.0,0.0,0.0,0.0,-0.0005419514119112875,-0.0038424752272395004,1.3069147581807753e-05,excavator_base,271369180,1765332140,True,50.0,False,86.37999725341797,-2.4600000381469727,False,False,-38.0099983215332,-2.4000000953674316,False,False,19.440000534057617,-8.079999923706055,False,excavator_base,271542479,1765332140,5.355999946594238,False,0.0,0.0,0.0,0.0,0.0,0.0,0.0,0.0,0.0,excavator_base,271602261,1765332140,False,False,5.355999946594238,0.0,0,False,,0,0,0.0,0.0,False,0.0,0.0,0.0,0,False,,0,0,False,0.0,0.0,0,default,1088.0,1304.0,False,1520.0,513.0,False,1500.0,1340.0,False,excavator_base,271472327,1765332140,0.0,0.0,5.355999946594238,False,True,True,True,0,False,True,0,excavator_base,271693662,1765332140,0,True,0.0,0.0,0.0,0,0,False,0,True,True,24.0,True,8,d,gps,295160406,1765332140,-37.035,-2.254,1.962,0,0,0.0,59.59,0.0,0.0,0.8,gps,295008262,1765332140,-37.035,36.400118232333334,127.36124414166666,0,1,14,0.0,0.0,0,0,0.0,0.0,59.59,36.400118239166666,127.361244134,0.0,0.0,0.0,0.0,0.0,0.0,0.0,0.0,0.0,-37.54599999999999,base_link,256285298,1765332140,55.5890007019043,41.18600082397461,141.58099365234375,5.355999946594238,0.0,-2.261,1.95,0.0,zedx_boom_imu_link,zedx_boom_left_camera_frame,181939861,1765332140,0.999992847442627,0.003616482252255082,0.0005469119059853256,-0.0009107014629989862,0.0,-0.03564900532364845,-0.00014700002793688327
1765332140200000000,-112.83100891113281,excavator_base_link,398677156,1765332140,2.617429323799965,0.6421282116557774,0.0,0.0,0.0,0.0,0.0,127,0,0.0,369584608,1765332140,0.0,4,f,0,4,f,0,4,f,0,59.59,gps,394161003,1765332140,36.400118227,127.36124415116667,0.6400000000000001,0.0,0.0,0.0,0.6400000000000001,0.0,0.0,0.0,2.5600000000000005,1,1,1,0.1,0.0,0.0,0.0,0.0,0.0,0.1,0.0,0.0,0.0,0.0,0.0,0.0,0.0,0.1,0.0,0.0,0.0,0.0,0.0,0.0,0.1,0.0,0.0,0.0,0.0,0.0,0.0,0.0,0.1,0.0,0.0,0.0,0.1,0.0,0.0,0.0,0.0,0.0,-0.0005423900899433781,-0.003841661888543727,1.3068223686218819e-05,8,d,gps,394878390,1765332140,-36.54400000000001,-2.261,1.993,0,0,-42.53499984741211,4,f,0,4,f,0,4,f,0,4,f,0,5.867000102996826,5.5,False,True,100.0,59.59,gps,294092774,1765332140,36.400118232333334,127.36124414166666,0.6400000000000001,0.0,0.0,0.0,0.6400000000000001,0.0,0.0,0.0,2.5600000000000005,1,1,1,0.1,0.0,0.0,0.0,0.0,0.0,0.1,0.0,0.0,0.0,0.0,0.0,0.0,0.0,0.1,0.0,0.0,0.0,0.0,0.0,0.0,0.1,0.0,0.0,0.0,0.0,0.0,0.0,0.0,0.1,0.0,0.0,0.0,0.1,0.0,0.0,0.0,0.0,0.0,-0.0005422001679392848,-0.00384209750451161,1.3068685732139702e-05,excavator_base,371665850,1765332140,True,50.0,False,86.45999908447266,-2.4000000953674316,False,False,-37.970001220703125,-2.390000104904175,False,False,13.329999923706055,-7.929999828338623,False,excavator_base,371815017,1765332140,5.867000102996826,False,0.0,0.0,0.0,0.0,0.0,0.0,0.0,0.0,0.0,excavator_base,371863534,1765332140,False,False,5.867000102996826,0.0,0,False,,0,0,0.0,0.0,False,0.0,0.0,0.0,0,False,,0,0,False,0.0,0.0,0,default,1099.0,1307.0,False,1525.0,513.0,False,1497.0,1409.0,False,excavator_base,371759683,1765332140,0.0,0.0,5.867000102996826,False,True,True,True,0,False,True,0,excavator_base,371950423,1765332140,0,True,0.0,0.0,0.0,0,0,False,0,True,True,24.0,True,8,d,gps,395268127,1765332140,-36.54400000000001,-2.261,1.993,0,0,0.0,59.59,0.0,0.0,0.8,gps,395109294,1765332140,-36.54400000000001,36.400118227,127.36124415116667,0,1,14,0.0,0.0,0,0,0.0,0.0,59.59,36.400118232333334,127.36124414166666,0.0,0.0,0.0,0.0,0.0,0.0,0.0,0.0,0.0,-37.035,base_link,356285041,1765332140,55.39899826049805,41.138999938964844,147.55099487304688,5.867000102996826,0.0,-2.254,1.962,0.0,zedx_boom_imu_link,zedx_boom_left_camera_frame,299179075,1765332140,0.999992847442627,0.003616482252255082,0.0005469119059853256,-0.0009107014629989862,0.0,-0.03564900532364845,-0.00014700002793688327
1765332140300000000,-106.93399047851562,excavator_base_link,498716646,1765332140,2.6931898249014057,0.6131826826596642,0.0,0.0,0.0,0.0,0.0,127,0,0.0,469498869,1765332140,0.0,4,f,0,4,f,0,4,f,0,59.59,gps,494216687,1765332140,36.4001182215,127.3612441585,0.6400000000000001,0.0,0.0,0.0,0.6400000000000001,0.0,0.0,0.0,2.5600000000000005,1,1,1,0.1,0.0,0.0,0.0,0.0,0.0,0.1,0.0,0.0,0.0,0.0,0.0,0.0,0.0,0.1,0.0,0.0,0.0,0.0,0.0,0.0,0.1,0.0,0.0,0.0,0.0,0.0,0.0,0.0,0.1,0.0,0.0,0.0,0.1,0.0,0.0,0.0,0.0,0.0,-0.0005425865451687442,-0.003841294762837358,1.3067761982173656e-05,8,d,gps,494883445,1765332140,-36.01400000000001,-2.262,1.995,0,0,-42.54399871826172,4,f,0,4,f,0,4,f,0,4,f,0,6.357999801635742,6.0,False,True,100.0,59.59,gps,394161003,1765332140,36.400118227,127.36124415116667,0.6400000000000001,0.0,0.0,0.0,0.6400000000000001,0.0,0.0,0.0,2.5600000000000005,1,1,1,0.1,0.0,0.0,0.0,0.0,0.0,0.1,0.0,0.0,0.0,0.0,0.0,0.0,0.0,0.1,0.0,0.0,0.0,0.0,0.0,0.0,0.1,0.0,0.0,0.0,0.0,0.0,0.0,0.0,0.1,0.0,0.0,0.0,0.1,0.0,0.0,0.0,0.0,0.0,-0.0005423900899433781,-0.003841661888543727,1.3068223686218819e-05,excavator_base,471052440,1765332140,True,50.0,False,86.63999938964844,-2.4100000858306885,False,False,-37.95000076293945,-2.390000104904175,False,False,7.440000057220459,-7.889999866485596,False,excavator_base,471153506,1765332140,6.357999801635742,False,0.0,0.0,0.0,0.0,0.0,0.0,0.0,0.0,0.0,excavator_base,471187462,1765332140,False,False,6.357999801635742,0.0,0,False,,0,0,0.0,0.0,False,0.0,0.0,0.0,0,False,,0,0,False,0.0,0.0,0,default,1097.0,1308.0,False,1525.0,513.0,False,1497.0,1355.0,False,excavator_base,471115102,1765332140,0.0,0.0,6.357999801635742,False,True,True,True,0,False,True,0,excavator_base,471239787,1765332140,0,True,0.0,0.0,0.0,0,0,False,0,True,True,24.0,True,8,d,gps,495251547,1765332140,-36.01400000000001,-2.262,1.995,0,0,0.0,59.59,0.0,0.0,0.8,gps,495100908,1765332140,-36.01400000000001,36.4001182215,127.3612441585,0,1,14,0.0,0.0,0,0,0.0,0.0,59.59,36.400118227,127.36124415116667,0.0,0.0,0.0,0.0,0.0,0.0,0.0,0.0,0.0,-36.54400000000001,base_link,456287407,1765332140,55.319000244140625,41.125999450683594,153.74099731445312,6.357999801635742,0.0,-2.261,1.993,0.0,zedx_boom_imu_link,zedx_boom_left_camera_frame,385422570,1765332140,0.999992847442627,0.003616482252255082,0.0005469119059853256,-0.0009107014629989862,0.0,-0.03564900532364845,-0.00014700002793688327
1765332140400000000,-102.63299560546875,excavator_base_link,598695106,1765332140,2.751723448188676,0.5974914192202881,0.0,0.0,0.0,0.0,0.0,127,0,0.0,569497139,1765332140,0.0,4,f,0,4,f,0,4,f,0,59.589,gps,594137157,1765332140,36.400118216,127.361244167,0.6400000000000001,0.0,0.0,0.0,0.6400000000000001,0.0,0.0,0.0,2.5600000000000005,1,1,1,0.1,0.0,0.0,0.0,0.0,0.0,0.1,0.0,0.0,0.0,0.0,0.0,0.0,0.0,0.1,0.0,0.0,0.0,0.0,0.0,0.0,0.1,0.0,0.0,0.0,0.0,0.0,0.0,0.0,0.1,0.0,0.0,0.0,0.1,0.0,0.0,0.0,0.0,0.0,-0.0005427830064854399,-0.003840890992137937,1.271413049991563e-05,8,d,gps,594823949,1765332140,-35.55600000000001,-2.266,2.006,0,0,-42.61399841308594,4,f,0,4,f,0,4,f,0,4,f,0,6.888000011444092,6.599999904632568,False,True,100.0,59.59,gps,494216687,1765332140,36.4001182215,127.3612441585,0.6400000000000001,0.0,0.0,0.0,0.6400000000000001,0.0,0.0,0.0,2.5600000000000005,1,1,1,0.1,0.0,0.0,0.0,0.0,0.0,0.1,0.0,0.0,0.0,0.0,0.0,0.0,0.0,0.1,0.0,0.0,0.0,0.0,0.0,0.0,0.1,0.0,0.0,0.0,0.0,0.0,0.0,0.0,0.1,0.0,0.0,0.0,0.1,0.0,0.0,0.0,0.0,0.0,-0.0005425865451687442,-0.003841294762837358,1.3067761982173656e-05,excavator_base,570917288,1765332140,True,50.0,False,86.69999694824219,-2.4200000762939453,False,False,-37.970001220703125,-2.390000104904175,False,False,3.140000104904175,-7.829999923706055,False,excavator_base,571021875,1765332140,6.888000011444092,False,0.0,0.0,0.0,0.0,0.0,0.0,0.0,0.0,0.0,excavator_base,571057814,1765332140,False,False,6.888000011444092,0.0,0,False,,0,0,0.0,0.0,False,0.0,0.0,0.0,0,False,,0,0,False,0.0,0.0,0,default,1185.0,1307.0,False,1510.0,528.0,False,1497.0,1396.0,False,excavator_base,570978638,1765332140,0.0,0.0,6.888000011444092,False,True,True,True,0,False,True,0,excavator_base,571109980,1765332140,0,True,0.0,0.0,0.0,0,0,False,0,True,True,24.0,True,8,d,gps,595199252,1765332140,-35.55600000000001,-2.266,2.006,0,0,0.0,59.589,0.0,0.0,0.8,gps,595050213,1765332140,-35.55600000000001,36.400118216,127.361244167,0,1,14,0.0,0.0,0,0,0.0,0.0,59.59,36.4001182215,127.3612441585,0.0,0.0,0.0,0.0,0.0,0.0,0.0,0.0,0.0,-36.01400000000001,base_link,556800003,1765332140,55.16899871826172,41.14699935913086,159.1009979248047,6.888000011444092,0.0,-2.262,1.995,0.0,zedx_boom_imu_link,zedx_boom_left_camera_frame,497448534,1765332140,0.999992847442627,0.003616482252255082,0.0005469119059853256,-0.0009107014629989862,0.0,-0.03564900532364845,-0.00014700002793688327
1765332140500000000,-99.73900604248047,excavator_base_link,699569308,1765332140,2.7860284073248205,0.587001327706199,0.0,0.0,0.0,0.0,0.0,127,0,0.0,669580506,1765332140,0.0,4,f,0,4,f,0,4,f,0,59.589,gps,694392222,1765332140,36.4001182125,127.3612441735,0.6400000000000001,0.0,0.0,0.0,0.6400000000000001,0.0,0.0,0.0,2.5600000000000005,1,1,1,0.1,0.0,0.0,0.0,0.0,0.0,0.1,0.0,0.0,0.0,0.0,0.0,0.0,0.0,0.1,0.0,0.0,0.0,0.0,0.0,0.0,0.1,0.0,0.0,0.0,0.0,0.0,0.0,0.0,0.1,0.0,0.0,0.0,0.1,0.0,0.0,0.0,0.0,0.0,-0.0005429008924466334,-0.003840549217057081,1.2713678041784757e-05,8,d,gps,695921918,1765332140,-35.16900000000001,-2.266,2.038,0,0,-42.65599822998047,4,f,0,4,f,0,4,f,0,4,f,0,7.3460001945495605,7.099999904632568,False,True,100.0,59.589,gps,594137157,1765332140,36.400118216,127.361244167,0.6400000000000001,0.0,0.0,0.0,0.6400000000000001,0.0,0.0,0.0,2.5600000000000005,1,1,1,0.1,0.0,0.0,0.0,0.0,0.0,0.1,0.0,0.0,0.0,0.0,0.0,0.0,0.0,0.1,0.0,0.0,0.0,0.0,0.0,0.0,0.1,0.0,0.0,0.0,0.0,0.0,0.0,0.0,0.1,0.0,0.0,0.0,0.1,0.0,0.0,0.0,0.0,0.0,-0.0005427830064854399,-0.003840890992137937,1.271413049991563e-05,excavator_base,671708601,1765332140,True,50.0,False,87.05000305175781,-2.299999952316284,False,False,-37.939998626708984,-2.390000104904175,False,False,0.25,-7.670000076293945,False,excavator_base,671811011,1765332140,7.3460001945495605,False,0.0,0.0,0.0,0.0,0.0,0.0,0.0,0.0,0.0,excavator_base,671846791,1765332140,False,False,7.3460001945495605,0.0,0,False,,0,0,0.0,0.0,False,0.0,0.0,0.0,0,False,,0,0,False,0.0,0.0,0,default,1172.0,1308.0,False,1493.0,528.0,False,1498.0,1380.0,False,excavator_base,671771039,1765332140,0.0,0.0,7.3460001945495605,False,True,True,True,0,False,True,0,excavator_base,671898541,1765332140,0,True,0.0,0.0,0.0,0,0,False,0,True,True,24.0,True,8,d,gps,697419707,1765332140,-35.16900000000001,-2.266,2.038,0,0,0.0,59.589,0.0,0.0,0.8,gps,696527709,1765332140,-35.16900000000001,36.4001182125,127.3612441735,0,1,14,0.0,0.0,0,0,0.0,0.0,59.589,36.400118216,127.361244167,0.0,0.0,0.0,0.0,0.0,0.0,0.0,0.0,0.0,-35.55600000000001,base_link,657537262,1765332140,55.01900100708008,41.12099838256836,162.84100341796875,7.3460001945495605,0.0,-2.266,2.006,0.0,zedx_boom_imu_link,zedx_boom_left_camera_frame,594004249,1765332140,0.999992847442627,0.003616482252255082,0.0005469119059853256,-0.0009107014629989862,0.0,-0.03564900532364845,-0.00014700002793688327
1765332140600000000,-97.94900512695312,excavator_base_link,798748068,1765332140,2.7995346055512105,0.581109880957868,0.0,0.0,0.0,0.0,0.0,127,0,0.0,769433065,1765332140,0.0,4,f,0,4,f,0,4,f,0,59.589,gps,794179430,1765332140,36.40011820833333,127.36124418066667,0.6400000000000001,0.0,0.0,0.0,0.6400000000000001,0.0,0.0,0.0,2.5600000000000005,1,1,1,0.1,0.0,0.0,0.0,0.0,0.0,0.1,0.0,0.0,0.0,0.0,0.0,0.0,0.0,0.1,0.0,0.0,0.0,0.0,0.0,0.0,0.1,0.0,0.0,0.0,0.0,0.0,0.0,0.0,0.1,0.0,0.0,0.0,0.1,0.0,0.0,0.0,0.0,0.0,-0.0005430451845445613,-0.0038401884266805212,1.2713232219202706e-05,8,d,gps,794904882,1765332140,-34.79599999999999,-2.264,2.036,0,0,-42.76900100708008,4,f,0,4,f,0,4,f,0,4,f,0,7.732999801635742,7.599999904632568,False,True,100.0,59.589,gps,694392222,1765332140,36.4001182125,127.3612441735,0.6400000000000001,0.0,0.0,0.0,0.6400000000000001,0.0,0.0,0.0,2.5600000000000005,1,1,1,0.1,0.0,0.0,0.0,0.0,0.0,0.1,0.0,0.0,0.0,0.0,0.0,0.0,0.0,0.1,0.0,0.0,0.0,0.0,0.0,0.0,0.1,0.0,0.0,0.0,0.0,0.0,0.0,0.0,0.1,0.0,0.0,0.0,0.1,0.0,0.0,0.0,0.0,0.0,-0.0005429008924466334,-0.003840549217057081,1.2713678041784757e-05,excavator_base,771112857,1765332140,True,50.0,False,87.58999633789062,-2.2300000190734863,False,False,-37.900001525878906,-2.369999885559082,False,False,-1.5399999618530273,-7.550000190734863,False,excavator_base,771220836,1765332140,7.732999801635742,False,0.0,0.0,0.0,0.0,0.0,0.0,0.0,0.0,0.0,excavator_base,771258280,1765332140,False,False,7.732999801635742,0.0,0,False,,0,0,0.0,0.0,False,0.0,0.0,0.0,0,False,,0,0,False,0.0,0.0,0,default,1096.0,1306.0,False,1504.0,528.0,False,1498.0,1247.0,False,excavator_base,771178752,1765332140,0.0,0.0,7.732999801635742,False,True,True,True,0,False,True,0,excavator_base,771312526,1765332140,0,True,0.0,0.0,0.0,0,0,False,0,True,True,24.0,True,8,d,gps,795331934,1765332140,-34.79599999999999,-2.264,2.036,0,0,0.0,59.589,0.0,0.0,0.8,gps,795152268,1765332140,-34.79599999999999,36.40011820833333,127.36124418066667,0,1,14,0.0,0.0,0,0,0.0,0.0,59.589,36.4001182125,127.3612441735,0.0,0.0,0.0,0.0,0.0,0.0,0.0,0.0,0.0,-35.16900000000001,base_link,756357393,1765332140,54.5989990234375,41.08100128173828,165.55099487304688,7.732999801635742,0.0,-2.266,2.038,0.0,zedx_boom_imu_link,zedx_boom_left_camera_frame,690736952,1765332140,0.999992847442627,0.003616482252255082,0.0005469119059853256,-0.0009107014629989862,0.0,-0.03564900532364845,-0.00014700002793688327
1765332140700000000,-96.81099700927734,excavator_base_link,899025823,1765332140,2.8150925845450465,0.5795491375573911,0.0,0.0,0.0,0.0,0.0,127,0,0.0,869606137,1765332140,0.0,4,f,0,4,f,0,4,f,0,59.589,gps,894232010,1765332140,36.40011820616667,127.36124418883334,0.6400000000000001,0.0,0.0,0.0,0.6400000000000001,0.0,0.0,0.0,2.5600000000000005,1,1,1,0.1,0.0,0.0,0.0,0.0,0.0,0.1,0.0,0.0,0.0,0.0,0.0,0.0,0.0,0.1,0.0,0.0,0.0,0.0,0.0,0.0,0.1,0.0,0.0,0.0,0.0,0.0,0.0,0.0,0.1,0.0,0.0,0.0,0.1,0.0,0.0,0.0,0.0,0.0,-0.000543110928837114,-0.003839795106761671,1.2712783100220508e-05,8,d,gps,894922034,1765332140,-34.393,-2.27,2.057,0,0,-42.19599914550781,4,f,0,4,f,0,4,f,0,4,f,0,8.105999946594238,7.400000095367432,False,True,100.0,59.589,gps,794179430,1765332140,36.40011820833333,127.36124418066667,0.6400000000000001,0.0,0.0,0.0,0.6400000000000001,0.0,0.0,0.0,2.5600000000000005,1,1,1,0.1,0.0,0.0,0.0,0.0,0.0,0.1,0.0,0.0,0.0,0.0,0.0,0.0,0.0,0.1,0.0,0.0,0.0,0.0,0.0,0.0,0.1,0.0,0.0,0.0,0.0,0.0,0.0,0.0,0.1,0.0,0.0,0.0,0.1,0.0,0.0,0.0,0.0,0.0,-0.0005430451845445613,-0.0038401884266805212,1.2713232219202706e-05,excavator_base,871231843,1765332140,True,50.0,False,87.5999984741211,-2.390000104904175,False,False,-37.91999816894531,-2.390000104904175,False,False,-2.680000066757202,-7.699999809265137,False,excavator_base,871620780,1765332140,8.105999946594238,False,0.0,0.0,0.0,0.0,0.0,0.0,0.0,0.0,0.0,excavator_base,871678290,1765332140,False,False,8.105999946594238,0.0,0,False,,0,0,0.0,0.0,False,0.0,0.0,0.0,0,False,,0,0,False,0.0,0.0,0,default,1156.0,1306.0,False,1512.0,528.0,False,1497.0,1356.0,False,excavator_base,871504672,1765332140,0.0,0.0,8.105999946594238,False,True,True,True,0,False,True,0,excavator_base,871769724,1765332140,0,True,0.0,0.0,0.0,0,0,False,0,True,True,24.0,True,8,d,gps,895282424,1765332140,-34.393,-2.27,2.057,0,0,0.0,59.589,0.0,0.0,0.8,gps,895139273,1765332140,-34.393,36.40011820616667,127.36124418883334,0,1,14,0.0,0.0,0,0,0.0,0.0,59.589,36.40011820833333,127.36124418066667,0.0,0.0,0.0,0.0,0.0,0.0,0.0,0.0,0.0,-34.79599999999999,base_link,856330476,1765332140,54.249000549316406,41.0989990234375,167.3509979248047,8.105999946594238,0.0,-2.264,2.036,0.0,zedx_boom_imu_link,zedx_boom_left_camera_frame,797147507,1765332140,0.999992847442627,0.003616482252255082,0.0005469119059853256,-0.0009107014629989862,0.0,-0.03564900532364845,-0.00014700002793688327
1765332140800000000,-96.29499816894531,excavator_base_link,998790213,1765332140,2.8180284293039657,0.5767423029737827,0.0,0.0,0.0,0.0,0.0,127,0,0.0,969374847,1765332140,0.0,4,f,0,4,f,0,4,f,0,59.589,gps,994258187,1765332140,36.40011820616667,127.36124419166667,0.6400000000000001,0.0,0.0,0.0,0.6400000000000001,0.0,0.0,0.0,2.5600000000000005,1,1,1,0.1,0.0,0.0,0.0,0.0,0.0,0.1,0.0,0.0,0.0,0.0,0.0,0.0,0.0,0.1,0.0,0.0,0.0,0.0,0.0,0.0,0.1,0.0,0.0,0.0,0.0,0.0,0.0,0.0,0.1,0.0,0.0,0.0,0.1,0.0,0.0,0.0,0.0,0.0,-0.0005430917324402406,-0.0038395699998151865,1.2712333763599206e-05,8,d,gps,995088705,1765332140,-34.08500000000001,-2.268,2.073,0,0,-42.49300003051758,4,f,0,4,f,0,4,f,0,4,f,0,8.508999824523926,8.100000381469727,False,True,100.0,59.589,gps,894232010,1765332140,36.40011820616667,127.36124418883334,0.6400000000000001,0.0,0.0,0.0,0.6400000000000001,0.0,0.0,0.0,2.5600000000000005,1,1,1,0.1,0.0,0.0,0.0,0.0,0.0,0.1,0.0,0.0,0.0,0.0,0.0,0.0,0.0,0.1,0.0,0.0,0.0,0.0,0.0,0.0,0.1,0.0,0.0,0.0,0.0,0.0,0.0,0.0,0.1,0.0,0.0,0.0,0.1,0.0,0.0,0.0,0.0,0.0,-0.000543110928837114,-0.003839795106761671,1.2712783100220508e-05,excavator_base,970966182,1765332140,True,50.0,False,87.8499984741211,-2.380000114440918,False,False,-37.900001525878906,-2.380000114440918,False,False,-3.190000057220459,-7.699999809265137,False,excavator_base,971066576,1765332140,8.508999824523926,False,0.0,0.0,0.0,0.0,0.0,0.0,0.0,0.0,0.0,excavator_base,971101908,1765332140,False,False,8.508999824523926,0.0,0,False,,0,0,0.0,0.0,False,0.0,0.0,0.0,0,False,,0,0,False,0.0,0.0,0,default,1210.0,1307.0,False,1492.0,528.0,False,1498.0,1402.0,False,excavator_base,971026924,1765332140,0.0,0.0,8.508999824523926,False,True,True,True,0,False,True,0,excavator_base,971153049,1765332140,0,True,0.0,0.0,0.0,0,0,False,0,True,True,24.0,True,8,d,gps,995623321,1765332140,-34.08500000000001,-2.268,2.073,0,0,0.0,59.589,0.0,0.0,0.8,gps,995422820,1765332140,-34.08500000000001,36.40011820616667,127.36124419166667,0,1,14,0.0,0.0,0,0,0.0,0.0,59.589,36.40011820616667,127.36124418883334,0.0,0.0,0.0,0.0,0.0,0.0,0.0,0.0,0.0,-34.393,base_link,956330090,1765332140,54.21900177001953,41.084999084472656,168.21099853515625,8.508999824523926,0.0,-2.27,2.057,0.0,zedx_boom_imu_link,zedx_boom_left_camera_frame,893401363,1765332140,0.999992847442627,0.003616482252255082,0.0005469119059853256,-0.0009107014629989862,0.0,-0.03564900532364845,-0.00014700002793688327
1765332140900000000,-95.83699798583984,excavator_base_link,98688152,1765332141,2.817958720795704,0.5760857329587473,0.0,0.0,0.0,0.0,0.0,127,0,0.0,69505995,1765332141,0.0,4,f,0,4,f,0,4,f,0,59.588,gps,94874249,1765332141,36.40011820666667,127.36124419966667,0.6400000000000001,0.0,0.0,0.0,0.6400000000000001,0.0,0.0,0.0,2.5600000000000005,1,1,1,0.1,0.0,0.0,0.0,0.0,0.0,0.1,0.0,0.0,0.0,0.0,0.0,0.0,0.0,0.1,0.0,0.0,0.0,0.0,0.0,0.0,0.1,0.0,0.0,0.0,0.0,0.0,0.0,0.0,0.1,0.0,0.0,0.0,0.1,0.0,0.0,0.0,0.0,0.0,-0.0005430528600621831,-0.0038391813479961797,1.2358774741517277e-05,8,d,gps,95521965,1765332141,-33.815,-2.275,2.072,0,0,-42.78499984741211,4,f,0,4,f,0,4,f,0,4,f,0,8.817000389099121,8.699999809265137,False,True,100.0,59.589,gps,994258187,1765332140,36.40011820616667,127.36124419166667,0.6400000000000001,0.0,0.0,0.0,0.6400000000000001,0.0,0.0,0.0,2.5600000000000005,1,1,1,0.1,0.0,0.0,0.0,0.0,0.0,0.1,0.0,0.0,0.0,0.0,0.0,0.0,0.0,0.1,0.0,0.0,0.0,0.0,0.0,0.0,0.1,0.0,0.0,0.0,0.0,0.0,0.0,0.0,0.1,0.0,0.0,0.0,0.1,0.0,0.0,0.0,0.0,0.0,-0.0005430917324402406,-0.0038395699998151865,1.2712333763599206e-05,excavator_base,71061582,1765332141,True,50.0,False,88.11000061035156,-2.380000114440918,False,False,-37.869998931884766,-2.390000104904175,False,False,-3.6500000953674316,-7.650000095367432,False,excavator_base,71167449,1765332141,8.817000389099121,False,0.0,0.0,0.0,0.0,0.0,0.0,0.0,0.0,0.0,excavator_base,71203165,1765332141,False,False,8.817000389099121,0.0,0,False,,0,0,0.0,0.0,False,0.0,0.0,0.0,0,False,,0,0,False,0.0,0.0,0,default,1158.0,1305.0,False,1509.0,529.0,False,1498.0,1377.0,False,excavator_base,71127093,1765332141,0.0,0.0,8.817000389099121,False,True,True,True,0,False,True,0,excavator_base,71257410,1765332141,0,True,0.0,0.0,0.0,0,0,False,0,True,True,24.0,True,8,d,gps,95874802,1765332141,-33.815,-2.275,2.072,0,0,0.0,59.588,0.0,0.0,0.8,gps,95733187,1765332141,-33.815,36.40011820666667,127.36124419966667,0,1,14,0.0,0.0,0,0,0.0,0.0,59.589,36.40011820616667,127.36124419166667,0.0,0.0,0.0,0.0,0.0,0.0,0.0,0.0,0.0,-34.08500000000001,base_link,56351787,1765332141,53.92900085449219,41.053001403808594,168.89100646972656,8.817000389099121,0.0,-2.268,2.073,0.0,zedx_boom_imu_link,zedx_boom_left_camera_frame,994783591,1765332140,0.999992847442627,0.003616482252255082,0.0005469119059853256,-0.0009107014629989862,0.0,-0.03564900532364845,-0.00014700002793688327
1765332141000000000,-95.25999450683594,excavator_base_link,198706904,1765332141,2.8209765880542723,0.57577346632126,0.0,0.0,0.0,0.0,0.0,127,0,0.0,169426817,1765332141,0.0,4,f,0,4,f,0,4,f,0,59.589,gps,194316013,1765332141,36.4001182085,127.36124419816667,0.6400000000000001,0.0,0.0,0.0,0.6400000000000001,0.0,0.0,0.0,2.5600000000000005,1,1,1,0.1,0.0,0.0,0.0,0.0,0.0,0.1,0.0,0.0,0.0,0.0,0.0,0.0,0.0,0.1,0.0,0.0,0.0,0.0,0.0,0.0,0.1,0.0,0.0,0.0,0.0,0.0,0.0,0.0,0.1,0.0,0.0,0.0,0.1,0.0,0.0,0.0,0.0,0.0,-0.0005429619288846633,-0.003839093804359475,1.2711436046006608e-05,8,d,gps,195069788,1765332141,-33.59299999999999,-2.276,2.072,0,0,-42.21500015258789,4,f,0,4,f,0,4,f,0,4,f,0,9.086999893188477,8.399999618530273,False,True,100.0,59.588,gps,94874249,1765332141,36.40011820666667,127.36124419966667,0.6400000000000001,0.0,0.0,0.0,0.6400000000000001,0.0,0.0,0.0,2.5600000000000005,1,1,1,0.1,0.0,0.0,0.0,0.0,0.0,0.1,0.0,0.0,0.0,0.0,0.0,0.0,0.0,0.1,0.0,0.0,0.0,0.0,0.0,0.0,0.1,0.0,0.0,0.0,0.0,0.0,0.0,0.0,0.1,0.0,0.0,0.0,0.1,0.0,0.0,0.0,0.0,0.0,-0.0005430528600621831,-0.0038391813479961797,1.2358774741517277e-05,excavator_base,170941504,1765332141,True,50.0,False,88.30999755859375,-2.380000114440918,False,False,-37.90999984741211,-2.390000104904175,False,False,-4.21999979019165,-7.670000076293945,False,excavator_base,171045738,1765332141,9.086999893188477,False,0.0,0.0,0.0,0.0,0.0,0.0,0.0,0.0,0.0,excavator_base,171082030,1765332141,False,False,9.086999893188477,0.0,0,False,,0,0,0.0,0.0,False,0.0,0.0,0.0,0,False,,0,0,False,0.0,0.0,0,default,1174.0,1306.0,False,1497.0,529.0,False,1498.0,1364.0,False,excavator_base,171003686,1765332141,0.0,0.0,9.086999893188477,False,True,True,True,0,False,True,0,excavator_base,171134772,1765332141,0,True,0.0,0.0,0.0,0,0,False,0,True,True,24.0,True,8,d,gps,195475942,1765332141,-33.59299999999999,-2.276,2.072,0,0,0.0,59.589,0.0,0.0,0.8,gps,195326199,1765332141,-33.59299999999999,36.4001182085,127.36124419816667,0,1,14,0.0,0.0,0,0,0.0,0.0,59.588,36.40011820666667,127.36124419966667,0.0,0.0,0.0,0.0,0.0,0.0,0.0,0.0,0.0,-33.815,base_link,156324358,1765332141,53.659000396728516,41.099998474121094,169.68099975585938,9.086999893188477,0.0,-2.275,2.072,0.0,zedx_boom_imu_link,zedx_boom_left_camera_frame,91467763,1765332141,0.999992847442627,0.003616482252255082,0.0005469119059853256,-0.0009107014629989862,0.0,-0.03564900532364845,-0.00014700002793688327
1765332141100000000,-94.03900146484375,excavator_base_link,298688725,1765332141,2.840529849003178,0.5741857924864738,0.0,0.0,0.0,0.0,0.0,127,0,0.0,269498823,1765332141,0.0,4,f,0,4,f,0,4,f,0,59.589,gps,294592872,1765332141,36.400118212,127.3612441965,0.6400000000000001,0.0,0.0,0.0,0.6400000000000001,0.0,0.0,0.0,2.5600000000000005,1,1,1,0.1,0.0,0.0,0.0,0.0,0.0,0.1,0.0,0.0,0.0,0.0,0.0,0.0,0.0,0.1,0.0,0.0,0.0,0.0,0.0,0.0,0.1,0.0,0.0,0.0,0.0,0.0,0.0,0.0,0.1,0.0,0.0,0.0,0.1,0.0,0.0,0.0,0.0,0.0,-0.0005428055290914433,-0.0038390104340590646,1.2710985920757465e-05,8,d,gps,295314164,1765332141,-33.372000000000014,-2.274,2.088,0,0,-42.792999267578125,4,f,0,4,f,0,4,f,0,4,f,0,9.309000015258789,9.199999809265137,False,True,100.0,59.589,gps,194316013,1765332141,36.4001182085,127.36124419816667,0.6400000000000001,0.0,0.0,0.0,0.6400000000000001,0.0,0.0,0.0,2.5600000000000005,1,1,1,0.1,0.0,0.0,0.0,0.0,0.0,0.1,0.0,0.0,0.0,0.0,0.0,0.0,0.0,0.1,0.0,0.0,0.0,0.0,0.0,0.0,0.1,0.0,0.0,0.0,0.0,0.0,0.0,0.0,0.1,0.0,0.0,0.0,0.1,0.0,0.0,0.0,0.0,0.0,-0.0005429619288846633,-0.003839093804359475,1.2711436046006608e-05,excavator_base,270899577,1765332141,True,50.0,False,88.23999786376953,-2.369999885559082,False,False,-37.900001525878906,-2.4000000953674316,False,False,-5.440000057220459,-7.650000095367432,False,excavator_base,271006597,1765332141,9.309000015258789,False,0.0,0.0,0.0,0.0,0.0,0.0,0.0,0.0,0.0,excavator_base,271047177,1765332141,False,False,9.309000015258789,0.0,0,False,,0,0,0.0,0.0,False,0.0,0.0,0.0,0,False,,0,0,False,0.0,0.0,0,default,1101.0,1304.0,False,1491.0,529.0,False,1498.0,1318.0,False,excavator_base,270964416,1765332141,0.0,0.0,9.309000015258789,False,True,True,True,0,False,True,0,excavator_base,271110895,1765332141,0,True,0.0,0.0,0.0,0,0,False,0,True,True,24.0,True,8,d,gps,295719934,1765332141,-33.372000000000014,-2.274,2.088,0,0,0.0,59.589,0.0,0.0,0.8,gps,295561710,1765332141,-33.372000000000014,36.400118212,127.3612441965,0,1,14,0.0,0.0,0,0,0.0,0.0,59.589,36.4001182085,127.36124419816667,0.0,0.0,0.0,0.0,0.0,0.0,0.0,0.0,0.0,-33.59299999999999,base_link,265880972,1765332141,53.60900115966797,41.090999603271484,170.6009979248047,9.309000015258789,0.0,-2.276,2.072,0.0,zedx_boom_imu_link,zedx_boom_left_camera_frame,192861646,1765332141,0.999992847442627,0.003616482252255082,0.0005469119059853256,-0.0009107014629989862,0.0,-0.03564900532364845,-0.00014700002793688327
1765332141200000000,-92.8909912109375,excavator_base_link,398795358,1765332141,2.8563384207130245,0.5737406570305299,0.0,0.0,0.0,0.0,0.0,127,0,0.0,370187629,1765332141,0.0,4,f,0,4,f,0,4,f,0,59.589,gps,394468313,1765332141,36.400118216833334,127.36124419183334,0.6400000000000001,0.0,0.0,0.0,0.6400000000000001,0.0,0.0,0.0,2.5600000000000005,1,1,1,0.1,0.0,0.0,0.0,0.0,0.0,0.1,0.0,0.0,0.0,0.0,0.0,0.0,0.0,0.1,0.0,0.0,0.0,0.0,0.0,0.0,0.1,0.0,0.0,0.0,0.0,0.0,0.0,0.0,0.1,0.0,0.0,0.0,0.1,0.0,0.0,0.0,0.0,0.0,-0.0005425969765686732,-0.0038390223414585638,1.2710537943756372e-05,8,d,gps,395140800,1765332141,-33.150000000000006,-2.279,2.082,0,0,-42.27199935913086,4,f,0,4,f,0,4,f,0,4,f,0,9.529999732971191,8.899999618530273,False,True,100.0,59.589,gps,294592872,1765332141,36.400118212,127.3612441965,0.6400000000000001,0.0,0.0,0.0,0.6400000000000001,0.0,0.0,0.0,2.5600000000000005,1,1,1,0.1,0.0,0.0,0.0,0.0,0.0,0.1,0.0,0.0,0.0,0.0,0.0,0.0,0.0,0.1,0.0,0.0,0.0,0.0,0.0,0.0,0.1,0.0,0.0,0.0,0.0,0.0,0.0,0.0,0.1,0.0,0.0,0.0,0.1,0.0,0.0,0.0,0.0,0.0,-0.0005428055290914433,-0.0038390104340590646,1.2710985920757465e-05,excavator_base,371425903,1765332141,True,50.0,False,88.25,-2.4200000762939453,False,False,-37.90999984741211,-2.380000114440918,False,False,-6.590000152587891,-7.670000076293945,False,excavator_base,371530074,1765332141,9.529999732971191,False,0.0,0.0,0.0,0.0,0.0,0.0,0.0,0.0,0.0,excavator_base,371566589,1765332141,False,False,9.529999732971191,0.0,0,False,,0,0,0.0,0.0,False,0.0,0.0,0.0,0,False,,0,0,False,0.0,0.0,0,default,1100.0,1305.0,False,1482.0,529.0,False,1496.0,1264.0,False,excavator_base,371488341,1765332141,0.0,0.0,9.529999732971191,False,True,True,True,0,False,True,0,excavator_base,371970248,1765332141,0,True,0.0,0.0,0.0,0,0,False,0,True,True,24.0,True,8,d,gps,395551819,1765332141,-33.150000000000006,-2.279,2.082,0,0,0.0,59.589,0.0,0.0,0.8,gps,395386073,1765332141,-33.150000000000006,36.400118216833334,127.36124419183334,0,1,14,0.0,0.0,0,0,0.0,0.0,59.589,36.400118212,127.3612441965,0.0,0.0,0.0,0.0,0.0,0.0,0.0,0.0,0.0,-33.372000000000014,base_link,356316802,1765332141,53.66899871826172,41.0989990234375,171.83099365234375,9.529999732971191,0.0,-2.274,2.088,0.0,zedx_boom_imu_link,zedx_boom_left_camera_frame,294221007,1765332141,0.999992847442627,0.003616482252255082,0.0005469119059853256,-0.0009107014629989862,0.0,-0.03564900532364845,-0.00014700002793688327
1765332141300000000,-91.28599548339844,excavator_base_link,498702387,1765332141,2.9072291140514164,0.5742354102860862,0.0,0.0,0.0,0.0,0.0,127,0,0.0,469448510,1765332141,0.0,4,f,0,4,f,0,4,f,0,59.589,gps,494453494,1765332141,36.4001182185,127.36124418616667,0.6400000000000001,0.0,0.0,0.0,0.6400000000000001,0.0,0.0,0.0,2.5600000000000005,1,1,1,0.1,0.0,0.0,0.0,0.0,0.0,0.1,0.0,0.0,0.0,0.0,0.0,0.0,0.0,0.1,0.0,0.0,0.0,0.0,0.0,0.0,0.1,0.0,0.0,0.0,0.0,0.0,0.0,0.0,0.1,0.0,0.0,0.0,0.1,0.0,0.0,0.0,0.0,0.0,-0.000542512494161611,-0.003839065476182508,1.2710088954128279e-05,8,d,gps,495209093,1765332141,-32.974999999999994,-2.281,2.104,0,0,-42.650001525878906,4,f,0,4,f,0,4,f,0,4,f,0,9.751999855041504,9.5,False,True,100.0,59.589,gps,394468313,1765332141,36.400118216833334,127.36124419183334,0.6400000000000001,0.0,0.0,0.0,0.6400000000000001,0.0,0.0,0.0,2.5600000000000005,1,1,1,0.1,0.0,0.0,0.0,0.0,0.0,0.1,0.0,0.0,0.0,0.0,0.0,0.0,0.0,0.1,0.0,0.0,0.0,0.0,0.0,0.0,0.1,0.0,0.0,0.0,0.0,0.0,0.0,0.0,0.1,0.0,0.0,0.0,0.1,0.0,0.0,0.0,0.0,0.0,-0.0005425969765686732,-0.0038390223414585638,1.2710537943756372e-05,excavator_base,471216887,1765332141,True,50.0,False,87.12000274658203,-2.4600000381469727,False,False,-37.90999984741211,-2.4000000953674316,False,False,-8.1899995803833,-7.78000020980835,False,excavator_base,471322338,1765332141,9.751999855041504,False,0.0,0.0,0.0,0.0,0.0,0.0,0.0,0.0,0.0,excavator_base,471357286,1765332141,False,False,9.751999855041504,0.0,0,False,,0,0,0.0,0.0,False,0.0,0.0,0.0,0,False,,0,0,False,0.0,0.0,0,default,1075.0,1304.0,False,1474.0,529.0,False,1498.0,1306.0,False,excavator_base,471280446,1765332141,0.0,0.0,9.751999855041504,False,True,True,True,0,False,True,0,excavator_base,471409771,1765332141,0,True,0.0,0.0,0.0,0,0,False,0,True,True,24.0,True,8,d,gps,495612719,1765332141,-32.974999999999994,-2.281,2.104,0,0,0.0,59.589,0.0,0.0,0.8,gps,495449470,1765332141,-32.974999999999994,36.4001182185,127.36124418616667,0,1,14,0.0,0.0,0,0,0.0,0.0,59.589,36.400118216833334,127.36124419183334,0.0,0.0,0.0,0.0,0.0,0.0,0.0,0.0,0.0,-33.150000000000006,base_link,457359469,1765332141,53.91899871826172,41.104000091552734,172.56100463867188,9.751999855041504,0.0,-2.279,2.082,0.0,zedx_boom_imu_link,zedx_boom_left_camera_frame,395809538,1765332141,0.999992847442627,0.003616482252255082,0.0005469119059853256,-0.0009107014629989862,0.0,-0.03564900532364845,-0.00014700002793688327
1765332141400000000,-87.95399475097656,excavator_base_link,598720979,1765332141,3.029505133867439,0.5835761323233415,0.0,0.0,0.0,0.0,0.0,127,0,0.0,569521796,1765332141,0.0,4,f,0,4,f,0,4,f,0,59.59,gps,594508570,1765332141,36.4001182265,127.3612441805,0.6400000000000001,0.0,0.0,0.0,0.6400000000000001,0.0,0.0,0.0,2.5600000000000005,1,1,1,0.1,0.0,0.0,0.0,0.0,0.0,0.1,0.0,0.0,0.0,0.0,0.0,0.0,0.0,0.1,0.0,0.0,0.0,0.0,0.0,0.0,0.1,0.0,0.0,0.0,0.0,0.0,0.0,0.0,0.1,0.0,0.0,0.0,0.1,0.0,0.0,0.0,0.0,0.0,-0.0005421798114775352,-0.003839108501355742,1.3062685188829938e-05,8,d,gps,595799489,1765332141,-32.91300000000001,-2.283,2.115,0,0,-42.474998474121094,4,f,0,4,f,0,4,f,0,4,f,0,9.927000045776367,9.5,False,True,100.0,59.589,gps,494453494,1765332141,36.4001182185,127.36124418616667,0.6400000000000001,0.0,0.0,0.0,0.6400000000000001,0.0,0.0,0.0,2.5600000000000005,1,1,1,0.1,0.0,0.0,0.0,0.0,0.0,0.1,0.0,0.0,0.0,0.0,0.0,0.0,0.0,0.1,0.0,0.0,0.0,0.0,0.0,0.0,0.1,0.0,0.0,0.0,0.0,0.0,0.0,0.0,0.1,0.0,0.0,0.0,0.1,0.0,0.0,0.0,0.0,0.0,-0.000542512494161611,-0.003839065476182508,1.2710088954128279e-05,excavator_base,570869361,1765332141,True,50.0,False,83.9800033569336,-2.380000114440918,False,False,-37.86000061035156,-2.4100000858306885,False,False,-9.630000114440918,-7.730000019073486,False,excavator_base,570967867,1765332141,9.927000045776367,False,0.0,0.0,0.0,0.0,0.0,0.0,0.0,0.0,0.0,excavator_base,571002111,1765332141,False,False,9.927000045776367,0.0,0,False,,0,0,0.0,0.0,False,0.0,0.0,0.0,0,False,,0,0,False,0.0,0.0,0,default,1112.0,1305.0,False,1487.0,526.0,False,1496.0,1367.0,False,excavator_base,570929367,1765332141,0.0,0.0,9.927000045776367,False,True,True,True,0,False,True,0,excavator_base,571052740,1765332141,0,True,0.0,0.0,0.0,0,0,False,0,True,True,24.0,True,8,d,gps,596394623,1765332141,-32.91300000000001,-2.283,2.115,0,0,0.0,59.59,0.0,0.0,0.8,gps,596200299,1765332141,-32.91300000000001,36.4001182265,127.3612441805,0,1,14,0.0,0.0,0,0,0.0,0.0,59.589,36.4001182185,127.36124418616667,0.0,0.0,0.0,0.0,0.0,0.0,0.0,0.0,0.0,-32.974999999999994,base_link,557792409,1765332141,56.14899826049805,41.055999755859375,172.9510040283203,9.927000045776367,0.0,-2.281,2.104,0.0,zedx_boom_imu_link,zedx_boom_left_camera_frame,492005333,1765332141,0.999992847442627,0.003616482252255082,0.0005469119059853256,-0.0009107014629989862,0.0,-0.03564900532364845,-0.00014700002793688327
1765332141500000000,-83.58200073242188,excavator_base_link,700417922,1765332141,3.18990147752229,0.6105599736211095,0.0,0.0,0.0,0.0,0.0,127,0,0.0,670121985,1765332141,0.0,4,f,0,4,f,0,4,f,0,59.59,gps,694518233,1765332141,36.4001182375,127.361244174,0.6400000000000001,0.0,0.0,0.0,0.6400000000000001,0.0,0.0,0.0,2.5600000000000005,1,1,1,0.1,0.0,0.0,0.0,0.0,0.0,0.1,0.0,0.0,0.0,0.0,0.0,0.0,0.0,0.1,0.0,0.0,0.0,0.0,0.0,0.0,0.1,0.0,0.0,0.0,0.0,0.0,0.0,0.0,0.1,0.0,0.0,0.0,0.1,0.0,0.0,0.0,0.0,0.0,-0.0005417296351065198,-0.003839178111229262,1.306222446534964e-05,8,d,gps,695234980,1765332141,-32.90799999999999,-2.283,2.085,0,0,-42.41299819946289,4,f,0,4,f,0,4,f,0,4,f,0,9.98900032043457,9.5,False,True,100.0,59.59,gps,594508570,1765332141,36.4001182265,127.3612441805,0.6400000000000001,0.0,0.0,0.0,0.6400000000000001,0.0,0.0,0.0,2.5600000000000005,1,1,1,0.1,0.0,0.0,0.0,0.0,0.0,0.1,0.0,0.0,0.0,0.0,0.0,0.0,0.0,0.1,0.0,0.0,0.0,0.0,0.0,0.0,0.1,0.0,0.0,0.0,0.0,0.0,0.0,0.0,0.1,0.0,0.0,0.0,0.1,0.0,0.0,0.0,0.0,0.0,-0.0005421798114775352,-0.003839108501355742,1.3062685188829938e-05,excavator_base,674334266,1765332141,True,50.0,False,79.68000030517578,-2.3499999046325684,False,False,-37.88999938964844,-2.4000000953674316,False,False,-15.890000343322754,-7.599999904632568,False,excavator_base,674456710,1765332141,9.98900032043457,False,0.0,0.0,0.0,0.0,0.0,0.0,0.0,0.0,0.0,excavator_base,674494634,1765332141,False,False,9.98900032043457,0.0,0,False,,0,0,0.0,0.0,False,0.0,0.0,0.0,0,False,,0,0,False,0.0,0.0,0,default,1159.0,1303.0,False,1490.0,526.0,False,1495.0,1358.0,False,excavator_base,674411682,1765332141,0.0,0.0,9.98900032043457,False,True,True,True,0,False,True,0,excavator_base,674551920,1765332141,0,True,0.0,0.0,0.0,0,0,False,0,True,True,24.0,True,8,d,gps,695624237,1765332141,-32.90799999999999,-2.283,2.085,0,0,0.0,59.59,0.0,0.0,0.8,gps,695470077,1765332141,-32.90799999999999,36.4001182375,127.361244174,0,1,14,0.0,0.0,0,0,0.0,0.0,59.59,36.4001182265,127.3612441805,0.0,0.0,0.0,0.0,0.0,0.0,0.0,0.0,0.0,-32.91300000000001,base_link,656295674,1765332141,60.03900146484375,41.0880012512207,173.06100463867188,9.98900032043457,0.0,-2.283,2.115,0.0,zedx_boom_imu_link,zedx_boom_left_camera_frame,598673479,1765332141,0.999992847442627,0.003616482252255082,0.0005469119059853256,-0.0009107014629989862,0.0,-0.03564900532364845,-0.00014700002793688327
1765332141600000000,-79.52200317382812,excavator_base_link,798690988,1765332141,3.340149733695519,0.6448727690661588,0.0,0.0,0.0,0.0,0.0,127,0,0.0,770365593,1765332141,0.0,4,f,0,4,f,0,4,f,0,59.59,gps,794456465,1765332141,36.40011824966667,127.36124416533333,0.6400000000000001,0.0,0.0,0.0,0.6400000000000001,0.0,0.0,0.0,2.5600000000000005,1,1,1,0.1,0.0,0.0,0.0,0.0,0.0,0.1,0.0,0.0,0.0,0.0,0.0,0.0,0.0,0.1,0.0,0.0,0.0,0.0,0.0,0.0,0.1,0.0,0.0,0.0,0.0,0.0,0.0,0.0,0.1,0.0,0.0,0.0,0.1,0.0,0.0,0.0,0.0,0.0,-0.0005412337650921846,-0.0038393159864246094,1.3061763546799198e-05,8,d,gps,795155482,1765332141,-32.965,-2.285,2.082,0,0,-42.40800094604492,4,f,0,4,f,0,4,f,0,4,f,0,9.994000434875488,9.5,False,True,100.0,59.59,gps,694518233,1765332141,36.4001182375,127.361244174,0.6400000000000001,0.0,0.0,0.0,0.6400000000000001,0.0,0.0,0.0,2.5600000000000005,1,1,1,0.1,0.0,0.0,0.0,0.0,0.0,0.1,0.0,0.0,0.0,0.0,0.0,0.0,0.0,0.1,0.0,0.0,0.0,0.0,0.0,0.0,0.1,0.0,0.0,0.0,0.0,0.0,0.0,0.0,0.1,0.0,0.0,0.0,0.1,0.0,0.0,0.0,0.0,0.0,-0.0005417296351065198,-0.003839178111229262,1.306222446534964e-05,excavator_base,772049481,1765332141,True,50.0,False,75.62000274658203,-2.3399999141693115,False,False,-37.970001220703125,-2.4000000953674316,False,False,-19.950000762939453,-7.610000133514404,False,excavator_base,772159508,1765332141,9.994000434875488,False,0.0,0.0,0.0,0.0,0.0,0.0,0.0,0.0,0.0,excavator_base,772195288,1765332141,False,False,9.994000434875488,0.0,0,False,,0,0,0.0,0.0,False,0.0,0.0,0.0,0,False,,0,0,False,0.0,0.0,0,default,1186.0,1301.0,False,1450.0,526.0,False,1492.0,1342.0,False,excavator_base,772117424,1765332141,0.0,0.0,9.994000434875488,False,True,True,True,0,False,True,0,excavator_base,772246461,1765332141,0,True,0.0,0.0,0.0,0,0,False,0,True,True,24.0,True,8,d,gps,795528097,1765332141,-32.965,-2.285,2.082,0,0,0.0,59.59,0.0,0.0,0.8,gps,795379089,1765332141,-32.965,36.40011824966667,127.36124416533333,0,1,14,0.0,0.0,0,0,0.0,0.0,59.59,36.4001182375,127.361244174,0.0,0.0,0.0,0.0,0.0,0.0,0.0,0.0,0.0,-32.90799999999999,base_link,756348798,1765332141,64.26899719238281,41.167999267578125,173.1009979248047,9.994000434875488,0.0,-2.283,2.085,0.0,zedx_boom_imu_link,zedx_boom_left_camera_frame,689866379,1765332141,0.999992847442627,0.003616482252255082,0.0005469119059853256,-0.0009107014629989862,0.0,-0.03564900532364845,-0.00014700002793688327
1765332141700000000,-76.1199951171875,excavator_base_link,898704172,1765332141,3.4666245745166195,0.6773439040069941,0.0,0.0,0.0,0.0,0.0,127,0,0.0,870470658,1765332141,0.0,4,f,0,4,f,0,4,f,0,59.59,gps,894478833,1765332141,36.40011826483333,127.36124415433333,0.6400000000000001,0.0,0.0,0.0,0.6400000000000001,0.0,0.0,0.0,2.5600000000000005,1,1,1,0.1,0.0,0.0,0.0,0.0,0.0,0.1,0.0,0.0,0.0,0.0,0.0,0.0,0.0,0.1,0.0,0.0,0.0,0.0,0.0,0.0,0.1,0.0,0.0,0.0,0.0,0.0,0.0,0.0,0.1,0.0,0.0,0.0,0.1,0.0,0.0,0.0,0.0,0.0,-0.0005406203775215482,-0.003839527435244075,1.3061302637690857e-05,8,d,gps,895202813,1765332141,-33.035,-2.286,2.072,0,0,-42.46500015258789,4,f,0,4,f,0,4,f,0,4,f,0,9.937000274658203,9.5,False,True,100.0,59.59,gps,794456465,1765332141,36.40011824966667,127.36124416533333,0.6400000000000001,0.0,0.0,0.0,0.6400000000000001,0.0,0.0,0.0,2.5600000000000005,1,1,1,0.1,0.0,0.0,0.0,0.0,0.0,0.1,0.0,0.0,0.0,0.0,0.0,0.0,0.0,0.1,0.0,0.0,0.0,0.0,0.0,0.0,0.1,0.0,0.0,0.0,0.0,0.0,0.0,0.0,0.1,0.0,0.0,0.0,0.1,0.0,0.0,0.0,0.0,0.0,-0.0005412337650921846,-0.0038393159864246094,1.3061763546799198e-05,excavator_base,871086146,1765332141,True,50.0,False,72.26000213623047,-2.450000047683716,False,False,-37.900001525878906,-2.4100000858306885,False,False,-23.350000381469727,-7.690000057220459,False,excavator_base,871196814,1765332141,9.937000274658203,False,0.0,0.0,0.0,0.0,0.0,0.0,0.0,0.0,0.0,excavator_base,871233394,1765332141,False,False,9.937000274658203,0.0,0,False,,0,0,0.0,0.0,False,0.0,0.0,0.0,0,False,,0,0,False,0.0,0.0,0,default,1188.0,1301.0,False,1414.0,526.0,False,1491.0,1338.0,False,excavator_base,871154089,1765332141,0.0,0.0,9.937000274658203,False,True,True,True,0,False,True,0,excavator_base,871288151,1765332141,0,True,0.0,0.0,0.0,0,0,False,0,True,True,24.0,True,8,d,gps,895599431,1765332141,-33.035,-2.286,2.072,0,0,0.0,59.59,0.0,0.0,0.8,gps,895445943,1765332141,-33.035,36.40011826483333,127.36124415433333,0,1,14,0.0,0.0,0,0,0.0,0.0,59.59,36.40011824966667,127.36124416533333,0.0,0.0,0.0,0.0,0.0,0.0,0.0,0.0,0.0,-32.965,base_link,856309080,1765332141,68.02899932861328,41.099998474121094,173.13099670410156,9.937000274658203,0.0,-2.285,2.082,0.0,zedx_boom_imu_link,zedx_boom_left_camera_frame,796333286,1765332141,0.999992847442627,0.003616482252255082,0.0005469119059853256,-0.0009107014629989862,0.0,-0.03564900532364845,-0.00014700002793688327
1765332141800000000,-74.91899108886719,excavator_base_link,998709066,1765332141,3.508995980717415,0.6899492526306675,0.0,0.0,0.0,0.0,0.0,127,0,0.0,969449013,1765332141,0.0,4,f,0,4,f,0,4,f,0,59.591,gps,994536758,1765332141,36.400118284166666,127.36124414583334,0.6400000000000001,0.0,0.0,0.0,0.6400000000000001,0.0,0.0,0.0,2.5600000000000005,1,1,1,0.1,0.0,0.0,0.0,0.0,0.0,0.1,0.0,0.0,0.0,0.0,0.0,0.0,0.0,0.1,0.0,0.0,0.0,0.0,0.0,0.0,0.1,0.0,0.0,0.0,0.0,0.0,0.0,0.0,0.1,0.0,0.0,0.0,0.1,0.0,0.0,0.0,0.0,0.0,-0.0005398437427351046,-0.003839659812901524,1.3413836744940263e-05,8,d,gps,995234943,1765332141,-33.126000000000005,-2.287,2.019,0,0,-42.53499984741211,4,f,0,4,f,0,4,f,0,4,f,0,9.866999626159668,9.5,False,True,100.0,59.59,gps,894478833,1765332141,36.40011826483333,127.36124415433333,0.6400000000000001,0.0,0.0,0.0,0.6400000000000001,0.0,0.0,0.0,2.5600000000000005,1,1,1,0.1,0.0,0.0,0.0,0.0,0.0,0.1,0.0,0.0,0.0,0.0,0.0,0.0,0.0,0.1,0.0,0.0,0.0,0.0,0.0,0.0,0.1,0.0,0.0,0.0,0.0,0.0,0.0,0.0,0.1,0.0,0.0,0.0,0.1,0.0,0.0,0.0,0.0,0.0,-0.0005406203775215482,-0.003839527435244075,1.3061302637690857e-05,excavator_base,971989887,1765332141,True,50.0,False,71.1500015258789,-2.5,False,False,-37.79999923706055,-2.4000000953674316,False,False,-24.549999237060547,-7.820000171661377,False,excavator_base,972102091,1765332141,9.866999626159668,False,0.0,0.0,0.0,0.0,0.0,0.0,0.0,0.0,0.0,excavator_base,972139535,1765332141,False,False,9.866999626159668,0.0,0,False,,0,0,0.0,0.0,False,0.0,0.0,0.0,0,False,,0,0,False,0.0,0.0,0,default,1227.0,1303.0,False,1398.0,526.0,False,1493.0,1326.0,False,excavator_base,972061222,1765332141,0.0,0.0,9.866999626159668,False,True,True,True,0,False,True,0,excavator_base,972192052,1765332141,0,True,0.0,0.0,0.0,0,0,False,0,True,True,24.0,True,8,d,gps,995604645,1765332141,-33.126000000000005,-2.287,2.019,0,0,0.0,59.591,0.0,0.0,0.8,gps,995463543,1765332141,-33.126000000000005,36.400118284166666,127.36124414583334,0,1,14,0.0,0.0,0,0,0.0,0.0,59.59,36.40011826483333,127.36124415433333,0.0,0.0,0.0,0.0,0.0,0.0,0.0,0.0,0.0,-33.035,base_link,956372701,1765332141,70.78900146484375,41.000999450683594,173.59100341796875,9.866999626159668,0.0,-2.286,2.072,0.0,zedx_boom_imu_link,zedx_boom_left_camera_frame,892494752,1765332141,0.999992847442627,0.003616482252255082,0.0005469119059853256,-0.0009107014629989862,0.0,-0.03564900532364845,-0.00014700002793688327
1765332141900000000,-75.18800354003906,excavator_base_link,99200028,1765332142,3.5167278359308876,0.6725591069440977,0.0,0.0,0.0,0.0,0.0,127,0,0.0,70297772,1765332142,0.0,4,f,0,4,f,0,4,f,0,59.591,gps,94642207,1765332142,36.400118287666665,127.36124412333334,0.6400000000000001,0.0,0.0,0.0,0.6400000000000001,0.0,0.0,0.0,2.5600000000000005,1,1,1,0.1,0.0,0.0,0.0,0.0,0.0,0.1,0.0,0.0,0.0,0.0,0.0,0.0,0.0,0.1,0.0,0.0,0.0,0.0,0.0,0.0,0.1,0.0,0.0,0.0,0.0,0.0,0.0,0.0,0.1,0.0,0.0,0.0,0.1,0.0,0.0,0.0,0.0,0.0,-0.000539687519858939,-0.0038402336155671374,1.3413362429735029e-05,8,d,gps,95420048,1765332142,-33.31399999999999,-2.279,2.095,0,0,-42.625999450683594,4,f,0,4,f,0,4,f,0,4,f,0,9.776000022888184,9.5,False,True,100.0,59.591,gps,994536758,1765332141,36.400118284166666,127.36124414583334,0.6400000000000001,0.0,0.0,0.0,0.6400000000000001,0.0,0.0,0.0,2.5600000000000005,1,1,1,0.1,0.0,0.0,0.0,0.0,0.0,0.1,0.0,0.0,0.0,0.0,0.0,0.0,0.0,0.1,0.0,0.0,0.0,0.0,0.0,0.0,0.1,0.0,0.0,0.0,0.0,0.0,0.0,0.0,0.1,0.0,0.0,0.0,0.1,0.0,0.0,0.0,0.0,0.0,-0.0005398437427351046,-0.003839659812901524,1.3413836744940263e-05,excavator_base,72394087,1765332142,True,50.0,False,71.23999786376953,-2.509999990463257,False,False,-37.61000061035156,-2.4100000858306885,False,False,-24.280000686645508,-7.869999885559082,False,excavator_base,72493042,1765332142,9.776000022888184,False,0.0,0.0,0.0,0.0,0.0,0.0,0.0,0.0,0.0,excavator_base,72527221,1765332142,False,False,9.776000022888184,0.0,0,False,,0,0,0.0,0.0,False,0.0,0.0,0.0,0,False,,0,0,False,0.0,0.0,0,default,1181.0,1301.0,False,1362.0,517.0,False,1489.0,1340.0,False,excavator_base,72456366,1765332142,0.0,0.0,9.776000022888184,False,True,True,True,0,False,True,0,excavator_base,72577275,1765332142,0,True,0.0,0.0,0.0,0,0,False,0,True,True,24.0,True,8,d,gps,95789495,1765332142,-33.31399999999999,-2.279,2.095,0,0,0.0,59.591,0.0,0.0,0.8,gps,95645608,1765332142,-33.31399999999999,36.400118287666665,127.36124412333334,0,1,14,0.0,0.0,0,0,0.0,0.0,59.591,36.400118284166666,127.36124414583334,0.0,0.0,0.0,0.0,0.0,0.0,0.0,0.0,0.0,-33.126000000000005,base_link,56311733,1765332142,70.70899963378906,40.8120002746582,173.02099609375,9.776000022888184,0.0,-2.287,2.019,0.0,zedx_boom_imu_link,zedx_boom_left_camera_frame,999256128,1765332141,0.999992847442627,0.003616482252255082,0.0005469119059853256,-0.0009107014629989862,0.0,-0.03564900532364845,-0.00014700002793688327
1765332142000000000,-72.70600891113281,excavator_base_link,199330952,1765332142,3.6122829930757963,0.6959863107204801,0.0,0.0,0.0,0.0,0.0,127,0,0.0,169502679,1765332142,0.0,4,f,0,4,f,0,4,f,0,59.591,gps,194518544,1765332142,36.4001182955,127.36124411583333,0.6400000000000001,0.0,0.0,0.0,0.6400000000000001,0.0,0.0,0.0,2.5600000000000005,1,1,1,0.1,0.0,0.0,0.0,0.0,0.0,0.1,0.0,0.0,0.0,0.0,0.0,0.0,0.0,0.1,0.0,0.0,0.0,0.0,0.0,0.0,0.1,0.0,0.0,0.0,0.0,0.0,0.0,0.0,0.1,0.0,0.0,0.0,0.1,0.0,0.0,0.0,0.0,0.0,-0.0005393616043889172,-0.0038403348822696227,1.3412890024069513e-05,8,d,gps,195194967,1765332142,-33.489000000000004,-2.296,2.151,0,0,-42.513999938964844,4,f,0,4,f,0,4,f,0,4,f,0,9.588000297546387,9.199999809265137,False,True,100.0,59.591,gps,94642207,1765332142,36.400118287666665,127.36124412333334,0.6400000000000001,0.0,0.0,0.0,0.6400000000000001,0.0,0.0,0.0,2.5600000000000005,1,1,1,0.1,0.0,0.0,0.0,0.0,0.0,0.1,0.0,0.0,0.0,0.0,0.0,0.0,0.0,0.1,0.0,0.0,0.0,0.0,0.0,0.0,0.1,0.0,0.0,0.0,0.0,0.0,0.0,0.0,0.1,0.0,0.0,0.0,0.1,0.0,0.0,0.0,0.0,0.0,-0.000539687519858939,-0.0038402336155671374,1.3413362429735029e-05,excavator_base,172251319,1765332142,True,50.0,False,68.77999877929688,-2.490000009536743,False,False,-37.08000183105469,-2.440000057220459,False,False,-26.770000457763672,-7.880000114440918,False,excavator_base,172369475,1765332142,9.588000297546387,False,0.0,0.0,0.0,0.0,0.0,0.0,0.0,0.0,0.0,excavator_base,172415304,1765332142,False,False,9.588000297546387,0.0,0,False,,0,0,0.0,0.0,False,0.0,0.0,0.0,0,False,,0,0,False,0.0,0.0,0,default,1139.0,1299.0,False,1575.0,517.0,False,1492.0,1360.0,False,excavator_base,172322558,1765332142,0.0,0.0,9.588000297546387,False,True,True,True,0,False,True,0,excavator_base,172479503,1765332142,0,True,0.0,0.0,0.0,0,0,False,0,True,True,24.0,True,8,d,gps,195557309,1765332142,-33.489000000000004,-2.296,2.151,0,0,0.0,59.591,0.0,0.0,0.8,gps,195416302,1765332142,-33.489000000000004,36.4001182955,127.36124411583333,0,1,14,0.0,0.0,0,0,0.0,0.0,59.591,36.400118287666665,127.36124412333334,0.0,0.0,0.0,0.0,0.0,0.0,0.0,0.0,0.0,-33.31399999999999,base_link,156401404,1765332142,72.45899963378906,40.27399826049805,173.05099487304688,9.588000297546387,0.0,-2.279,2.095,0.0,zedx_boom_imu_link,zedx_boom_left_camera_frame,90594090,1765332142,0.999992847442627,0.003616482252255082,0.0005469119059853256,-0.0009107014629989862,0.0,-0.03564900532364845,-0.00014700002793688327
1765332142100000000,-69.01900482177734,excavator_base_link,298804303,1765332142,3.7286971325297915,0.7631631432477697,0.0,0.0,0.0,0.0,0.0,127,0,0.0,269425453,1765332142,0.0,4,f,0,4,f,0,4,f,0,59.591,gps,295112077,1765332142,36.40011831266666,127.361244114,0.6400000000000001,0.0,0.0,0.0,0.6400000000000001,0.0,0.0,0.0,2.5600000000000005,1,1,1,0.1,0.0,0.0,0.0,0.0,0.0,0.1,0.0,0.0,0.0,0.0,0.0,0.0,0.0,0.1,0.0,0.0,0.0,0.0,0.0,0.0,0.1,0.0,0.0,0.0,0.0,0.0,0.0,0.0,0.1,0.0,0.0,0.0,0.1,0.0,0.0,0.0,0.0,0.0,-0.0005386698959964761,-0.003840256367776651,1.3412413885275744e-05,8,d,gps,295769361,1765332142,-33.712999999999994,-2.281,1.994,0,0,-42.388999938964844,4,f,0,4,f,0,4,f,0,4,f,0,9.413000106811523,8.899999618530273,False,True,100.0,59.591,gps,194518544,1765332142,36.4001182955,127.36124411583333,0.6400000000000001,0.0,0.0,0.0,0.6400000000000001,0.0,0.0,0.0,2.5600000000000005,1,1,1,0.1,0.0,0.0,0.0,0.0,0.0,0.1,0.0,0.0,0.0,0.0,0.0,0.0,0.0,0.1,0.0,0.0,0.0,0.0,0.0,0.0,0.1,0.0,0.0,0.0,0.0,0.0,0.0,0.0,0.1,0.0,0.0,0.0,0.1,0.0,0.0,0.0,0.0,0.0,-0.0005393616043889172,-0.0038403348822696227,1.3412890024069513e-05,excavator_base,272877398,1765332142,True,50.0,False,65.19000244140625,-2.4700000286102295,False,False,-37.189998626708984,-2.440000057220459,False,False,-30.440000534057617,-7.860000133514404,False,excavator_base,272971232,1765332142,9.413000106811523,False,0.0,0.0,0.0,0.0,0.0,0.0,0.0,0.0,0.0,excavator_base,273004228,1765332142,False,False,9.413000106811523,0.0,0,False,,0,0,0.0,0.0,False,0.0,0.0,0.0,0,False,,0,0,False,0.0,0.0,0,default,1156.0,1301.0,False,1592.0,517.0,False,1490.0,1349.0,False,excavator_base,272933660,1765332142,0.0,0.0,9.413000106811523,False,True,True,True,0,False,True,0,excavator_base,273055689,1765332142,0,True,0.0,0.0,0.0,0,0,False,0,True,True,24.0,True,8,d,gps,296141336,1765332142,-33.712999999999994,-2.281,1.994,0,0,0.0,59.591,0.0,0.0,0.8,gps,295985224,1765332142,-33.712999999999994,36.40011831266666,127.361244114,0,1,14,0.0,0.0,0,0,0.0,0.0,59.591,36.4001182955,127.36124411583333,0.0,0.0,0.0,0.0,0.0,0.0,0.0,0.0,0.0,-33.489000000000004,base_link,256351189,1765332142,75.58899688720703,40.4010009765625,173.11099243164062,9.413000106811523,0.0,-2.296,2.151,0.0,zedx_boom_imu_link,zedx_boom_left_camera_frame,197162619,1765332142,0.999992847442627,0.003616482252255082,0.0005469119059853256,-0.0009107014629989862,0.0,-0.03564900532364845,-0.00014700002793688327
1765332142200000000,-65.7239990234375,excavator_base_link,398699010,1765332142,3.839484576066575,0.8194446954042187,0.0,0.0,0.0,0.0,0.0,127,0,0.0,369569306,1765332142,0.0,4,f,0,4,f,0,4,f,0,59.591,gps,394918198,1765332142,36.40011832133333,127.36124409583333,0.6400000000000001,0.0,0.0,0.0,0.6400000000000001,0.0,0.0,0.0,2.5600000000000005,1,1,1,0.1,0.0,0.0,0.0,0.0,0.0,0.1,0.0,0.0,0.0,0.0,0.0,0.0,0.0,0.1,0.0,0.0,0.0,0.0,0.0,0.0,0.1,0.0,0.0,0.0,0.0,0.0,0.0,0.0,0.1,0.0,0.0,0.0,0.1,0.0,0.0,0.0,0.0,0.0,-0.0005383113914897197,-0.003840693977785119,1.3411941534005735e-05,8,d,gps,395555193,1765332142,-34.042,-2.286,1.983,0,0,-42.612998962402344,4,f,0,4,f,0,4,f,0,4,f,0,9.189000129699707,8.899999618530273,False,True,100.0,59.591,gps,295112077,1765332142,36.40011831266666,127.361244114,0.6400000000000001,0.0,0.0,0.0,0.6400000000000001,0.0,0.0,0.0,2.5600000000000005,1,1,1,0.1,0.0,0.0,0.0,0.0,0.0,0.1,0.0,0.0,0.0,0.0,0.0,0.0,0.0,0.1,0.0,0.0,0.0,0.0,0.0,0.0,0.1,0.0,0.0,0.0,0.0,0.0,0.0,0.0,0.1,0.0,0.0,0.0,0.1,0.0,0.0,0.0,0.0,0.0,-0.0005386698959964761,-0.003840256367776651,1.3412413885275744e-05,excavator_base,371323890,1765332142,True,50.0,False,61.91999816894531,-2.390000104904175,False,False,-37.5099983215332,-2.390000104904175,False,False,-33.75,-7.78000020980835,False,excavator_base,371436062,1765332142,9.189000129699707,False,0.0,0.0,0.0,0.0,0.0,0.0,0.0,0.0,0.0,excavator_base,371473154,1765332142,False,False,9.189000129699707,0.0,0,False,,0,0,0.0,0.0,False,0.0,0.0,0.0,0,False,,0,0,False,0.0,0.0,0,default,1197.0,1301.0,False,1414.0,517.0,False,1491.0,1326.0,False,excavator_base,371394009,1765332142,0.0,0.0,9.189000129699707,False,True,True,True,0,False,True,0,excavator_base,371529736,1765332142,0,True,0.0,0.0,0.0,0,0,False,0,True,True,24.0,True,8,d,gps,395929344,1765332142,-34.042,-2.286,1.983,0,0,0.0,59.591,0.0,0.0,0.8,gps,395782097,1765332142,-34.042,36.40011832133333,127.36124409583333,0,1,14,0.0,0.0,0,0,0.0,0.0,59.591,36.40011831266666,127.361244114,0.0,0.0,0.0,0.0,0.0,0.0,0.0,0.0,0.0,-33.712999999999994,base_link,356308271,1765332142,78.80899810791016,40.70600128173828,173.1909942626953,9.189000129699707,0.0,-2.281,1.994,0.0,zedx_boom_imu_link,zedx_boom_left_camera_frame,299013506,1765332142,0.999992847442627,0.003616482252255082,0.0005469119059853256,-0.0009107014629989862,0.0,-0.03564900532364845,-0.00014700002793688327
1765332142300000000,-62.86900329589844,excavator_base_link,500096178,1765332142,3.9417088086515064,0.864384747288131,0.0,0.0,0.0,0.0,0.0,127,0,0.0,470367276,1765332142,0.0,4,f,0,4,f,0,4,f,0,59.591,gps,497669493,1765332142,36.400118329166666,127.36124408466667,0.6400000000000001,0.0,0.0,0.0,0.6400000000000001,0.0,0.0,0.0,2.5600000000000005,1,1,1,0.1,0.0,0.0,0.0,0.0,0.0,0.1,0.0,0.0,0.0,0.0,0.0,0.0,0.0,0.1,0.0,0.0,0.0,0.0,0.0,0.0,0.1,0.0,0.0,0.0,0.0,0.0,0.0,0.0,0.1,0.0,0.0,0.0,0.1,0.0,0.0,0.0,0.0,0.0,-0.0005379849819571855,-0.0038409067153400483,1.3411454843190834e-05,8,d,gps,498401505,1765332142,-34.37899999999999,-2.295,2.094,0,0,-42.742000579833984,4,f,0,4,f,0,4,f,0,4,f,0,8.859999656677246,8.699999809265137,False,True,100.0,59.591,gps,394918198,1765332142,36.40011832133333,127.36124409583333,0.6400000000000001,0.0,0.0,0.0,0.6400000000000001,0.0,0.0,0.0,2.5600000000000005,1,1,1,0.1,0.0,0.0,0.0,0.0,0.0,0.1,0.0,0.0,0.0,0.0,0.0,0.0,0.0,0.1,0.0,0.0,0.0,0.0,0.0,0.0,0.1,0.0,0.0,0.0,0.0,0.0,0.0,0.0,0.1,0.0,0.0,0.0,0.1,0.0,0.0,0.0,0.0,0.0,-0.0005383113914897197,-0.003840693977785119,1.3411941534005735e-05,excavator_base,471331217,1765332142,True,50.0,False,59.060001373291016,-2.390000104904175,False,False,-37.25,-2.4200000762939453,False,False,-36.599998474121094,-7.820000171661377,False,excavator_base,471442621,1765332142,8.859999656677246,False,0.0,0.0,0.0,0.0,0.0,0.0,0.0,0.0,0.0,excavator_base,471481057,1765332142,False,False,8.859999656677246,0.0,0,False,,0,0,0.0,0.0,False,0.0,0.0,0.0,0,False,,0,0,False,0.0,0.0,0,default,1197.0,1302.0,False,1431.0,517.0,False,1493.0,1324.0,False,excavator_base,471400504,1765332142,0.0,0.0,8.859999656677246,False,True,True,True,0,False,True,0,excavator_base,471540135,1765332142,0,True,0.0,0.0,0.0,0,0,False,0,True,True,24.0,True,8,d,gps,498890388,1765332142,-34.37899999999999,-2.295,2.094,0,0,0.0,59.591,0.0,0.0,0.8,gps,498652635,1765332142,-34.37899999999999,36.400118329166666,127.36124408466667,0,1,14,0.0,0.0,0,0,0.0,0.0,59.591,36.40011832133333,127.36124409583333,0.0,0.0,0.0,0.0,0.0,0.0,0.0,0.0,0.0,-34.042,base_link,457006838,1765332142,82.0989990234375,40.45100021362305,173.1909942626953,8.859999656677246,0.0,-2.286,1.983,0.0,zedx_boom_imu_link,zedx_boom_left_camera_frame,395473927,1765332142,0.999992847442627,0.003616482252255082,0.0005469119059853256,-0.0009107014629989862,0.0,-0.03564900532364845,-0.00014700002793688327
1765332142400000000,-59.790000915527344,excavator_base_link,598680188,1765332142,4.035458406928367,0.9314610553149313,0.0,0.0,0.0,0.0,0.0,127,0,0.0,569424904,1765332142,0.0,4,f,0,4,f,0,4,f,0,59.591,gps,594661176,1765332142,36.400118348333336,127.3612440645,0.6400000000000001,0.0,0.0,0.0,0.6400000000000001,0.0,0.0,0.0,2.5600000000000005,1,1,1,0.1,0.0,0.0,0.0,0.0,0.0,0.1,0.0,0.0,0.0,0.0,0.0,0.0,0.0,0.1,0.0,0.0,0.0,0.0,0.0,0.0,0.1,0.0,0.0,0.0,0.0,0.0,0.0,0.0,0.1,0.0,0.0,0.0,0.1,0.0,0.0,0.0,0.0,0.0,-0.0005372154099681548,-0.0038414088470828793,1.3410987847329743e-05,8,d,gps,597575881,1765332142,-34.918000000000006,-2.29,1.979,0,0,-42.479000091552734,4,f,0,4,f,0,4,f,0,4,f,0,8.52299976348877,8.100000381469727,False,True,100.0,59.591,gps,497669493,1765332142,36.400118329166666,127.36124408466667,0.6400000000000001,0.0,0.0,0.0,0.6400000000000001,0.0,0.0,0.0,2.5600000000000005,1,1,1,0.1,0.0,0.0,0.0,0.0,0.0,0.1,0.0,0.0,0.0,0.0,0.0,0.0,0.0,0.1,0.0,0.0,0.0,0.0,0.0,0.0,0.1,0.0,0.0,0.0,0.0,0.0,0.0,0.0,0.1,0.0,0.0,0.0,0.1,0.0,0.0,0.0,0.0,0.0,-0.0005379849819571855,-0.0038409067153400483,1.3411454843190834e-05,excavator_base,571049330,1765332142,True,50.0,False,56.040000915527344,-2.5,False,False,-37.130001068115234,-2.440000057220459,False,False,-39.66999816894531,-7.96999979019165,False,excavator_base,571209410,1765332142,8.52299976348877,False,0.0,0.0,0.0,0.0,0.0,0.0,0.0,0.0,0.0,excavator_base,571275017,1765332142,False,False,8.52299976348877,0.0,0,False,,0,0,0.0,0.0,False,0.0,0.0,0.0,0,False,,0,0,False,0.0,0.0,0,default,1170.0,1301.0,False,1544.0,531.0,False,1493.0,1334.0,False,excavator_base,571143324,1765332142,0.0,0.0,8.52299976348877,False,True,True,True,0,False,True,0,excavator_base,571379316,1765332142,0,True,0.0,0.0,0.0,0,0,False,0,True,True,24.0,True,8,d,gps,598116578,1765332142,-34.918000000000006,-2.29,1.979,0,0,0.0,59.591,0.0,0.0,0.8,gps,597912140,1765332142,-34.918000000000006,36.400118348333336,127.3612440645,0,1,14,0.0,0.0,0,0,0.0,0.0,59.591,36.400118329166666,127.36124408466667,0.0,0.0,0.0,0.0,0.0,0.0,0.0,0.0,0.0,-34.37899999999999,base_link,557094142,1765332142,85.05899810791016,40.34000015258789,173.1909942626953,8.52299976348877,0.0,-2.295,2.094,0.0,zedx_boom_imu_link,zedx_boom_left_camera_frame,492631007,1765332142,0.999992847442627,0.003616482252255082,0.0005469119059853256,-0.0009107014629989862,0.0,-0.03564900532364845,-0.00014700002793688327
1765332142500000000,-56.915000915527344,excavator_base_link,698711710,1765332142,4.114836947532909,1.002595420120558,0.0,0.0,0.0,0.0,0.0,127,0,0.0,669483084,1765332142,0.0,4,f,0,4,f,0,4,f,0,59.591,gps,694671319,1765332142,36.400118380833334,127.3612440475,0.6400000000000001,0.0,0.0,0.0,0.6400000000000001,0.0,0.0,0.0,2.5600000000000005,1,1,1,0.1,0.0,0.0,0.0,0.0,0.0,0.1,0.0,0.0,0.0,0.0,0.0,0.0,0.0,0.1,0.0,0.0,0.0,0.0,0.0,0.0,0.1,0.0,0.0,0.0,0.0,0.0,0.0,0.0,0.1,0.0,0.0,0.0,0.1,0.0,0.0,0.0,0.0,0.0,-0.0005359236613959292,-0.0038418116296925634,1.3410522737885943e-05,8,d,gps,695295225,1765332142,-35.81700000000001,-2.292,1.894,0,0,-42.518001556396484,4,f,0,4,f,0,4,f,0,4,f,0,7.984000205993652,7.599999904632568,False,True,100.0,59.591,gps,594661176,1765332142,36.400118348333336,127.3612440645,0.6400000000000001,0.0,0.0,0.0,0.6400000000000001,0.0,0.0,0.0,2.5600000000000005,1,1,1,0.1,0.0,0.0,0.0,0.0,0.0,0.1,0.0,0.0,0.0,0.0,0.0,0.0,0.0,0.1,0.0,0.0,0.0,0.0,0.0,0.0,0.1,0.0,0.0,0.0,0.0,0.0,0.0,0.0,0.1,0.0,0.0,0.0,0.1,0.0,0.0,0.0,0.0,0.0,-0.0005372154099681548,-0.0038414088470828793,1.3410987847329743e-05,excavator_base,671093589,1765332142,True,50.0,False,53.2599983215332,-2.3499999046325684,False,False,-37.40999984741211,-2.4200000762939453,False,False,-42.54999923706055,-7.829999923706055,False,excavator_base,671190463,1765332142,7.984000205993652,False,0.0,0.0,0.0,0.0,0.0,0.0,0.0,0.0,0.0,excavator_base,671222338,1765332142,False,False,7.984000205993652,0.0,0,False,,0,0,0.0,0.0,False,0.0,0.0,0.0,0,False,,0,0,False,0.0,0.0,0,default,1184.0,1301.0,False,1469.0,531.0,False,1495.0,1332.0,False,excavator_base,671153659,1765332142,0.0,0.0,7.984000205993652,False,True,True,True,0,False,True,0,excavator_base,671271623,1765332142,0,True,0.0,0.0,0.0,0,0,False,0,True,True,24.0,True,8,d,gps,695647613,1765332142,-35.81700000000001,-2.292,1.894,0,0,0.0,59.591,0.0,0.0,0.8,gps,695504366,1765332142,-35.81700000000001,36.400118380833334,127.3612440475,0,1,14,0.0,0.0,0,0,0.0,0.0,59.591,36.400118348333336,127.3612440645,0.0,0.0,0.0,0.0,0.0,0.0,0.0,0.0,0.0,-34.918000000000006,base_link,656341453,1765332142,87.86900329589844,40.6150016784668,173.29100036621094,7.984000205993652,0.0,-2.29,1.979,0.0,zedx_boom_imu_link,zedx_boom_left_camera_frame,599264932,1765332142,0.999992847442627,0.003616482252255082,0.0005469119059853256,-0.0009107014629989862,0.0,-0.03564900532364845,-0.00014700002793688327
1765332142600000000,-55.44300079345703,excavator_base_link,798679833,1765332142,4.159532213701441,1.0341889885310094,0.0,0.0,0.0,0.0,0.0,127,0,0.0,769438982,1765332142,0.0,4,f,0,4,f,0,4,f,0,59.591,gps,794749342,1765332142,36.40011840783333,127.36124401683334,0.6400000000000001,0.0,0.0,0.0,0.6400000000000001,0.0,0.0,0.0,2.5600000000000005,1,1,1,0.1,0.0,0.0,0.0,0.0,0.0,0.1,0.0,0.0,0.0,0.0,0.0,0.0,0.0,0.1,0.0,0.0,0.0,0.0,0.0,0.0,0.1,0.0,0.0,0.0,0.0,0.0,0.0,0.0,0.1,0.0,0.0,0.0,0.1,0.0,0.0,0.0,0.0,0.0,-0.0005348470813873118,-0.003842642662000569,1.3410048530647703e-05,8,d,gps,795577492,1765332142,-36.77600000000001,-2.297,1.897,0,0,-42.91699981689453,4,f,0,4,f,0,4,f,0,4,f,0,7.085000038146973,7.099999904632568,False,True,100.0,59.591,gps,694671319,1765332142,36.400118380833334,127.3612440475,0.6400000000000001,0.0,0.0,0.0,0.6400000000000001,0.0,0.0,0.0,2.5600000000000005,1,1,1,0.1,0.0,0.0,0.0,0.0,0.0,0.1,0.0,0.0,0.0,0.0,0.0,0.0,0.0,0.1,0.0,0.0,0.0,0.0,0.0,0.0,0.1,0.0,0.0,0.0,0.0,0.0,0.0,0.0,0.1,0.0,0.0,0.0,0.1,0.0,0.0,0.0,0.0,0.0,-0.0005359236613959292,-0.0038418116296925634,1.3410522737885943e-05,excavator_base,770861434,1765332142,True,50.0,False,51.849998474121094,-2.440000057220459,False,False,-37.529998779296875,-2.450000047683716,False,False,-44.02000045776367,-8.0,False,excavator_base,770965413,1765332142,7.085000038146973,False,0.0,0.0,0.0,0.0,0.0,0.0,0.0,0.0,0.0,excavator_base,771001097,1765332142,False,False,7.085000038146973,0.0,0,False,,0,0,0.0,0.0,False,0.0,0.0,0.0,0,False,,0,0,False,0.0,0.0,0,default,1208.0,1303.0,False,1383.0,531.0,False,1494.0,1315.0,False,excavator_base,770925345,1765332142,0.0,0.0,7.085000038146973,False,True,True,True,0,False,True,0,excavator_base,771051758,1765332142,0,True,0.0,0.0,0.0,0,0,False,0,True,True,24.0,True,8,d,gps,796052166,1765332142,-36.77600000000001,-2.297,1.897,0,0,0.0,59.591,0.0,0.0,0.8,gps,795854257,1765332142,-36.77600000000001,36.40011840783333,127.36124401683334,0,1,14,0.0,0.0,0,0,0.0,0.0,59.591,36.400118380833334,127.3612440475,0.0,0.0,0.0,0.0,0.0,0.0,0.0,0.0,0.0,-35.81700000000001,base_link,757483875,1765332142,89.86900329589844,40.73699951171875,173.38099670410156,7.085000038146973,0.0,-2.292,1.894,0.0,zedx_boom_imu_link,zedx_boom_left_camera_frame,690840863,1765332142,0.999992847442627,0.003616482252255082,0.0005469119059853256,-0.0009107014629989862,0.0,-0.03564900532364845,-0.00014700002793688327
1765332142700000000,-54.76800537109375,excavator_base_link,898734269,1765332142,4.182588229575925,1.0441727223887554,0.0,0.0,0.0,0.0,0.0,127,0,0.0,869612150,1765332142,0.0,4,f,0,4,f,0,4,f,0,59.591,gps,894728602,1765332142,36.40011843966667,127.36124398566666,0.6400000000000001,0.0,0.0,0.0,0.6400000000000001,0.0,0.0,0.0,2.5600000000000005,1,1,1,0.1,0.0,0.0,0.0,0.0,0.0,0.1,0.0,0.0,0.0,0.0,0.0,0.0,0.0,0.1,0.0,0.0,0.0,0.0,0.0,0.0,0.1,0.0,0.0,0.0,0.0,0.0,0.0,0.0,0.1,0.0,0.0,0.0,0.1,0.0,0.0,0.0,0.0,0.0,-0.0005335813131384263,-0.0038434898167000026,1.340957581119626e-05,8,d,gps,895399072,1765332142,-37.965,-2.279,1.904,0,0,-43.07600021362305,4,f,0,4,f,0,4,f,0,4,f,0,6.125999927520752,6.300000190734863,False,True,100.0,59.591,gps,794749342,1765332142,36.40011840783333,127.36124401683334,0.6400000000000001,0.0,0.0,0.0,0.6400000000000001,0.0,0.0,0.0,2.5600000000000005,1,1,1,0.1,0.0,0.0,0.0,0.0,0.0,0.1,0.0,0.0,0.0,0.0,0.0,0.0,0.0,0.1,0.0,0.0,0.0,0.0,0.0,0.0,0.1,0.0,0.0,0.0,0.0,0.0,0.0,0.0,0.1,0.0,0.0,0.0,0.1,0.0,0.0,0.0,0.0,0.0,-0.0005348470813873118,-0.003842642662000569,1.3410048530647703e-05,excavator_base,874564348,1765332142,True,50.0,False,51.25,-2.4100000858306885,False,False,-37.36000061035156,-2.450000047683716,False,False,-44.689998626708984,-8.09000015258789,False,excavator_base,874737070,1765332142,6.125999927520752,False,0.0,0.0,0.0,0.0,0.0,0.0,0.0,0.0,0.0,excavator_base,874802549,1765332142,False,False,6.125999927520752,0.0,0,False,,0,0,0.0,0.0,False,0.0,0.0,0.0,0,False,,0,0,False,0.0,0.0,0,default,1195.0,1303.0,False,1430.0,531.0,False,1493.0,1319.0,False,excavator_base,874663846,1765332142,0.0,0.0,6.125999927520752,False,True,True,True,0,False,True,0,excavator_base,874898911,1765332142,0,True,0.0,0.0,0.0,0,0,False,0,True,True,24.0,True,8,d,gps,895778664,1765332142,-37.965,-2.279,1.904,0,0,0.0,59.591,0.0,0.0,0.8,gps,895629816,1765332142,-37.965,36.40011843966667,127.36124398566666,0,1,14,0.0,0.0,0,0,0.0,0.0,59.591,36.40011840783333,127.36124401683334,0.0,0.0,0.0,0.0,0.0,0.0,0.0,0.0,0.0,-36.77600000000001,base_link,856344522,1765332142,90.93900299072266,40.571998596191406,173.42100524902344,6.125999927520752,0.0,-2.297,1.897,0.0,zedx_boom_imu_link,zedx_boom_left_camera_frame,782027242,1765332142,0.999992847442627,0.003616482252255082,0.0005469119059853256,-0.0009107014629989862,0.0,-0.03564900532364845,-0.00014700002793688327
1765332142800000000,-54.16600036621094,excavator_base_link,998921583,1765332142,4.195109911869528,1.0600254064030352,0.0,0.0,0.0,0.0,0.0,127,0,0.0,969488679,1765332142,0.0,4,f,0,4,f,0,4,f,0,59.59,gps,994752410,1765332142,36.400118490833336,127.36124395016667,0.6400000000000001,0.0,0.0,0.0,0.6400000000000001,0.0,0.0,0.0,2.5600000000000005,1,1,1,0.1,0.0,0.0,0.0,0.0,0.0,0.1,0.0,0.0,0.0,0.0,0.0,0.0,0.0,0.1,0.0,0.0,0.0,0.0,0.0,0.0,0.1,0.0,0.0,0.0,0.0,0.0,0.0,0.0,0.1,0.0,0.0,0.0,0.1,0.0,0.0,0.0,0.0,0.0,-0.0005315583461432653,-0.00384447333198607,1.3056231333338316e-05,8,d,gps,995468197,1765332142,-39.566,-2.287,1.812,0,0,-43.26499938964844,4,f,0,4,f,0,4,f,0,4,f,0,4.936999797821045,5.300000190734863,False,True,100.0,59.591,gps,894728602,1765332142,36.40011843966667,127.36124398566666,0.6400000000000001,0.0,0.0,0.0,0.6400000000000001,0.0,0.0,0.0,2.5600000000000005,1,1,1,0.1,0.0,0.0,0.0,0.0,0.0,0.1,0.0,0.0,0.0,0.0,0.0,0.0,0.0,0.1,0.0,0.0,0.0,0.0,0.0,0.0,0.1,0.0,0.0,0.0,0.0,0.0,0.0,0.0,0.1,0.0,0.0,0.0,0.1,0.0,0.0,0.0,0.0,0.0,-0.0005335813131384263,-0.0038434898167000026,1.340957581119626e-05,excavator_base,971120658,1765332142,True,50.0,False,50.7599983215332,-2.4600000381469727,False,False,-37.31999969482422,-2.4200000762939453,False,False,-45.310001373291016,-8.270000457763672,False,excavator_base,971228061,1765332142,4.936999797821045,False,0.0,0.0,0.0,0.0,0.0,0.0,0.0,0.0,0.0,excavator_base,971263777,1765332142,False,False,4.936999797821045,0.0,0,False,,0,0,0.0,0.0,False,0.0,0.0,0.0,0,False,,0,0,False,0.0,0.0,0,default,1177.0,1304.0,False,1489.0,531.0,False,1497.0,1328.0,False,excavator_base,971186809,1765332142,0.0,0.0,4.936999797821045,False,True,True,True,0,False,True,0,excavator_base,971316838,1765332142,0,True,0.0,0.0,0.0,0,0,False,0,True,True,24.0,True,8,d,gps,995861614,1765332142,-39.566,-2.287,1.812,0,0,0.0,59.59,0.0,0.0,0.8,gps,995707198,1765332142,-39.566,36.400118490833336,127.36124395016667,0,1,14,0.0,0.0,0,0,0.0,0.0,59.591,36.40011843966667,127.36124398566666,0.0,0.0,0.0,0.0,0.0,0.0,0.0,0.0,0.0,-37.965,base_link,956299075,1765332142,91.4489974975586,40.513999938964844,173.52099609375,4.936999797821045,0.0,-2.279,1.904,0.0,zedx_boom_imu_link,zedx_boom_left_camera_frame,898963348,1765332142,0.999992847442627,0.003616482252255082,0.0005469119059853256,-0.0009107014629989862,0.0,-0.03564900532364845,-0.00014700002793688327
1765332142900000000,-53.55799865722656,excavator_base_link,99073885,1765332143,4.203666600223399,1.078655518363823,0.0,0.0,0.0,0.0,0.0,127,0,0.0,70932797,1765332143,0.0,4,f,0,4,f,0,4,f,0,59.59,gps,94890535,1765332143,36.40011855216667,127.36124391033333,0.6400000000000001,0.0,0.0,0.0,0.6400000000000001,0.0,0.0,0.0,2.5600000000000005,1,1,1,0.1,0.0,0.0,0.0,0.0,0.0,0.1,0.0,0.0,0.0,0.0,0.0,0.0,0.0,0.1,0.0,0.0,0.0,0.0,0.0,0.0,0.1,0.0,0.0,0.0,0.0,0.0,0.0,0.0,0.1,0.0,0.0,0.0,0.1,0.0,0.0,0.0,0.0,0.0,-0.0005291368012873115,-0.003845589610965711,1.3055757638695933e-05,8,d,gps,98682900,1765332143,-41.394000000000005,-2.262,1.678,0,0,-43.465999603271484,4,f,0,4,f,0,4,f,0,4,f,0,3.3359999656677246,3.9000000953674316,False,True,100.0,59.59,gps,994752410,1765332142,36.400118490833336,127.36124395016667,0.6400000000000001,0.0,0.0,0.0,0.6400000000000001,0.0,0.0,0.0,2.5600000000000005,1,1,1,0.1,0.0,0.0,0.0,0.0,0.0,0.1,0.0,0.0,0.0,0.0,0.0,0.0,0.0,0.1,0.0,0.0,0.0,0.0,0.0,0.0,0.1,0.0,0.0,0.0,0.0,0.0,0.0,0.0,0.1,0.0,0.0,0.0,0.1,0.0,0.0,0.0,0.0,0.0,-0.0005315583461432653,-0.00384447333198607,1.3056231333338316e-05,excavator_base,71150643,1765332143,True,50.0,False,50.349998474121094,-2.430000066757202,False,False,-37.540000915527344,-2.4200000762939453,False,False,-45.90999984741211,-8.399999618530273,False,excavator_base,71262911,1765332143,3.3359999656677246,False,0.0,0.0,0.0,0.0,0.0,0.0,0.0,0.0,0.0,excavator_base,71300579,1765332143,False,False,3.3359999656677246,0.0,0,False,,0,0,0.0,0.0,False,0.0,0.0,0.0,0,False,,0,0,False,0.0,0.0,0,default,1177.0,1300.0,False,1415.0,531.0,False,1497.0,1325.0,False,excavator_base,71216794,1765332143,0.0,0.0,3.3359999656677246,False,True,True,True,0,False,True,0,excavator_base,71359113,1765332143,0,True,0.0,0.0,0.0,0,0,False,0,True,True,24.0,True,8,d,gps,99154885,1765332143,-41.394000000000005,-2.262,1.678,0,0,0.0,59.59,0.0,0.0,0.8,gps,98983187,1765332143,-41.394000000000005,36.40011855216667,127.36124391033333,0,1,14,0.0,0.0,0,0,0.0,0.0,59.59,36.400118490833336,127.36124395016667,0.0,0.0,0.0,0.0,0.0,0.0,0.0,0.0,0.0,-39.566,base_link,56427727,1765332143,91.77899932861328,40.742000579833984,173.6909942626953,3.3359999656677246,0.0,-2.287,1.812,0.0,zedx_boom_imu_link,zedx_boom_left_camera_frame,990305247,1765332142,0.999992847442627,0.003616482252255082,0.0005469119059853256,-0.0009107014629989862,0.0,-0.03564900532364845,-0.00014700002793688327
1765332143000000000,-53.42300033569336,excavator_base_link,201468213,1765332143,4.20643025889885,1.0753673460622677,0.0,0.0,0.0,0.0,0.0,127,0,0.0,169670295,1765332143,0.0,4,f,0,4,f,0,4,f,0,59.589,gps,194724532,1765332143,36.40011860683333,127.36124386966667,0.6400000000000001,0.0,0.0,0.0,0.6400000000000001,0.0,0.0,0.0,2.5600000000000005,1,1,1,0.1,0.0,0.0,0.0,0.0,0.0,0.1,0.0,0.0,0.0,0.0,0.0,0.0,0.0,0.1,0.0,0.0,0.0,0.0,0.0,0.0,0.1,0.0,0.0,0.0,0.0,0.0,0.0,0.0,0.1,0.0,0.0,0.0,0.1,0.0,0.0,0.0,0.0,0.0,-0.0005269776003870692,-0.003846739835456901,1.2702464077549982e-05,8,d,gps,195384953,1765332143,-43.40899999999999,-2.254,1.665,0,0,-43.49399948120117,4,f,0,4,f,0,4,f,0,4,f,0,1.5080000162124634,2.0999999046325684,False,True,100.0,59.59,gps,94890535,1765332143,36.40011855216667,127.36124391033333,0.6400000000000001,0.0,0.0,0.0,0.6400000000000001,0.0,0.0,0.0,2.5600000000000005,1,1,1,0.1,0.0,0.0,0.0,0.0,0.0,0.1,0.0,0.0,0.0,0.0,0.0,0.0,0.0,0.1,0.0,0.0,0.0,0.0,0.0,0.0,0.1,0.0,0.0,0.0,0.0,0.0,0.0,0.0,0.1,0.0,0.0,0.0,0.1,0.0,0.0,0.0,0.0,0.0,-0.0005291368012873115,-0.003845589610965711,1.3055757638695933e-05,excavator_base,176944176,1765332143,True,50.0,False,50.40999984741211,-2.5,False,False,-37.619998931884766,-2.380000114440918,False,False,-46.06999969482422,-8.630000114440918,False,excavator_base,177063196,1765332143,1.5080000162124634,False,0.0,0.0,0.0,0.0,0.0,0.0,0.0,0.0,0.0,excavator_base,177100000,1765332143,False,False,1.5080000162124634,0.0,0,False,,0,0,0.0,0.0,False,0.0,0.0,0.0,0,False,,0,0,False,0.0,0.0,0,default,1190.0,1306.0,False,1363.0,531.0,False,1498.0,1319.0,False,excavator_base,177019736,1765332143,0.0,0.0,1.5080000162124634,False,True,True,True,0,False,True,0,excavator_base,177156934,1765332143,0,True,0.0,0.0,0.0,0,0,False,0,True,True,24.0,True,8,d,gps,195756672,1765332143,-43.40899999999999,-2.254,1.665,0,0,0.0,59.589,0.0,0.0,0.8,gps,195606224,1765332143,-43.40899999999999,36.40011860683333,127.36124386966667,0,1,14,0.0,0.0,0,0,0.0,0.0,59.59,36.40011855216667,127.36124391033333,0.0,0.0,0.0,0.0,0.0,0.0,0.0,0.0,0.0,-41.394000000000005,base_link,156852506,1765332143,91.8290023803711,40.797000885009766,173.9010009765625,1.5080000162124634,0.0,-2.262,1.678,0.0,zedx_boom_imu_link,zedx_boom_left_camera_frame,91891487,1765332143,0.999992847442627,0.003616482252255082,0.0005469119059853256,-0.0009107014629989862,0.0,-0.03564900532364845,-0.00014700002793688327
1765332143100000000,-53.44099426269531,excavator_base_link,298683344,1765332143,4.210343022059698,1.0610429467213542,0.0,0.0,0.0,0.0,0.0,127,0,0.0,270090177,1765332143,0.0,4,f,0,4,f,0,4,f,0,59.588,gps,294859552,1765332143,36.40011866566667,127.36124382283333,0.6400000000000001,0.0,0.0,0.0,0.6400000000000001,0.0,0.0,0.0,2.5600000000000005,1,1,1,0.1,0.0,0.0,0.0,0.0,0.0,0.1,0.0,0.0,0.0,0.0,0.0,0.0,0.0,0.1,0.0,0.0,0.0,0.0,0.0,0.0,0.1,0.0,0.0,0.0,0.0,0.0,0.0,0.0,0.1,0.0,0.0,0.0,0.1,0.0,0.0,0.0,0.0,0.0,-0.0005246548002137037,-0.0038480802584219876,1.2349181515873533e-05,8,d,gps,295500355,1765332143,-45.542,-2.219,1.536,0,0,-43.409000396728516,4,f,0,4,f,0,4,f,0,4,f,0,0.0,0.0,False,True,100.0,59.589,gps,194724532,1765332143,36.40011860683333,127.36124386966667,0.6400000000000001,0.0,0.0,0.0,0.6400000000000001,0.0,0.0,0.0,2.5600000000000005,1,1,1,0.1,0.0,0.0,0.0,0.0,0.0,0.1,0.0,0.0,0.0,0.0,0.0,0.0,0.0,0.1,0.0,0.0,0.0,0.0,0.0,0.0,0.1,0.0,0.0,0.0,0.0,0.0,0.0,0.0,0.1,0.0,0.0,0.0,0.1,0.0,0.0,0.0,0.0,0.0,-0.0005269776003870692,-0.003846739835456901,1.2702464077549982e-05,excavator_base,276279464,1765332143,True,50.0,False,50.65999984741211,-2.490000009536743,False,False,-37.43000030517578,-2.3299999237060547,False,False,-46.060001373291016,-8.770000457763672,False,excavator_base,276388244,1765332143,0.0,False,0.0,0.0,0.0,0.0,0.0,0.0,0.0,0.0,0.0,excavator_base,276424087,1765332143,False,False,0.0,0.0,0,False,,0,0,0.0,0.0,False,0.0,0.0,0.0,0,False,,0,0,False,0.0,0.0,0,default,1184.0,1306.0,False,1374.0,531.0,False,1496.0,1319.0,False,excavator_base,276347759,1765332143,0.0,0.0,0.0,False,True,True,True,0,False,True,0,excavator_base,276477853,1765332143,0,True,0.0,0.0,0.0,0,0,False,0,True,True,24.0,True,8,d,gps,295865065,1765332143,-45.542,-2.219,1.536,0,0,0.0,59.588,0.0,0.0,0.8,gps,295714298,1765332143,-45.542,36.40011866566667,127.36124382283333,0,1,14,0.0,0.0,0,0,0.0,0.0,59.589,36.40011860683333,127.36124386966667,0.0,0.0,0.0,0.0,0.0,0.0,0.0,0.0,0.0,-43.40899999999999,base_link,256319552,1765332143,91.86900329589844,40.5989990234375,174.12100219726562,-0.5070000290870667,0.0,-2.254,1.665,0.0,zedx_boom_imu_link,zedx_boom_left_camera_frame,194871980,1765332143,0.999992847442627,0.003616482252255082,0.0005469119059853256,-0.0009107014629989862,0.0,-0.03564900532364845,-0.00014700002793688327
1765332143200000000,-53.696006774902344,excavator_base_link,402003050,1765332143,4.213558004240392,1.0323066645235164,0.0,0.0,0.0,0.0,0.0,127,0,0.0,369511298,1765332143,0.0,4,f,0,4,f,0,4,f,0,59.588,gps,394882977,1765332143,36.400118727,127.361243789,0.6400000000000001,0.0,0.0,0.0,0.6400000000000001,0.0,0.0,0.0,2.5600000000000005,1,1,1,0.1,0.0,0.0,0.0,0.0,0.0,0.1,0.0,0.0,0.0,0.0,0.0,0.0,0.0,0.1,0.0,0.0,0.0,0.0,0.0,0.0,0.1,0.0,0.0,0.0,0.0,0.0,0.0,0.0,0.1,0.0,0.0,0.0,0.1,0.0,0.0,0.0,0.0,0.0,-0.000522234274564394,-0.003849010931985505,1.2348745637376518e-05,8,d,gps,395556551,1765332143,-47.708,-2.207,1.499,0,0,-43.44200134277344,4,f,0,4,f,0,4,f,0,4,f,0,-2.132999897003174,-2.0999999046325684,False,True,100.0,59.588,gps,294859552,1765332143,36.40011866566667,127.36124382283333,0.6400000000000001,0.0,0.0,0.0,0.6400000000000001,0.0,0.0,0.0,2.5600000000000005,1,1,1,0.1,0.0,0.0,0.0,0.0,0.0,0.1,0.0,0.0,0.0,0.0,0.0,0.0,0.0,0.1,0.0,0.0,0.0,0.0,0.0,0.0,0.1,0.0,0.0,0.0,0.0,0.0,0.0,0.0,0.1,0.0,0.0,0.0,0.1,0.0,0.0,0.0,0.0,0.0,-0.0005246548002137037,-0.0038480802584219876,1.2349181515873533e-05,excavator_base,374044509,1765332143,True,50.0,False,51.150001525878906,-2.619999885559082,False,False,-37.0099983215332,-2.309999942779541,False,False,-45.84000015258789,-9.069999694824219,False,excavator_base,374167626,1765332143,-2.132999897003174,False,0.0,0.0,0.0,0.0,0.0,0.0,0.0,0.0,0.0,excavator_base,374374239,1765332143,False,False,-2.132999897003174,0.0,0,False,,0,0,0.0,0.0,False,0.0,0.0,0.0,0,False,,0,0,False,0.0,0.0,0,default,1185.0,1302.0,False,1358.0,531.0,False,1493.0,1316.0,False,excavator_base,374121573,1765332143,0.0,0.0,-2.132999897003174,False,True,True,True,0,False,True,0,excavator_base,374477322,1765332143,0,True,0.0,0.0,0.0,0,0,False,0,True,True,24.0,True,8,d,gps,395944368,1765332143,-47.708,-2.207,1.499,0,0,0.0,59.588,0.0,0.0,0.8,gps,395781727,1765332143,-47.708,36.400118727,127.361243789,0,1,14,0.0,0.0,0,0,0.0,0.0,59.588,36.40011866566667,127.36124382283333,0.0,0.0,0.0,0.0,0.0,0.0,0.0,0.0,0.0,-45.542,base_link,357756565,1765332143,91.91899871826172,40.14400100708008,174.39100646972656,-2.132999897003174,0.0,-2.219,1.536,0.0,odom,map,855969000,1765332142,0.9516091261562312,0.047265406814217446,0.29931857054265754,-0.05113165030742327,-34.99560631888194,36.52344085908974,0.18696555154546401
1765332143300000000,-54.24800491333008,excavator_base_link,498710351,1765332143,4.215361654866971,0.9866655114581381,0.0,0.0,0.0,0.0,0.0,127,0,0.0,469505248,1765332143,0.0,4,f,0,4,f,0,4,f,0,59.587,gps,495132281,1765332143,36.4001187795,127.36124375200001,0.6400000000000001,0.0,0.0,0.0,0.6400000000000001,0.0,0.0,0.0,2.5600000000000005,1,1,1,0.1,0.0,0.0,0.0,0.0,0.0,0.1,0.0,0.0,0.0,0.0,0.0,0.0,0.0,0.1,0.0,0.0,0.0,0.0,0.0,0.0,0.1,0.0,0.0,0.0,0.0,0.0,0.0,0.0,0.1,0.0,0.0,0.0,0.1,0.0,0.0,0.0,0.0,0.0,-0.0005201597974500641,-0.0038500409765158702,1.1995499753931732e-05,8,d,gps,495868006,1765332143,-49.629999999999995,-2.176,1.375,0,0,-43.507999420166016,4,f,0,4,f,0,4,f,0,4,f,0,-4.298999786376953,-4.199999809265137,False,True,100.0,59.588,gps,394882977,1765332143,36.400118727,127.361243789,0.6400000000000001,0.0,0.0,0.0,0.6400000000000001,0.0,0.0,0.0,2.5600000000000005,1,1,1,0.1,0.0,0.0,0.0,0.0,0.0,0.1,0.0,0.0,0.0,0.0,0.0,0.0,0.0,0.1,0.0,0.0,0.0,0.0,0.0,0.0,0.1,0.0,0.0,0.0,0.0,0.0,0.0,0.0,0.1,0.0,0.0,0.0,0.1,0.0,0.0,0.0,0.0,0.0,-0.000522234274564394,-0.003849010931985505,1.2348745637376518e-05,excavator_base,471442123,1765332143,True,50.0,False,51.970001220703125,-2.700000047683716,False,False,-36.36000061035156,-2.2899999618530273,False,False,-45.29999923706055,-9.289999961853027,False,excavator_base,471566328,1765332143,-4.298999786376953,False,0.0,0.0,0.0,0.0,0.0,0.0,0.0,0.0,0.0,excavator_base,471601755,1765332143,False,False,-4.298999786376953,0.0,0,False,,0,0,0.0,0.0,False,0.0,0.0,0.0,0,False,,0,0,False,0.0,0.0,0,default,1187.0,1300.0,False,1326.0,531.0,False,1492.0,1317.0,False,excavator_base,471525235,1765332143,0.0,0.0,-4.298999786376953,False,True,True,True,0,False,True,0,excavator_base,471653889,1765332143,0,True,0.0,0.0,0.0,0,0,False,0,True,True,24.0,True,8,d,gps,496270256,1765332143,-49.629999999999995,-2.176,1.375,0,0,0.0,59.587,0.0,0.0,0.8,gps,496100126,1765332143,-49.629999999999995,36.4001187795,127.36124375200001,0,1,14,0.0,0.0,0,0,0.0,0.0,59.588,36.400118727,127.361243789,0.0,0.0,0.0,0.0,0.0,0.0,0.0,0.0,0.0,-47.708,base_link,456332222,1765332143,91.92900085449219,39.481998443603516,174.66099548339844,-4.298999786376953,0.0,-2.207,1.499,0.0,zedx_boom_imu_link,zedx_boom_left_camera_frame,388745859,1765332143,0.999992847442627,0.003616482252255082,0.0005469119059853256,-0.0009107014629989862,0.0,-0.03564900532364845,-0.00014700002793688327
1765332143400000000,-55.288997650146484,excavator_base_link,601872505,1765332143,4.212354330665823,0.9176077449492529,0.0,0.0,0.0,0.0,0.0,127,0,0.0,569582950,1765332143,0.0,4,f,0,4,f,0,4,f,0,59.586,gps,595234658,1765332143,36.400118821666666,127.3612437275,0.6400000000000001,0.0,0.0,0.0,0.6400000000000001,0.0,0.0,0.0,2.5600000000000005,1,1,1,0.1,0.0,0.0,0.0,0.0,0.0,0.1,0.0,0.0,0.0,0.0,0.0,0.0,0.0,0.1,0.0,0.0,0.0,0.0,0.0,0.0,0.1,0.0,0.0,0.0,0.0,0.0,0.0,0.0,0.1,0.0,0.0,0.0,0.1,0.0,0.0,0.0,0.0,0.0,-0.0005184901600051742,-0.003850677214339948,1.1642279673024753e-05,8,d,gps,596012659,1765332143,-51.30000000000001,-2.148,1.372,0,0,-43.630001068115234,4,f,0,4,f,0,4,f,0,4,f,0,-6.2210001945495605,-6.0,False,True,100.0,59.587,gps,495132281,1765332143,36.4001187795,127.36124375200001,0.6400000000000001,0.0,0.0,0.0,0.6400000000000001,0.0,0.0,0.0,2.5600000000000005,1,1,1,0.1,0.0,0.0,0.0,0.0,0.0,0.1,0.0,0.0,0.0,0.0,0.0,0.0,0.0,0.1,0.0,0.0,0.0,0.0,0.0,0.0,0.1,0.0,0.0,0.0,0.0,0.0,0.0,0.0,0.1,0.0,0.0,0.0,0.1,0.0,0.0,0.0,0.0,0.0,-0.0005201597974500641,-0.0038500409765158702,1.1995499753931732e-05,excavator_base,571176429,1765332143,True,50.0,False,53.220001220703125,-2.859999895095825,False,False,-35.349998474121094,-2.2699999809265137,False,False,-44.290000915527344,-9.619999885559082,False,excavator_base,571314652,1765332143,-6.2210001945495605,False,0.0,0.0,0.0,0.0,0.0,0.0,0.0,0.0,0.0,excavator_base,571358080,1765332143,False,False,-6.2210001945495605,0.0,0,False,,0,0,0.0,0.0,False,0.0,0.0,0.0,0,False,,0,0,False,0.0,0.0,0,default,1189.0,1299.0,False,1274.0,531.0,False,1492.0,1313.0,False,excavator_base,571270007,1765332143,0.0,0.0,-6.2210001945495605,False,True,True,True,0,False,True,0,excavator_base,571431272,1765332143,0,True,0.0,0.0,0.0,0,0,False,0,True,True,24.0,True,8,d,gps,596423198,1765332143,-51.30000000000001,-2.148,1.372,0,0,0.0,59.586,0.0,0.0,0.8,gps,596249644,1765332143,-51.30000000000001,36.400118821666666,127.3612437275,0,1,14,0.0,0.0,0,0,0.0,0.0,59.587,36.4001187795,127.36124375200001,0.0,0.0,0.0,0.0,0.0,0.0,0.0,0.0,0.0,-49.629999999999995,base_link,556272150,1765332143,91.88899993896484,38.441001892089844,174.93099975585938,-6.2210001945495605,0.0,-2.176,1.375,0.0,zedx_boom_imu_link,zedx_boom_left_camera_frame,495030360,1765332143,0.999992847442627,0.003616482252255082,0.0005469119059853256,-0.0009107014629989862,0.0,-0.03564900532364845,-0.00014700002793688327
1765332143500000000,-56.52699279785156,excavator_base_link,702713135,1765332143,4.205415670064717,0.8405572738874274,0.0,0.0,0.0,0.0,0.0,127,0,0.0,669820541,1765332143,0.0,4,f,0,4,f,0,4,f,0,59.585,gps,695007689,1765332143,36.40011886633334,127.36124369883333,0.6400000000000001,0.0,0.0,0.0,0.6400000000000001,0.0,0.0,0.0,2.5600000000000005,1,1,1,0.1,0.0,0.0,0.0,0.0,0.0,0.1,0.0,0.0,0.0,0.0,0.0,0.0,0.0,0.1,0.0,0.0,0.0,0.0,0.0,0.0,0.1,0.0,0.0,0.0,0.0,0.0,0.0,0.0,0.1,0.0,0.0,0.0,0.1,0.0,0.0,0.0,0.0,0.0,-0.0005167228126604357,-0.003851445254856027,1.128908606941372e-05,8,d,gps,695796283,1765332143,-52.91900000000001,-2.12,1.304,0,0,-43.400001525878906,4,f,0,4,f,0,4,f,0,4,f,0,-7.890999794006348,-7.900000095367432,False,True,100.0,59.586,gps,595234658,1765332143,36.400118821666666,127.3612437275,0.6400000000000001,0.0,0.0,0.0,0.6400000000000001,0.0,0.0,0.0,2.5600000000000005,1,1,1,0.1,0.0,0.0,0.0,0.0,0.0,0.1,0.0,0.0,0.0,0.0,0.0,0.0,0.0,0.1,0.0,0.0,0.0,0.0,0.0,0.0,0.1,0.0,0.0,0.0,0.0,0.0,0.0,0.0,0.1,0.0,0.0,0.0,0.1,0.0,0.0,0.0,0.0,0.0,-0.0005184901600051742,-0.003850677214339948,1.1642279673024753e-05,excavator_base,671726981,1765332143,True,50.0,False,54.63999938964844,-2.869999885559082,False,False,-34.060001373291016,-2.25,False,False,-43.08000183105469,-9.770000457763672,False,excavator_base,671847601,1765332143,-7.890999794006348,False,0.0,0.0,0.0,0.0,0.0,0.0,0.0,0.0,0.0,excavator_base,671883349,1765332143,False,False,-7.890999794006348,0.0,0,False,,0,0,0.0,0.0,False,0.0,0.0,0.0,0,False,,0,0,False,0.0,0.0,0,default,1180.0,1298.0,False,1356.0,531.0,False,1489.0,1313.0,False,excavator_base,671803245,1765332143,0.0,0.0,-7.890999794006348,False,True,True,True,0,False,True,0,excavator_base,671938683,1765332143,0,True,0.0,0.0,0.0,0,0,False,0,True,True,24.0,True,8,d,gps,696290639,1765332143,-52.91900000000001,-2.12,1.304,0,0,0.0,59.585,0.0,0.0,0.8,gps,696089882,1765332143,-52.91900000000001,36.40011886633334,127.36124369883333,0,1,14,0.0,0.0,0,0,0.0,0.0,59.586,36.400118821666666,127.3612437275,0.0,0.0,0.0,0.0,0.0,0.0,0.0,0.0,0.0,-51.30000000000001,base_link,656293078,1765332143,91.81900024414062,37.12300109863281,175.17100524902344,-7.890999794006348,0.0,-2.148,1.372,0.0,zedx_boom_imu_link,zedx_boom_left_camera_frame,591301161,1765332143,0.999992847442627,0.003616482252255082,0.0005469119059853256,-0.0009107014629989862,0.0,-0.03564900532364845,-0.00014700002793688327
1765332143600000000,-57.79500198364258,excavator_base_link,798683623,1765332143,4.195755021950219,0.7663051004256936,0.0,0.0,0.0,0.0,0.0,127,0,0.0,769481272,1765332143,0.0,4,f,0,4,f,0,4,f,0,59.585,gps,794943904,1765332143,36.40011890266667,127.36124367633333,0.6400000000000001,0.0,0.0,0.0,0.6400000000000001,0.0,0.0,0.0,2.5600000000000005,1,1,1,0.1,0.0,0.0,0.0,0.0,0.0,0.1,0.0,0.0,0.0,0.0,0.0,0.0,0.0,0.1,0.0,0.0,0.0,0.0,0.0,0.0,0.1,0.0,0.0,0.0,0.0,0.0,0.0,0.0,0.1,0.0,0.0,0.0,0.1,0.0,0.0,0.0,0.0,0.0,-0.0005152818797237864,-0.0038520187050262015,1.1288688326231378e-05,8,d,gps,795592100,1765332143,-54.22399999999999,-2.109,1.25,0,0,-43.21900177001953,4,f,0,4,f,0,4,f,0,4,f,0,-9.510000228881836,-9.699999809265137,False,True,100.0,59.585,gps,695007689,1765332143,36.40011886633334,127.36124369883333,0.6400000000000001,0.0,0.0,0.0,0.6400000000000001,0.0,0.0,0.0,2.5600000000000005,1,1,1,0.1,0.0,0.0,0.0,0.0,0.0,0.1,0.0,0.0,0.0,0.0,0.0,0.0,0.0,0.1,0.0,0.0,0.0,0.0,0.0,0.0,0.1,0.0,0.0,0.0,0.0,0.0,0.0,0.0,0.1,0.0,0.0,0.0,0.1,0.0,0.0,0.0,0.0,0.0,-0.0005167228126604357,-0.003851445254856027,1.128908606941372e-05,excavator_base,774388602,1765332143,True,50.0,False,56.0099983215332,-2.809999942779541,False,False,-32.79999923706055,-2.200000047683716,False,False,-42.41999816894531,-9.739999771118164,False,excavator_base,774510246,1765332143,-9.510000228881836,False,0.0,0.0,0.0,0.0,0.0,0.0,0.0,0.0,0.0,excavator_base,774549130,1765332143,False,False,-9.510000228881836,0.0,0,False,,0,0,0.0,0.0,False,0.0,0.0,0.0,0,False,,0,0,False,0.0,0.0,0,default,1170.0,1296.0,False,1389.0,531.0,False,1489.0,1317.0,False,excavator_base,774464033,1765332143,0.0,0.0,-9.510000228881836,False,True,True,True,0,False,True,0,excavator_base,774606512,1765332143,0,True,0.0,0.0,0.0,0,0,False,0,True,True,24.0,True,8,d,gps,795967883,1765332143,-54.22399999999999,-2.109,1.25,0,0,0.0,59.585,0.0,0.0,0.8,gps,795819420,1765332143,-54.22399999999999,36.40011890266667,127.36124367633333,0,1,14,0.0,0.0,0,0,0.0,0.0,59.585,36.40011886633334,127.36124369883333,0.0,0.0,0.0,0.0,0.0,0.0,0.0,0.0,0.0,-52.91900000000001,base_link,756614326,1765332143,91.64900207519531,35.834999084472656,175.30099487304688,-9.510000228881836,0.0,-2.12,1.304,0.0,zedx_boom_imu_link,zedx_boom_left_camera_frame,697559716,1765332143,0.999992847442627,0.003616482252255082,0.0005469119059853256,-0.0009107014629989862,0.0,-0.03564900532364845,-0.00014700002793688327
1765332143700000000,-59.0159912109375,excavator_base_link,898687430,1765332143,4.18544047648956,0.6944389700097816,0.0,0.0,0.0,0.0,0.0,127,0,0.0,869598435,1765332143,0.0,4,f,0,4,f,0,4,f,0,59.584,gps,895062155,1765332143,36.400118929166666,127.36124365883333,0.6400000000000001,0.0,0.0,0.0,0.6400000000000001,0.0,0.0,0.0,2.5600000000000005,1,1,1,0.1,0.0,0.0,0.0,0.0,0.0,0.1,0.0,0.0,0.0,0.0,0.0,0.0,0.0,0.1,0.0,0.0,0.0,0.0,0.0,0.0,0.1,0.0,0.0,0.0,0.0,0.0,0.0,0.0,0.1,0.0,0.0,0.0,0.1,0.0,0.0,0.0,0.0,0.0,-0.0005142260350058233,-0.0038524341580190267,1.0935530467197052e-05,8,d,gps,895818458,1765332143,-55.278999999999996,-2.096,1.213,0,0,-43.2239990234375,4,f,0,4,f,0,4,f,0,4,f,0,-10.8149995803833,-11.0,False,True,100.0,59.585,gps,794943904,1765332143,36.40011890266667,127.36124367633333,0.6400000000000001,0.0,0.0,0.0,0.6400000000000001,0.0,0.0,0.0,2.5600000000000005,1,1,1,0.1,0.0,0.0,0.0,0.0,0.0,0.1,0.0,0.0,0.0,0.0,0.0,0.0,0.0,0.1,0.0,0.0,0.0,0.0,0.0,0.0,0.1,0.0,0.0,0.0,0.0,0.0,0.0,0.0,0.1,0.0,0.0,0.0,0.1,0.0,0.0,0.0,0.0,0.0,-0.0005152818797237864,-0.0038520187050262015,1.1288688326231378e-05,excavator_base,874009552,1765332143,True,50.0,False,57.34000015258789,-2.7899999618530273,False,False,-31.56999969482422,-2.2200000286102295,False,False,-40.630001068115234,-9.789999961853027,False,excavator_base,874125084,1765332143,-10.8149995803833,False,0.0,0.0,0.0,0.0,0.0,0.0,0.0,0.0,0.0,excavator_base,874161056,1765332143,False,False,-10.8149995803833,0.0,0,False,,0,0,0.0,0.0,False,0.0,0.0,0.0,0,False,,0,0,False,0.0,0.0,0,default,1174.0,1294.0,False,1356.0,531.0,False,1488.0,1310.0,False,excavator_base,874083736,1765332143,0.0,0.0,-10.8149995803833,False,True,True,True,0,False,True,0,excavator_base,874216454,1765332143,0,True,0.0,0.0,0.0,0,0,False,0,True,True,24.0,True,8,d,gps,896239494,1765332143,-55.278999999999996,-2.096,1.213,0,0,0.0,59.584,0.0,0.0,0.8,gps,896081973,1765332143,-55.278999999999996,36.400118929166666,127.36124365883333,0,1,14,0.0,0.0,0,0,0.0,0.0,59.585,36.40011890266667,127.36124367633333,0.0,0.0,0.0,0.0,0.0,0.0,0.0,0.0,0.0,-54.22399999999999,base_link,858512635,1765332143,91.56900024414062,34.59400177001953,175.4510040283203,-10.8149995803833,0.0,-2.109,1.25,0.0,zedx_boom_imu_link,zedx_boom_left_camera_frame,789034841,1765332143,0.999992847442627,0.003616482252255082,0.0005469119059853256,-0.0009107014629989862,0.0,-0.03564900532364845,-0.00014700002793688327
1765332143800000000,-60.35900115966797,excavator_base_link,999107568,1765332143,4.171809561041452,0.6191429269502359,0.0,0.0,0.0,0.0,0.0,127,0,0.0,969632996,1765332143,0.0,4,f,0,4,f,0,4,f,0,59.583,gps,996646095,1765332143,36.400118950666666,127.361243643,0.6400000000000001,0.0,0.0,0.0,0.6400000000000001,0.0,0.0,0.0,2.5600000000000005,1,1,1,0.1,0.0,0.0,0.0,0.0,0.0,0.1,0.0,0.0,0.0,0.0,0.0,0.0,0.0,0.1,0.0,0.0,0.0,0.0,0.0,0.0,0.1,0.0,0.0,0.0,0.0,0.0,0.0,0.0,0.1,0.0,0.0,0.0,0.1,0.0,0.0,0.0,0.0,0.0,-0.0005133657801145443,-0.003852795112411813,1.0582392221238359e-05,8,d,gps,997361881,1765332143,-56.235000000000014,-2.084,1.174,0,0,-42.87900161743164,4,f,0,4,f,0,4,f,0,4,f,0,-11.869999885559082,-12.399999618530273,False,True,100.0,59.584,gps,895062155,1765332143,36.400118929166666,127.36124365883333,0.6400000000000001,0.0,0.0,0.0,0.6400000000000001,0.0,0.0,0.0,2.5600000000000005,1,1,1,0.1,0.0,0.0,0.0,0.0,0.0,0.1,0.0,0.0,0.0,0.0,0.0,0.0,0.0,0.1,0.0,0.0,0.0,0.0,0.0,0.0,0.1,0.0,0.0,0.0,0.0,0.0,0.0,0.0,0.1,0.0,0.0,0.0,0.1,0.0,0.0,0.0,0.0,0.0,-0.0005142260350058233,-0.0038524341580190267,1.0935530467197052e-05,excavator_base,970870598,1765332143,True,50.0,False,58.7400016784668,-2.5799999237060547,False,False,-30.31999969482422,-2.190000057220459,False,False,-39.29999923706055,-9.579999923706055,False,excavator_base,970988722,1765332143,-11.869999885559082,False,0.0,0.0,0.0,0.0,0.0,0.0,0.0,0.0,0.0,excavator_base,971027798,1765332143,False,False,-11.869999885559082,0.0,0,False,,0,0,0.0,0.0,False,0.0,0.0,0.0,0,False,,0,0,False,0.0,0.0,0,default,1173.0,1290.0,False,1337.0,531.0,False,1483.0,1310.0,False,excavator_base,970944398,1765332143,0.0,0.0,-11.869999885559082,False,True,True,True,0,False,True,0,excavator_base,971083740,1765332143,0,True,0.0,0.0,0.0,0,0,False,0,True,True,24.0,True,8,d,gps,997961048,1765332143,-56.235000000000014,-2.084,1.174,0,0,0.0,59.583,0.0,0.0,0.8,gps,997729280,1765332143,-56.235000000000014,36.400118950666666,127.361243643,0,1,14,0.0,0.0,0,0,0.0,0.0,59.584,36.400118929166666,127.36124365883333,0.0,0.0,0.0,0.0,0.0,0.0,0.0,0.0,0.0,-55.278999999999996,base_link,956299313,1765332143,91.43900299072266,33.33100128173828,175.531005859375,-11.869999885559082,0.0,-2.096,1.213,0.0,zedx_boom_imu_link,zedx_boom_left_camera_frame,895456850,1765332143,0.999992847442627,0.003616482252255082,0.0005469119059853256,-0.0009107014629989862,0.0,-0.03564900532364845,-0.00014700002793688327
1765332143900000000,-61.72100067138672,excavator_base_link,98725926,1765332144,4.1562671529301545,0.5426824222881531,0.0,0.0,0.0,0.0,0.0,127,0,0.0,73351912,1765332144,0.0,4,f,0,4,f,0,4,f,0,59.583,gps,95258332,1765332144,36.400118967666664,127.36124362666666,0.6400000000000001,0.0,0.0,0.0,0.6400000000000001,0.0,0.0,0.0,2.5600000000000005,1,1,1,0.1,0.0,0.0,0.0,0.0,0.0,0.1,0.0,0.0,0.0,0.0,0.0,0.0,0.0,0.1,0.0,0.0,0.0,0.0,0.0,0.0,0.1,0.0,0.0,0.0,0.0,0.0,0.0,0.0,0.1,0.0,0.0,0.0,0.1,0.0,0.0,0.0,0.0,0.0,-0.0005126821768518917,-0.003853174799786655,1.0582021293203923e-05,8,d,gps,96888966,1765332144,-57.002999999999986,-2.068,1.157,0,0,-42.53499984741211,4,f,0,4,f,0,4,f,0,4,f,0,-12.826000213623047,-13.699999809265137,False,True,100.0,59.583,gps,996646095,1765332143,36.400118950666666,127.361243643,0.6400000000000001,0.0,0.0,0.0,0.6400000000000001,0.0,0.0,0.0,2.5600000000000005,1,1,1,0.1,0.0,0.0,0.0,0.0,0.0,0.1,0.0,0.0,0.0,0.0,0.0,0.0,0.0,0.1,0.0,0.0,0.0,0.0,0.0,0.0,0.1,0.0,0.0,0.0,0.0,0.0,0.0,0.0,0.1,0.0,0.0,0.0,0.1,0.0,0.0,0.0,0.0,0.0,-0.0005133657801145443,-0.003852795112411813,1.0582392221238359e-05,excavator_base,71395323,1765332144,True,50.0,False,60.16999816894531,-2.440000057220459,False,False,-29.010000228881836,-2.119999885559082,False,False,-37.95000076293945,-9.470000267028809,False,excavator_base,71516680,1765332144,-12.826000213623047,False,0.0,0.0,0.0,0.0,0.0,0.0,0.0,0.0,0.0,excavator_base,71553035,1765332144,False,False,-12.826000213623047,0.0,0,False,,0,0,0.0,0.0,False,0.0,0.0,0.0,0,False,,0,0,False,0.0,0.0,0,default,1171.0,1293.0,False,1350.0,532.0,False,1483.0,1309.0,False,excavator_base,71473667,1765332144,0.0,0.0,-12.826000213623047,False,True,True,True,0,False,True,0,excavator_base,71610802,1765332144,0,True,0.0,0.0,0.0,0,0,False,0,True,True,24.0,True,8,d,gps,97378361,1765332144,-57.002999999999986,-2.068,1.157,0,0,0.0,59.583,0.0,0.0,0.8,gps,97179941,1765332144,-57.002999999999986,36.400118967666664,127.36124362666666,0,1,14,0.0,0.0,0,0,0.0,0.0,59.583,36.400118950666666,127.361243643,0.0,0.0,0.0,0.0,0.0,0.0,0.0,0.0,0.0,-56.235000000000014,base_link,59040910,1765332144,91.33899688720703,32.00899887084961,175.6009979248047,-12.826000213623047,0.0,-2.084,1.174,0.0,zedx_boom_imu_link,zedx_boom_left_camera_frame,991928571,1765332143,0.999992847442627,0.003616482252255082,0.0005469119059853256,-0.0009107014629989862,0.0,-0.03564900532364845,-0.00014700002793688327
1765332144000000000,-63.06700134277344,excavator_base_link,198744615,1765332144,4.1395499027048555,0.46633069490202117,0.0,0.0,0.0,0.0,0.0,127,0,0.0,169820596,1765332144,0.0,4,f,0,4,f,0,4,f,0,59.583,gps,195026754,1765332144,36.400118978,127.36124362783333,0.6400000000000001,0.0,0.0,0.0,0.6400000000000001,0.0,0.0,0.0,2.5600000000000005,1,1,1,0.1,0.0,0.0,0.0,0.0,0.0,0.1,0.0,0.0,0.0,0.0,0.0,0.0,0.0,0.1,0.0,0.0,0.0,0.0,0.0,0.0,0.1,0.0,0.0,0.0,0.0,0.0,0.0,0.0,0.1,0.0,0.0,0.0,0.1,0.0,0.0,0.0,0.0,0.0,-0.0005122597099087809,-0.003853003540399117,1.058165193242354e-05,8,d,gps,195642946,1765332144,-57.607,-2.057,1.133,0,0,-42.50299835205078,4,f,0,4,f,0,4,f,0,4,f,0,-13.593999862670898,-14.5,False,True,100.0,59.583,gps,95258332,1765332144,36.400118967666664,127.36124362666666,0.6400000000000001,0.0,0.0,0.0,0.6400000000000001,0.0,0.0,0.0,2.5600000000000005,1,1,1,0.1,0.0,0.0,0.0,0.0,0.0,0.1,0.0,0.0,0.0,0.0,0.0,0.0,0.0,0.1,0.0,0.0,0.0,0.0,0.0,0.0,0.1,0.0,0.0,0.0,0.0,0.0,0.0,0.0,0.1,0.0,0.0,0.0,0.1,0.0,0.0,0.0,0.0,0.0,-0.0005126821768518917,-0.003853174799786655,1.0582021293203923e-05,excavator_base,171736381,1765332144,True,50.0,False,61.59000015258789,-2.549999952316284,False,False,-27.700000762939453,-2.140000104904175,False,False,-36.619998931884766,-9.640000343322754,False,excavator_base,171849897,1765332144,-13.593999862670898,False,0.0,0.0,0.0,0.0,0.0,0.0,0.0,0.0,0.0,excavator_base,171884908,1765332144,False,False,-13.593999862670898,0.0,0,False,,0,0,0.0,0.0,False,0.0,0.0,0.0,0,False,,0,0,False,0.0,0.0,0,default,1170.0,1291.0,False,1353.0,532.0,False,1480.0,1304.0,False,excavator_base,171807204,1765332144,0.0,0.0,-13.593999862670898,False,True,True,True,0,False,True,0,excavator_base,171938642,1765332144,0,True,0.0,0.0,0.0,0,0,False,0,True,True,24.0,True,8,d,gps,195971076,1765332144,-57.607,-2.057,1.133,0,0,0.0,59.583,0.0,0.0,0.8,gps,195834870,1765332144,-57.607,36.400118978,127.36124362783333,0,1,14,0.0,0.0,0,0,0.0,0.0,59.583,36.400118967666664,127.36124362666666,0.0,0.0,0.0,0.0,0.0,0.0,0.0,0.0,0.0,-57.002999999999986,base_link,156334513,1765332144,91.21900177001953,30.683000564575195,175.7010040283203,-13.593999862670898,0.0,-2.068,1.157,0.0,zedx_boom_imu_link,zedx_boom_left_camera_frame,98574957,1765332144,0.999992847442627,0.003616482252255082,0.0005469119059853256,-0.0009107014629989862,0.0,-0.03564900532364845,-0.00014700002793688327
1765332144100000000,-64.4280014038086,excavator_base_link,298682878,1765332144,4.120830294897424,0.39010234983222947,0.0,0.0,0.0,0.0,0.0,127,0,0.0,270548287,1765332144,0.0,4,f,0,4,f,0,4,f,0,59.583,gps,295109448,1765332144,36.400118988833334,127.36124362866667,0.6400000000000001,0.0,0.0,0.0,0.6400000000000001,0.0,0.0,0.0,2.5600000000000005,1,1,1,0.1,0.0,0.0,0.0,0.0,0.0,0.1,0.0,0.0,0.0,0.0,0.0,0.0,0.0,0.1,0.0,0.0,0.0,0.0,0.0,0.0,0.1,0.0,0.0,0.0,0.0,0.0,0.0,0.0,0.1,0.0,0.0,0.0,0.1,0.0,0.0,0.0,0.0,0.0,-0.0005118174933673691,-0.0038528412617906075,1.0581278381526523e-05,8,d,gps,295753676,1765332144,-58.21100000000001,-2.046,1.111,0,0,-42.606998443603516,4,f,0,4,f,0,4,f,0,4,f,0,-14.197999954223633,-15.0,False,True,100.0,59.583,gps,195026754,1765332144,36.400118978,127.36124362783333,0.6400000000000001,0.0,0.0,0.0,0.6400000000000001,0.0,0.0,0.0,2.5600000000000005,1,1,1,0.1,0.0,0.0,0.0,0.0,0.0,0.1,0.0,0.0,0.0,0.0,0.0,0.0,0.0,0.1,0.0,0.0,0.0,0.0,0.0,0.0,0.1,0.0,0.0,0.0,0.0,0.0,0.0,0.0,0.1,0.0,0.0,0.0,0.1,0.0,0.0,0.0,0.0,0.0,-0.0005122597099087809,-0.003853003540399117,1.058165193242354e-05,excavator_base,272148390,1765332144,True,50.0,False,63.02000045776367,-2.5899999141693115,False,False,-26.3799991607666,-2.1500000953674316,False,False,-35.27000045776367,-9.720000267028809,False,excavator_base,272257490,1765332144,-14.197999954223633,False,0.0,0.0,0.0,0.0,0.0,0.0,0.0,0.0,0.0,excavator_base,272293333,1765332144,False,False,-14.197999954223633,0.0,0,False,,0,0,0.0,0.0,False,0.0,0.0,0.0,0,False,,0,0,False,0.0,0.0,0,default,1167.0,1285.0,False,1341.0,532.0,False,1480.0,1302.0,False,excavator_base,272215117,1765332144,0.0,0.0,-14.197999954223633,False,True,True,True,0,False,True,0,excavator_base,272346235,1765332144,0,True,0.0,0.0,0.0,0,0,False,0,True,True,24.0,True,8,d,gps,296135668,1765332144,-58.21100000000001,-2.046,1.111,0,0,0.0,59.583,0.0,0.0,0.8,gps,295985380,1765332144,-58.21100000000001,36.400118988833334,127.36124362866667,0,1,14,0.0,0.0,0,0,0.0,0.0,59.583,36.400118978,127.36124362783333,0.0,0.0,0.0,0.0,0.0,0.0,0.0,0.0,0.0,-57.607,base_link,259272227,1765332144,91.10900115966797,29.351999282836914,175.781005859375,-14.197999954223633,0.0,-2.057,1.133,0.0,zedx_boom_imu_link,zedx_boom_left_camera_frame,195010308,1765332144,0.999992847442627,0.003616482252255082,0.0005469119059853256,-0.0009107014629989862,0.0,-0.03564900532364845,-0.00014700002793688327
1765332144200000000,-65.8290023803711,excavator_base_link,398861199,1765332144,4.0993351901539095,0.3129422182373501,0.0,0.0,0.0,0.0,0.0,127,0,0.0,369645407,1765332144,0.0,4,f,0,4,f,0,4,f,0,59.583,gps,395086852,1765332144,36.4001189965,127.36124363,0.6400000000000001,0.0,0.0,0.0,0.6400000000000001,0.0,0.0,0.0,2.5600000000000005,1,1,1,0.1,0.0,0.0,0.0,0.0,0.0,0.1,0.0,0.0,0.0,0.0,0.0,0.0,0.0,0.1,0.0,0.0,0.0,0.0,0.0,0.0,0.1,0.0,0.0,0.0,0.0,0.0,0.0,0.0,0.1,0.0,0.0,0.0,0.1,0.0,0.0,0.0,0.0,0.0,-0.0005114992881588699,-0.0038526632929079914,1.0580905003810136e-05,8,d,gps,395837235,1765332144,-58.72300000000001,-2.038,1.098,0,0,-42.4109992980957,4,f,0,4,f,0,4,f,0,4,f,0,-14.802000045776367,-15.800000190734863,False,True,100.0,59.583,gps,295109448,1765332144,36.400118988833334,127.36124362866667,0.6400000000000001,0.0,0.0,0.0,0.6400000000000001,0.0,0.0,0.0,2.5600000000000005,1,1,1,0.1,0.0,0.0,0.0,0.0,0.0,0.1,0.0,0.0,0.0,0.0,0.0,0.0,0.0,0.1,0.0,0.0,0.0,0.0,0.0,0.0,0.1,0.0,0.0,0.0,0.0,0.0,0.0,0.0,0.1,0.0,0.0,0.0,0.1,0.0,0.0,0.0,0.0,0.0,-0.0005118174933673691,-0.0038528412617906075,1.0581278381526523e-05,excavator_base,371852997,1765332144,True,50.0,False,64.48999786376953,-2.509999990463257,False,False,-25.030000686645508,-2.119999885559082,False,False,-33.880001068115234,-9.649999618530273,False,excavator_base,371959473,1765332144,-14.802000045776367,False,0.0,0.0,0.0,0.0,0.0,0.0,0.0,0.0,0.0,excavator_base,371995316,1765332144,False,False,-14.802000045776367,0.0,0,False,,0,0,0.0,0.0,False,0.0,0.0,0.0,0,False,,0,0,False,0.0,0.0,0,default,1173.0,1288.0,False,1346.0,532.0,False,1480.0,1302.0,False,excavator_base,371917996,1765332144,0.0,0.0,-14.802000045776367,False,True,True,True,0,False,True,0,excavator_base,372047482,1765332144,0,True,0.0,0.0,0.0,0,0,False,0,True,True,24.0,True,8,d,gps,396529371,1765332144,-58.72300000000001,-2.038,1.098,0,0,0.0,59.583,0.0,0.0,0.8,gps,396355049,1765332144,-58.72300000000001,36.4001189965,127.36124363,0,1,14,0.0,0.0,0,0,0.0,0.0,59.583,36.400118988833334,127.36124362866667,0.0,0.0,0.0,0.0,0.0,0.0,0.0,0.0,0.0,-58.21100000000001,base_link,356293162,1765332144,91.01899719238281,27.990999221801758,175.8509979248047,-14.802000045776367,0.0,-2.046,1.111,0.0,zedx_boom_imu_link,zedx_boom_left_camera_frame,296457709,1765332144,0.999992847442627,0.003616482252255082,0.0005469119059853256,-0.0009107014629989862,0.0,-0.03564900532364845,-0.00014700002793688327
1765332144300000000,-67.23699188232422,excavator_base_link,498762979,1765332144,4.076685112008356,0.23594060577898004,0.0,0.0,0.0,0.0,0.0,127,0,0.0,469433511,1765332144,0.0,4,f,0,4,f,0,4,f,0,59.583,gps,496431759,1765332144,36.400119000833335,127.36124363183333,0.6400000000000001,0.0,0.0,0.0,0.6400000000000001,0.0,0.0,0.0,2.5600000000000005,1,1,1,0.1,0.0,0.0,0.0,0.0,0.0,0.1,0.0,0.0,0.0,0.0,0.0,0.0,0.0,0.1,0.0,0.0,0.0,0.0,0.0,0.0,0.1,0.0,0.0,0.0,0.0,0.0,0.0,0.0,0.1,0.0,0.0,0.0,0.1,0.0,0.0,0.0,0.0,0.0,-0.0005113113575511414,-0.0038524677675716686,1.0580526669348038e-05,8,d,gps,497262150,1765332144,-59.13499999999999,-2.029,1.081,0,0,-42.42300033569336,4,f,0,4,f,0,4,f,0,4,f,0,-15.314000129699707,-16.299999237060547,False,True,100.0,59.583,gps,395086852,1765332144,36.4001189965,127.36124363,0.6400000000000001,0.0,0.0,0.0,0.6400000000000001,0.0,0.0,0.0,2.5600000000000005,1,1,1,0.1,0.0,0.0,0.0,0.0,0.0,0.1,0.0,0.0,0.0,0.0,0.0,0.0,0.0,0.1,0.0,0.0,0.0,0.0,0.0,0.0,0.1,0.0,0.0,0.0,0.0,0.0,0.0,0.0,0.1,0.0,0.0,0.0,0.1,0.0,0.0,0.0,0.0,0.0,-0.0005114992881588699,-0.0038526632929079914,1.0580905003810136e-05,excavator_base,474034760,1765332144,True,50.0,False,65.94000244140625,-2.559999942779541,False,False,-23.68000030517578,-2.119999885559082,False,False,-32.47999954223633,-9.75,False,excavator_base,474196281,1765332144,-15.314000129699707,False,0.0,0.0,0.0,0.0,0.0,0.0,0.0,0.0,0.0,excavator_base,474248222,1765332144,False,False,-15.314000129699707,0.0,0,False,,0,0,0.0,0.0,False,0.0,0.0,0.0,0,False,,0,0,False,0.0,0.0,0,default,1169.0,1285.0,False,1343.0,532.0,False,1481.0,1300.0,False,excavator_base,474130162,1765332144,0.0,0.0,-15.314000129699707,False,True,True,True,0,False,True,0,excavator_base,474313605,1765332144,0,True,0.0,0.0,0.0,0,0,False,0,True,True,24.0,True,8,d,gps,497762650,1765332144,-59.13499999999999,-2.029,1.081,0,0,0.0,59.583,0.0,0.0,0.8,gps,497571974,1765332144,-59.13499999999999,36.400119000833335,127.36124363183333,0,1,14,0.0,0.0,0,0,0.0,0.0,59.583,36.4001189965,127.36124363,0.0,0.0,0.0,0.0,0.0,0.0,0.0,0.0,0.0,-58.72300000000001,base_link,456289767,1765332144,90.90899658203125,26.632999420166016,175.92100524902344,-15.314000129699707,0.0,-2.038,1.098,0.0,zedx_boom_imu_link,zedx_boom_left_camera_frame,398040668,1765332144,0.999992847442627,0.003616482252255082,0.0005469119059853256,-0.0009107014629989862,0.0,-0.03564900532364845,-0.00014700002793688327
1765332144400000000,-68.49598693847656,excavator_base_link,598713276,1765332144,4.057902816626015,0.16064440262460608,0.0,0.0,0.0,0.0,0.0,127,0,0.0,570026179,1765332144,0.0,4,f,0,4,f,0,4,f,0,59.583,gps,595176298,1765332144,36.4001190015,127.36124363433333,0.6400000000000001,0.0,0.0,0.0,0.6400000000000001,0.0,0.0,0.0,2.5600000000000005,1,1,1,0.1,0.0,0.0,0.0,0.0,0.0,0.1,0.0,0.0,0.0,0.0,0.0,0.0,0.0,0.1,0.0,0.0,0.0,0.0,0.0,0.0,0.1,0.0,0.0,0.0,0.0,0.0,0.0,0.0,0.1,0.0,0.0,0.0,0.1,0.0,0.0,0.0,0.0,0.0,-0.0005112674585839732,-0.0038522548723014987,1.0580158309630903e-05,8,d,gps,595914327,1765332144,-59.50800000000001,-2.024,1.076,0,0,-42.334999084472656,4,f,0,4,f,0,4,f,0,4,f,0,-15.72599983215332,-16.799999237060547,False,True,100.0,59.583,gps,496431759,1765332144,36.400119000833335,127.36124363183333,0.6400000000000001,0.0,0.0,0.0,0.6400000000000001,0.0,0.0,0.0,2.5600000000000005,1,1,1,0.1,0.0,0.0,0.0,0.0,0.0,0.1,0.0,0.0,0.0,0.0,0.0,0.0,0.0,0.1,0.0,0.0,0.0,0.0,0.0,0.0,0.1,0.0,0.0,0.0,0.0,0.0,0.0,0.0,0.1,0.0,0.0,0.0,0.1,0.0,0.0,0.0,0.0,0.0,-0.0005113113575511414,-0.0038524677675716686,1.0580526669348038e-05,excavator_base,571562724,1765332144,True,50.0,False,67.23999786376953,-2.5299999713897705,False,False,-22.299999237060547,-2.109999895095825,False,False,-31.229999542236328,-9.739999771118164,False,excavator_base,571675631,1765332144,-15.72599983215332,False,0.0,0.0,0.0,0.0,0.0,0.0,0.0,0.0,0.0,excavator_base,571710451,1765332144,False,False,-15.72599983215332,0.0,0,False,,0,0,0.0,0.0,False,0.0,0.0,0.0,0,False,,0,0,False,0.0,0.0,0,default,1168.0,1285.0,False,1349.0,528.0,False,1479.0,1295.0,False,excavator_base,571632139,1765332144,0.0,0.0,-15.72599983215332,False,True,True,True,0,False,True,0,excavator_base,571766105,1765332144,0,True,0.0,0.0,0.0,0,0,False,0,True,True,24.0,True,8,d,gps,596264924,1765332144,-59.50800000000001,-2.024,1.076,0,0,0.0,59.583,0.0,0.0,0.8,gps,596129070,1765332144,-59.50800000000001,36.4001190015,127.36124363433333,0,1,14,0.0,0.0,0,0,0.0,0.0,59.583,36.400119000833335,127.36124363183333,0.0,0.0,0.0,0.0,0.0,0.0,0.0,0.0,0.0,-59.13499999999999,base_link,560918858,1765332144,90.86900329589844,25.243999481201172,175.9709930419922,-15.72599983215332,0.0,-2.029,1.081,0.0,zedx_boom_imu_link,zedx_boom_left_camera_frame,499673728,1765332144,0.999992847442627,0.003616482252255082,0.0005469119059853256,-0.0009107014629989862,0.0,-0.03564900532364845,-0.00014700002793688327
1765332144500000000,-69.1709976196289,excavator_base_link,698683383,1765332144,4.0570436708702875,0.0985308549231728,0.0,0.0,0.0,0.0,0.0,127,0,0.0,669954713,1765332144,0.0,4,f,0,4,f,0,4,f,0,59.583,gps,695523885,1765332144,36.40011899666667,127.36124362983334,0.6400000000000001,0.0,0.0,0.0,0.6400000000000001,0.0,0.0,0.0,2.5600000000000005,1,1,1,0.1,0.0,0.0,0.0,0.0,0.0,0.1,0.0,0.0,0.0,0.0,0.0,0.0,0.0,0.1,0.0,0.0,0.0,0.0,0.0,0.0,0.1,0.0,0.0,0.0,0.0,0.0,0.0,0.0,0.1,0.0,0.0,0.0,0.1,0.0,0.0,0.0,0.0,0.0,-0.000511438568546558,-0.0038522603404876976,1.0579783918583352e-05,8,d,gps,696258233,1765332144,-59.80199999999999,-2.008,1.131,0,0,-42.90800094604492,4,f,0,4,f,0,4,f,0,4,f,0,-16.099000930786133,-16.600000381469727,False,True,100.0,59.583,gps,595176298,1765332144,36.4001190015,127.36124363433333,0.6400000000000001,0.0,0.0,0.0,0.6400000000000001,0.0,0.0,0.0,2.5600000000000005,1,1,1,0.1,0.0,0.0,0.0,0.0,0.0,0.1,0.0,0.0,0.0,0.0,0.0,0.0,0.0,0.1,0.0,0.0,0.0,0.0,0.0,0.0,0.1,0.0,0.0,0.0,0.0,0.0,0.0,0.0,0.1,0.0,0.0,0.0,0.1,0.0,0.0,0.0,0.0,0.0,-0.0005112674585839732,-0.0038522548723014987,1.0580158309630903e-05,excavator_base,671066830,1765332144,True,50.0,False,67.91999816894531,-2.4800000190734863,False,False,-20.889999389648438,-2.0999999046325684,False,False,-30.559999465942383,-9.739999771118164,False,excavator_base,671165144,1765332144,-16.099000930786133,False,0.0,0.0,0.0,0.0,0.0,0.0,0.0,0.0,0.0,excavator_base,671198620,1765332144,False,False,-16.099000930786133,0.0,0,False,,0,0,0.0,0.0,False,0.0,0.0,0.0,0,False,,0,0,False,0.0,0.0,0,default,1160.0,1284.0,False,1395.0,528.0,False,1474.0,1299.0,False,excavator_base,671126324,1765332144,0.0,0.0,-16.099000930786133,False,True,True,True,0,False,True,0,excavator_base,671251457,1765332144,0,True,0.0,0.0,0.0,0,0,False,0,True,True,24.0,True,8,d,gps,696723914,1765332144,-59.80199999999999,-2.008,1.131,0,0,0.0,59.583,0.0,0.0,0.8,gps,696481713,1765332144,-59.80199999999999,36.40011899666667,127.36124362983334,0,1,14,0.0,0.0,0,0,0.0,0.0,59.583,36.4001190015,127.36124363433333,0.0,0.0,0.0,0.0,0.0,0.0,0.0,0.0,0.0,-59.50800000000001,base_link,658017753,1765332144,91.1989974975586,23.82900047302246,176.01100158691406,-16.099000930786133,0.0,-2.024,1.076,0.0,zedx_boom_imu_link,zedx_boom_left_camera_frame,590984634,1765332144,0.999992847442627,0.003616482252255082,0.0005469119059853256,-0.0009107014629989862,0.0,-0.03564900532364845,-0.00014700002793688327
1765332144600000000,-68.43701171875,excavator_base_link,799160615,1765332144,4.093247051260713,0.08215791611829991,0.0,0.0,0.0,0.0,0.0,127,0,0.0,769591986,1765332144,0.0,4,f,0,4,f,0,4,f,0,59.583,gps,795358810,1765332144,36.400118993166664,127.36124363716667,0.6400000000000001,0.0,0.0,0.0,0.6400000000000001,0.0,0.0,0.0,2.5600000000000005,1,1,1,0.1,0.0,0.0,0.0,0.0,0.0,0.1,0.0,0.0,0.0,0.0,0.0,0.0,0.0,0.1,0.0,0.0,0.0,0.0,0.0,0.0,0.1,0.0,0.0,0.0,0.0,0.0,0.0,0.0,0.1,0.0,0.0,0.0,0.1,0.0,0.0,0.0,0.0,0.0,-0.0005115575024894874,-0.0038518931884777446,1.0579410124195326e-05,8,d,gps,796550614,1765332144,-60.00200000000001,-2.003,1.105,0,0,-43.20199966430664,4,f,0,4,f,0,4,f,0,4,f,0,-16.39299964904785,-17.299999237060547,False,True,100.0,59.583,gps,695523885,1765332144,36.40011899666667,127.36124362983334,0.6400000000000001,0.0,0.0,0.0,0.6400000000000001,0.0,0.0,0.0,2.5600000000000005,1,1,1,0.1,0.0,0.0,0.0,0.0,0.0,0.1,0.0,0.0,0.0,0.0,0.0,0.0,0.0,0.1,0.0,0.0,0.0,0.0,0.0,0.0,0.1,0.0,0.0,0.0,0.0,0.0,0.0,0.0,0.1,0.0,0.0,0.0,0.1,0.0,0.0,0.0,0.0,0.0,-0.000511438568546558,-0.0038522603404876976,1.0579783918583352e-05,excavator_base,771655018,1765332144,True,50.0,False,67.20999908447266,-2.4800000190734863,False,False,-19.850000381469727,-2.0999999046325684,False,False,-31.309999465942383,-9.760000228881836,False,excavator_base,771754708,1765332144,-16.39299964904785,False,0.0,0.0,0.0,0.0,0.0,0.0,0.0,0.0,0.0,excavator_base,771787863,1765332144,False,False,-16.39299964904785,0.0,0,False,,0,0,0.0,0.0,False,0.0,0.0,0.0,0,False,,0,0,False,0.0,0.0,0,default,1131.0,1285.0,False,1598.0,528.0,False,1478.0,1309.0,False,excavator_base,771717488,1765332144,0.0,0.0,-16.39299964904785,False,True,True,True,0,False,True,0,excavator_base,771838845,1765332144,0,True,0.0,0.0,0.0,0,0,False,0,True,True,24.0,True,8,d,gps,797031785,1765332144,-60.00200000000001,-2.003,1.105,0,0,0.0,59.583,0.0,0.0,0.8,gps,796832372,1765332144,-60.00200000000001,36.400118993166664,127.36124363716667,0,1,14,0.0,0.0,0,0,0.0,0.0,59.583,36.40011899666667,127.36124362983334,0.0,0.0,0.0,0.0,0.0,0.0,0.0,0.0,0.0,-59.80199999999999,base_link,758107360,1765332144,92.18900299072266,22.773000717163086,176.031005859375,-16.39299964904785,0.0,-2.008,1.131,0.0,zedx_boom_imu_link,zedx_boom_left_camera_frame,697669513,1765332144,0.999992847442627,0.003616482252255082,0.0005469119059853256,-0.0009107014629989862,0.0,-0.03564900532364845,-0.00014700002793688327
1765332144700000000,-66.88200378417969,excavator_base_link,898724824,1765332144,4.148591035188722,0.09937188932127561,0.0,0.0,0.0,0.0,0.0,127,0,0.0,869474788,1765332144,0.0,4,f,0,4,f,0,4,f,0,59.582,gps,895265966,1765332144,36.400118994,127.36124364916667,0.6400000000000001,0.0,0.0,0.0,0.6400000000000001,0.0,0.0,0.0,2.5600000000000005,1,1,1,0.1,0.0,0.0,0.0,0.0,0.0,0.1,0.0,0.0,0.0,0.0,0.0,0.0,0.0,0.1,0.0,0.0,0.0,0.0,0.0,0.0,0.1,0.0,0.0,0.0,0.0,0.0,0.0,0.0,0.1,0.0,0.0,0.0,0.1,0.0,0.0,0.0,0.0,0.0,-0.0005115069327726698,-0.0038513799580496442,1.0226404257950034e-05,8,d,gps,895924435,1765332144,-60.185,-2.012,0.999,0,0,-42.902000427246094,4,f,0,4,f,0,4,f,0,4,f,0,-16.593000411987305,-17.100000381469727,False,True,100.0,59.583,gps,795358810,1765332144,36.400118993166664,127.36124363716667,0.6400000000000001,0.0,0.0,0.0,0.6400000000000001,0.0,0.0,0.0,2.5600000000000005,1,1,1,0.1,0.0,0.0,0.0,0.0,0.0,0.1,0.0,0.0,0.0,0.0,0.0,0.0,0.0,0.1,0.0,0.0,0.0,0.0,0.0,0.0,0.1,0.0,0.0,0.0,0.0,0.0,0.0,0.0,0.1,0.0,0.0,0.0,0.1,0.0,0.0,0.0,0.0,0.0,-0.0005115575024894874,-0.0038518931884777446,1.0579410124195326e-05,excavator_base,871124848,1765332144,True,50.0,False,65.70999908447266,-2.450000047683716,False,False,-19.520000457763672,-2.0999999046325684,False,False,-32.869998931884766,-9.729999542236328,False,excavator_base,871225691,1765332144,-16.593000411987305,False,0.0,0.0,0.0,0.0,0.0,0.0,0.0,0.0,0.0,excavator_base,871333126,1765332144,False,False,-16.593000411987305,0.0,0,False,,0,0,0.0,0.0,False,0.0,0.0,0.0,0,False,,0,0,False,0.0,0.0,0,default,1147.0,1287.0,False,1482.0,528.0,False,1476.0,1308.0,False,excavator_base,871186263,1765332144,0.0,0.0,-16.593000411987305,False,True,True,True,0,False,True,0,excavator_base,871390828,1765332144,0,True,0.0,0.0,0.0,0,0,False,0,True,True,24.0,True,8,d,gps,897320453,1765332144,-60.185,-2.012,0.999,0,0,0.0,59.582,0.0,0.0,0.8,gps,897016453,1765332144,-60.185,36.400118994,127.36124364916667,0,1,14,0.0,0.0,0,0,0.0,0.0,59.583,36.400118993166664,127.36124363716667,0.0,0.0,0.0,0.0,0.0,0.0,0.0,0.0,0.0,-60.00200000000001,base_link,856313635,1765332144,93.8290023803711,22.437999725341797,176.09100341796875,-16.593000411987305,0.0,-2.003,1.105,0.0,zedx_boom_imu_link,zedx_boom_left_camera_frame,799229500,1765332144,0.999992847442627,0.003616482252255082,0.0005469119059853256,-0.0009107014629989862,0.0,-0.03564900532364845,-0.00014700002793688327
1765332144800000000,-65.43299865722656,excavator_base_link,998736343,1765332144,4.200393270912554,0.10118182314986938,0.0,0.0,0.0,0.0,0.0,127,0,0.0,969506373,1765332144,0.0,4,f,0,4,f,0,4,f,0,59.582,gps,995268877,1765332144,36.40011898433333,127.361243652,0.6400000000000001,0.0,0.0,0.0,0.6400000000000001,0.0,0.0,0.0,2.5600000000000005,1,1,1,0.1,0.0,0.0,0.0,0.0,0.0,0.1,0.0,0.0,0.0,0.0,0.0,0.0,0.0,0.1,0.0,0.0,0.0,0.0,0.0,0.0,0.1,0.0,0.0,0.0,0.0,0.0,0.0,0.0,0.1,0.0,0.0,0.0,0.1,0.0,0.0,0.0,0.0,0.0,-0.0005118672582425041,-0.00385115487716494,1.0226043623351876e-05,8,d,gps,995940307,1765332144,-60.298,-2.009,1.036,0,0,-42.28499984741211,4,f,0,4,f,0,4,f,0,4,f,0,-16.775999069213867,-17.899999618530273,False,True,100.0,59.582,gps,895265966,1765332144,36.400118994,127.36124364916667,0.6400000000000001,0.0,0.0,0.0,0.6400000000000001,0.0,0.0,0.0,2.5600000000000005,1,1,1,0.1,0.0,0.0,0.0,0.0,0.0,0.1,0.0,0.0,0.0,0.0,0.0,0.0,0.0,0.1,0.0,0.0,0.0,0.0,0.0,0.0,0.1,0.0,0.0,0.0,0.0,0.0,0.0,0.0,0.1,0.0,0.0,0.0,0.1,0.0,0.0,0.0,0.0,0.0,-0.0005115069327726698,-0.0038513799580496442,1.0226404257950034e-05,excavator_base,977989405,1765332144,True,50.0,False,64.54000091552734,-2.4000000953674316,False,False,-19.270000457763672,-2.069999933242798,False,False,-34.310001373291016,-9.6899995803833,False,excavator_base,978103817,1765332144,-16.775999069213867,False,0.0,0.0,0.0,0.0,0.0,0.0,0.0,0.0,0.0,excavator_base,978140941,1765332144,False,False,-16.775999069213867,0.0,0,False,,0,0,0.0,0.0,False,0.0,0.0,0.0,0,False,,0,0,False,0.0,0.0,0,default,1153.0,1288.0,False,1249.0,528.0,False,1478.0,1293.0,False,excavator_base,978062660,1765332144,0.0,0.0,-16.775999069213867,False,True,True,True,0,False,True,0,excavator_base,978193554,1765332144,0,True,0.0,0.0,0.0,0,0,False,0,True,True,24.0,True,8,d,gps,996304985,1765332144,-60.298,-2.009,1.036,0,0,0.0,59.582,0.0,0.0,0.8,gps,996158250,1765332144,-60.298,36.40011898433333,127.361243652,0,1,14,0.0,0.0,0,0,0.0,0.0,59.582,36.400118994,127.36124364916667,0.0,0.0,0.0,0.0,0.0,0.0,0.0,0.0,0.0,-60.185,base_link,956299615,1765332144,95.42900085449219,22.19700050354004,176.2010040283203,-16.775999069213867,0.0,-2.012,0.999,0.0,zedx_boom_imu_link,zedx_boom_left_camera_frame,897484198,1765332144,0.999992847442627,0.003616482252255082,0.0005469119059853256,-0.0009107014629989862,0.0,-0.03564900532364845,-0.00014700002793688327
1765332144900000000,-63.89600372314453,excavator_base_link,98709331,1765332145,4.255796197008574,0.0944023138439685,0.0,0.0,0.0,0.0,0.0,127,0,0.0,69517381,1765332145,0.0,4,f,0,4,f,0,4,f,0,59.582,gps,95506980,1765332145,36.400118975333335,127.3612436535,0.6400000000000001,0.0,0.0,0.0,0.6400000000000001,0.0,0.0,0.0,2.5600000000000005,1,1,1,0.1,0.0,0.0,0.0,0.0,0.0,0.1,0.0,0.0,0.0,0.0,0.0,0.0,0.0,0.1,0.0,0.0,0.0,0.0,0.0,0.0,0.1,0.0,0.0,0.0,0.0,0.0,0.0,0.0,0.1,0.0,0.0,0.0,0.1,0.0,0.0,0.0,0.0,0.0,-0.0005122014208034507,-0.0038509714849289996,1.0225682133896587e-05,8,d,gps,96201484,1765332145,-60.322,-1.996,1.08,0,0,-42.697998046875,4,f,0,4,f,0,4,f,0,4,f,0,-16.888999938964844,-17.600000381469727,False,True,100.0,59.582,gps,995268877,1765332144,36.40011898433333,127.361243652,0.6400000000000001,0.0,0.0,0.0,0.6400000000000001,0.0,0.0,0.0,2.5600000000000005,1,1,1,0.1,0.0,0.0,0.0,0.0,0.0,0.1,0.0,0.0,0.0,0.0,0.0,0.0,0.0,0.1,0.0,0.0,0.0,0.0,0.0,0.0,0.1,0.0,0.0,0.0,0.0,0.0,0.0,0.0,0.1,0.0,0.0,0.0,0.1,0.0,0.0,0.0,0.0,0.0,-0.0005118672582425041,-0.00385115487716494,1.0226043623351876e-05,excavator_base,71803604,1765332145,True,50.0,False,63.38999938964844,-2.450000047683716,False,False,-18.559999465942383,-2.0899999141693115,False,False,-35.849998474121094,-9.739999771118164,False,excavator_base,71916960,1765332145,-16.888999938964844,False,0.0,0.0,0.0,0.0,0.0,0.0,0.0,0.0,0.0,excavator_base,72191356,1765332145,False,False,-16.888999938964844,0.0,0,False,,0,0,0.0,0.0,False,0.0,0.0,0.0,0,False,,0,0,False,0.0,0.0,0,default,1151.0,1286.0,False,1371.0,534.0,False,1478.0,1302.0,False,excavator_base,71874171,1765332145,0.0,0.0,-16.888999938964844,False,True,True,True,0,False,True,0,excavator_base,72492380,1765332145,0,True,0.0,0.0,0.0,0,0,False,0,True,True,24.0,True,8,d,gps,96585396,1765332145,-60.322,-1.996,1.08,0,0,0.0,59.582,0.0,0.0,0.8,gps,96425252,1765332145,-60.322,36.400118975333335,127.3612436535,0,1,14,0.0,0.0,0,0,0.0,0.0,59.582,36.40011898433333,127.361243652,0.0,0.0,0.0,0.0,0.0,0.0,0.0,0.0,0.0,-60.298,base_link,58010673,1765332145,97.26899719238281,21.483999252319336,176.5709991455078,-16.888999938964844,0.0,-2.009,1.036,0.0,zedx_boom_imu_link,zedx_boom_left_camera_frame,994089723,1765332144,0.999992847442627,0.003616482252255082,0.0005469119059853256,-0.0009107014629989862,0.0,-0.03564900532364845,-0.00014700002793688327
1765332145000000000,-62.55899429321289,excavator_base_link,198727315,1765332145,4.298353381977483,0.09295418399217885,0.0,0.0,0.0,0.0,0.0,127,0,0.0,169568424,1765332145,0.0,4,f,0,4,f,0,4,f,0,59.583,gps,194754355,1765332145,36.40011896516667,127.36124366633334,0.6400000000000001,0.0,0.0,0.0,0.6400000000000001,0.0,0.0,0.0,2.5600000000000005,1,1,1,0.1,0.0,0.0,0.0,0.0,0.0,0.1,0.0,0.0,0.0,0.0,0.0,0.0,0.0,0.1,0.0,0.0,0.0,0.0,0.0,0.0,0.1,0.0,0.0,0.0,0.0,0.0,0.0,0.0,0.1,0.0,0.0,0.0,0.1,0.0,0.0,0.0,0.0,0.0,-0.0005125814057589191,-0.00385043246807921,1.0577921743987042e-05,8,d,gps,195441627,1765332145,-60.316,-2.0,1.002,0,0,-42.72200012207031,4,f,0,4,f,0,4,f,0,4,f,0,-16.913000106811523,-17.600000381469727,False,True,100.0,59.582,gps,95506980,1765332145,36.400118975333335,127.3612436535,0.6400000000000001,0.0,0.0,0.0,0.6400000000000001,0.0,0.0,0.0,2.5600000000000005,1,1,1,0.1,0.0,0.0,0.0,0.0,0.0,0.1,0.0,0.0,0.0,0.0,0.0,0.0,0.0,0.1,0.0,0.0,0.0,0.0,0.0,0.0,0.1,0.0,0.0,0.0,0.0,0.0,0.0,0.0,0.1,0.0,0.0,0.0,0.1,0.0,0.0,0.0,0.0,0.0,-0.0005122014208034507,-0.0038509714849289996,1.0225682133896587e-05,excavator_base,171043810,1765332145,True,50.0,False,62.52000045776367,-2.5,False,False,-17.950000762939453,-2.0999999046325684,False,False,-37.20000076293945,-9.819999694824219,False,excavator_base,171146381,1765332145,-16.913000106811523,False,0.0,0.0,0.0,0.0,0.0,0.0,0.0,0.0,0.0,excavator_base,171182417,1765332145,False,False,-16.913000106811523,0.0,0,False,,0,0,0.0,0.0,False,0.0,0.0,0.0,0,False,,0,0,False,0.0,0.0,0,default,1167.0,1287.0,False,1431.0,534.0,False,1477.0,1336.0,False,excavator_base,171106569,1765332145,0.0,0.0,-16.913000106811523,False,True,True,True,0,False,True,0,excavator_base,171237207,1765332145,0,True,0.0,0.0,0.0,0,0,False,0,True,True,24.0,True,8,d,gps,195809121,1765332145,-60.316,-2.0,1.002,0,0,0.0,59.583,0.0,0.0,0.8,gps,195663634,1765332145,-60.316,36.40011896516667,127.36124366633334,0,1,14,0.0,0.0,0,0,0.0,0.0,59.582,36.400118975333335,127.3612436535,0.0,0.0,0.0,0.0,0.0,0.0,0.0,0.0,0.0,-60.322,base_link,156589690,1765332145,98.96900177001953,20.861000061035156,177.01100158691406,-16.913000106811523,0.0,-1.996,1.08,0.0,zedx_boom_imu_link,zedx_boom_left_camera_frame,95519340,1765332145,0.999992847442627,0.003616482252255082,0.0005469119059853256,-0.0009107014629989862,0.0,-0.03564900532364845,-0.00014700002793688327
1765332145100000000,-61.655006408691406,excavator_base_link,298690125,1765332145,4.3294286627295335,0.07537997261943133,0.0,0.0,0.0,0.0,0.0,127,0,0.0,269361361,1765332145,0.0,4,f,0,4,f,0,4,f,0,59.584,gps,295343855,1765332145,36.40011894916667,127.36124367933333,0.6400000000000001,0.0,0.0,0.0,0.6400000000000001,0.0,0.0,0.0,2.5600000000000005,1,1,1,0.1,0.0,0.0,0.0,0.0,0.0,0.1,0.0,0.0,0.0,0.0,0.0,0.0,0.0,0.1,0.0,0.0,0.0,0.0,0.0,0.0,0.1,0.0,0.0,0.0,0.0,0.0,0.0,0.0,0.1,0.0,0.0,0.0,0.1,0.0,0.0,0.0,0.0,0.0,-0.00051318941144328,-0.0038498863521430203,1.0930131347719494e-05,8,d,gps,296082364,1765332145,-60.297,-2.0,1.025,0,0,-42.696998596191406,4,f,0,4,f,0,4,f,0,4,f,0,-16.906999588012695,-17.600000381469727,False,True,100.0,59.583,gps,194754355,1765332145,36.40011896516667,127.36124366633334,0.6400000000000001,0.0,0.0,0.0,0.6400000000000001,0.0,0.0,0.0,2.5600000000000005,1,1,1,0.1,0.0,0.0,0.0,0.0,0.0,0.1,0.0,0.0,0.0,0.0,0.0,0.0,0.0,0.1,0.0,0.0,0.0,0.0,0.0,0.0,0.1,0.0,0.0,0.0,0.0,0.0,0.0,0.0,0.1,0.0,0.0,0.0,0.1,0.0,0.0,0.0,0.0,0.0,-0.0005125814057589191,-0.00385043246807921,1.0577921743987042e-05,excavator_base,271156076,1765332145,True,50.0,False,62.09000015258789,-2.450000047683716,False,False,-17.40999984741211,-2.0999999046325684,False,False,-38.099998474121094,-9.779999732971191,False,excavator_base,271266264,1765332145,-16.906999588012695,False,0.0,0.0,0.0,0.0,0.0,0.0,0.0,0.0,0.0,excavator_base,271304700,1765332145,False,False,-16.906999588012695,0.0,0,False,,0,0,0.0,0.0,False,0.0,0.0,0.0,0,False,,0,0,False,0.0,0.0,0,default,1160.0,1288.0,False,1276.0,534.0,False,1480.0,1301.0,False,excavator_base,271222579,1765332145,0.0,0.0,-16.906999588012695,False,True,True,True,0,False,True,0,excavator_base,271360514,1765332145,0,True,0.0,0.0,0.0,0,0,False,0,True,True,24.0,True,8,d,gps,296474565,1765332145,-60.297,-2.0,1.025,0,0,0.0,59.584,0.0,0.0,0.8,gps,296316629,1765332145,-60.297,36.40011894916667,127.36124367933333,0,1,14,0.0,0.0,0,0,0.0,0.0,59.583,36.40011896516667,127.36124366633334,0.0,0.0,0.0,0.0,0.0,0.0,0.0,0.0,0.0,-60.316,base_link,256372002,1765332145,100.13899993896484,20.325000762939453,177.51100158691406,-16.906999588012695,0.0,-2.0,1.002,0.0,zedx_boom_imu_link,zedx_boom_left_camera_frame,197035088,1765332145,0.999992847442627,0.003616482252255082,0.0005469119059853256,-0.0009107014629989862,0.0,-0.03564900532364845,-0.00014700002793688327
1765332145200000000,-61.28498840332031,excavator_base_link,398690827,1765332145,4.347835309966133,0.03555996340500314,0.0,0.0,0.0,0.0,0.0,127,0,0.0,369503678,1765332145,0.0,4,f,0,4,f,0,4,f,0,59.584,gps,395333548,1765332145,36.400118928833336,127.36124368583333,0.6400000000000001,0.0,0.0,0.0,0.6400000000000001,0.0,0.0,0.0,2.5600000000000005,1,1,1,0.1,0.0,0.0,0.0,0.0,0.0,0.1,0.0,0.0,0.0,0.0,0.0,0.0,0.0,0.1,0.0,0.0,0.0,0.0,0.0,0.0,0.1,0.0,0.0,0.0,0.0,0.0,0.0,0.0,0.1,0.0,0.0,0.0,0.1,0.0,0.0,0.0,0.0,0.0,-0.0005139670829236828,-0.0038495459360270634,1.0929746176542616e-05,8,d,gps,396017780,1765332145,-60.23599999999999,-2.001,1.049,0,0,-42.696998596191406,4,f,0,4,f,0,4,f,0,4,f,0,-16.88800048828125,-17.600000381469727,False,True,100.0,59.584,gps,295343855,1765332145,36.40011894916667,127.36124367933333,0.6400000000000001,0.0,0.0,0.0,0.6400000000000001,0.0,0.0,0.0,2.5600000000000005,1,1,1,0.1,0.0,0.0,0.0,0.0,0.0,0.1,0.0,0.0,0.0,0.0,0.0,0.0,0.0,0.1,0.0,0.0,0.0,0.0,0.0,0.0,0.1,0.0,0.0,0.0,0.0,0.0,0.0,0.0,0.1,0.0,0.0,0.0,0.1,0.0,0.0,0.0,0.0,0.0,-0.00051318941144328,-0.0038498863521430203,1.0930131347719494e-05,excavator_base,371209776,1765332145,True,50.0,False,62.13999938964844,-2.390000104904175,False,False,-16.510000228881836,-2.0799999237060547,False,False,-38.470001220703125,-9.710000038146973,False,excavator_base,371324060,1765332145,-16.88800048828125,False,0.0,0.0,0.0,0.0,0.0,0.0,0.0,0.0,0.0,excavator_base,371364640,1765332145,False,False,-16.88800048828125,0.0,0,False,,0,0,0.0,0.0,False,0.0,0.0,0.0,0,False,,0,0,False,0.0,0.0,0,default,1131.0,1291.0,False,1295.0,534.0,False,1479.0,1261.0,False,excavator_base,371282328,1765332145,0.0,0.0,-16.88800048828125,False,True,True,True,0,False,True,0,excavator_base,371423079,1765332145,0,True,0.0,0.0,0.0,0,0,False,0,True,True,24.0,True,8,d,gps,396422302,1765332145,-60.23599999999999,-2.001,1.049,0,0,0.0,59.584,0.0,0.0,0.8,gps,396264077,1765332145,-60.23599999999999,36.400118928833336,127.36124368583333,0,1,14,0.0,0.0,0,0,0.0,0.0,59.584,36.40011894916667,127.36124367933333,0.0,0.0,0.0,0.0,0.0,0.0,0.0,0.0,0.0,-60.297,base_link,356297496,1765332145,101.20899963378906,19.424999237060547,177.93099975585938,-16.88800048828125,0.0,-2.0,1.025,0.0,zedx_boom_imu_link,zedx_boom_left_camera_frame,299038994,1765332145,0.999992847442627,0.003616482252255082,0.0005469119059853256,-0.0009107014629989862,0.0,-0.03564900532364845,-0.00014700002793688327
1765332145300000000,-61.44399642944336,excavator_base_link,501363041,1765332145,4.3457982094192085,-0.013735695074124692,0.0,0.0,0.0,0.0,0.0,127,0,0.0,469446806,1765332145,0.0,4,f,0,4,f,0,4,f,0,59.585,gps,497827023,1765332145,36.40011890816667,127.36124369733334,0.6400000000000001,0.0,0.0,0.0,0.6400000000000001,0.0,0.0,0.0,2.5600000000000005,1,1,1,0.1,0.0,0.0,0.0,0.0,0.0,0.1,0.0,0.0,0.0,0.0,0.0,0.0,0.0,0.1,0.0,0.0,0.0,0.0,0.0,0.0,0.1,0.0,0.0,0.0,0.0,0.0,0.0,0.0,0.1,0.0,0.0,0.0,0.1,0.0,0.0,0.0,0.0,0.0,-0.0005147572820002119,-0.0038490445918260233,1.1281910930151217e-05,8,d,gps,498510551,1765332145,-60.071,-2.002,1.044,0,0,-42.47100067138672,4,f,0,4,f,0,4,f,0,4,f,0,-16.82699966430664,-17.600000381469727,False,True,100.0,59.584,gps,395333548,1765332145,36.400118928833336,127.36124368583333,0.6400000000000001,0.0,0.0,0.0,0.6400000000000001,0.0,0.0,0.0,2.5600000000000005,1,1,1,0.1,0.0,0.0,0.0,0.0,0.0,0.1,0.0,0.0,0.0,0.0,0.0,0.0,0.0,0.1,0.0,0.0,0.0,0.0,0.0,0.0,0.1,0.0,0.0,0.0,0.0,0.0,0.0,0.0,0.1,0.0,0.0,0.0,0.1,0.0,0.0,0.0,0.0,0.0,-0.0005139670829236828,-0.0038495459360270634,1.0929746176542616e-05,excavator_base,470940914,1765332145,True,50.0,False,62.79999923706055,-2.450000047683716,False,False,-15.470000267028809,-2.0999999046325684,False,False,-38.310001373291016,-9.8100004196167,False,excavator_base,471041917,1765332145,-16.82699966430664,False,0.0,0.0,0.0,0.0,0.0,0.0,0.0,0.0,0.0,excavator_base,471077697,1765332145,False,False,-16.82699966430664,0.0,0,False,,0,0,0.0,0.0,False,0.0,0.0,0.0,0,False,,0,0,False,0.0,0.0,0,default,1125.0,1290.0,False,1359.0,534.0,False,1480.0,1258.0,False,excavator_base,471000921,1765332145,0.0,0.0,-16.82699966430664,False,True,True,True,0,False,True,0,excavator_base,471241618,1765332145,0,True,0.0,0.0,0.0,0,0,False,0,True,True,24.0,True,8,d,gps,498970919,1765332145,-60.071,-2.002,1.044,0,0,0.0,59.585,0.0,0.0,0.8,gps,498807222,1765332145,-60.071,36.40011890816667,127.36124369733334,0,1,14,0.0,0.0,0,0,0.0,0.0,59.584,36.400118928833336,127.36124368583333,0.0,0.0,0.0,0.0,0.0,0.0,0.0,0.0,0.0,-60.23599999999999,base_link,456353820,1765332145,101.96900177001953,18.38599967956543,178.39100646972656,-16.82699966430664,0.0,-2.001,1.049,0.0,zedx_boom_imu_link,zedx_boom_left_camera_frame,390346161,1765332145,0.999992847442627,0.003616482252255082,0.0005469119059853256,-0.0009107014629989862,0.0,-0.03564900532364845,-0.00014700002793688327
1765332145400000000,-61.94300079345703,excavator_base_link,598676742,1765332145,4.333194860079189,-0.0713382582661593,0.0,0.0,0.0,0.0,0.0,127,0,0.0,569570017,1765332145,0.0,4,f,0,4,f,0,4,f,0,59.585,gps,595304261,1765332145,36.400118885,127.36124370900001,0.6400000000000001,0.0,0.0,0.0,0.6400000000000001,0.0,0.0,0.0,2.5600000000000005,1,1,1,0.1,0.0,0.0,0.0,0.0,0.0,0.1,0.0,0.0,0.0,0.0,0.0,0.0,0.0,0.1,0.0,0.0,0.0,0.0,0.0,0.0,0.1,0.0,0.0,0.0,0.0,0.0,0.0,0.0,0.1,0.0,0.0,0.0,0.1,0.0,0.0,0.0,0.0,0.0,-0.0005156461742925757,-0.00384854488939405,1.1281523350375414e-05,8,d,gps,595938568,1765332145,-59.863,-2.002,1.069,0,0,-43.270999908447266,4,f,0,4,f,0,4,f,0,4,f,0,-16.66200065612793,-16.799999237060547,False,True,100.0,59.585,gps,497827023,1765332145,36.40011890816667,127.36124369733334,0.6400000000000001,0.0,0.0,0.0,0.6400000000000001,0.0,0.0,0.0,2.5600000000000005,1,1,1,0.1,0.0,0.0,0.0,0.0,0.0,0.1,0.0,0.0,0.0,0.0,0.0,0.0,0.0,0.1,0.0,0.0,0.0,0.0,0.0,0.0,0.1,0.0,0.0,0.0,0.0,0.0,0.0,0.0,0.1,0.0,0.0,0.0,0.1,0.0,0.0,0.0,0.0,0.0,-0.0005147572820002119,-0.0038490445918260233,1.1281910930151217e-05,excavator_base,571639162,1765332145,True,50.0,False,63.7599983215332,-2.5799999237060547,False,False,-14.460000038146973,-2.119999885559082,False,False,-37.810001373291016,-9.9399995803833,False,excavator_base,571762310,1765332145,-16.66200065612793,False,0.0,0.0,0.0,0.0,0.0,0.0,0.0,0.0,0.0,excavator_base,571805579,1765332145,False,False,-16.66200065612793,0.0,0,False,,0,0,0.0,0.0,False,0.0,0.0,0.0,0,False,,0,0,False,0.0,0.0,0,default,1113.0,1290.0,False,1342.0,529.0,False,1481.0,1263.0,False,excavator_base,571715426,1765332145,0.0,0.0,-16.66200065612793,False,True,True,True,0,False,True,0,excavator_base,571894228,1765332145,0,True,0.0,0.0,0.0,0,0,False,0,True,True,24.0,True,8,d,gps,596310799,1765332145,-59.863,-2.002,1.069,0,0,0.0,59.585,0.0,0.0,0.8,gps,596159807,1765332145,-59.863,36.400118885,127.36124370900001,0,1,14,0.0,0.0,0,0,0.0,0.0,59.585,36.40011890816667,127.36124369733334,0.0,0.0,0.0,0.0,0.0,0.0,0.0,0.0,0.0,-60.071,base_link,556597716,1765332145,102.0790023803711,17.37700080871582,178.88099670410156,-16.66200065612793,0.0,-2.002,1.044,0.0,zedx_boom_imu_link,zedx_boom_left_camera_frame,497098333,1765332145,0.999992847442627,0.003616482252255082,0.0005469119059853256,-0.0009107014629989862,0.0,-0.03564900532364845,-0.00014700002793688327
1765332145500000000,-62.66300582885742,excavator_base_link,700140670,1765332145,4.3157464612797085,-0.1327513018569209,0.0,0.0,0.0,0.0,0.0,127,0,0.0,669403470,1765332145,0.0,4,f,0,4,f,0,4,f,0,59.586,gps,696764380,1765332145,36.40011886566667,127.3612437165,0.6400000000000001,0.0,0.0,0.0,0.6400000000000001,0.0,0.0,0.0,2.5600000000000005,1,1,1,0.1,0.0,0.0,0.0,0.0,0.0,0.1,0.0,0.0,0.0,0.0,0.0,0.0,0.0,0.1,0.0,0.0,0.0,0.0,0.0,0.0,0.1,0.0,0.0,0.0,0.0,0.0,0.0,0.0,0.1,0.0,0.0,0.0,0.1,0.0,0.0,0.0,0.0,0.0,-0.0005163842565114018,-0.0038481709070851806,1.1633654511492567e-05,8,d,gps,698023392,1765332145,-59.702,-2.002,1.067,0,0,-42.76300048828125,4,f,0,4,f,0,4,f,0,4,f,0,-16.45400047302246,-17.100000381469727,False,True,100.0,59.585,gps,595304261,1765332145,36.400118885,127.36124370900001,0.6400000000000001,0.0,0.0,0.0,0.6400000000000001,0.0,0.0,0.0,2.5600000000000005,1,1,1,0.1,0.0,0.0,0.0,0.0,0.0,0.1,0.0,0.0,0.0,0.0,0.0,0.0,0.0,0.1,0.0,0.0,0.0,0.0,0.0,0.0,0.1,0.0,0.0,0.0,0.0,0.0,0.0,0.0,0.1,0.0,0.0,0.0,0.1,0.0,0.0,0.0,0.0,0.0,-0.0005156461742925757,-0.00384854488939405,1.1281523350375414e-05,excavator_base,674445341,1765332145,True,50.0,False,64.79000091552734,-2.4700000286102295,False,False,-13.380000114440918,-2.119999885559082,False,False,-37.09000015258789,-9.829999923706055,False,excavator_base,674573259,1765332145,-16.45400047302246,False,0.0,0.0,0.0,0.0,0.0,0.0,0.0,0.0,0.0,excavator_base,674617647,1765332145,False,False,-16.45400047302246,0.0,0,False,,0,0,0.0,0.0,False,0.0,0.0,0.0,0,False,,0,0,False,0.0,0.0,0,default,1106.0,1288.0,False,1359.0,529.0,False,1480.0,1247.0,False,excavator_base,674523302,1765332145,0.0,0.0,-16.45400047302246,False,True,True,True,0,False,True,0,excavator_base,674683702,1765332145,0,True,0.0,0.0,0.0,0,0,False,0,True,True,24.0,True,8,d,gps,699457494,1765332145,-59.702,-2.002,1.067,0,0,0.0,59.586,0.0,0.0,0.8,gps,698345858,1765332145,-59.702,36.40011886566667,127.3612437165,0,1,14,0.0,0.0,0,0,0.0,0.0,59.585,36.400118885,127.36124370900001,0.0,0.0,0.0,0.0,0.0,0.0,0.0,0.0,0.0,-59.863,base_link,658155861,1765332145,102.13899993896484,16.297000885009766,179.29100036621094,-16.45400047302246,0.0,-2.002,1.069,0.0,zedx_boom_imu_link,zedx_boom_left_camera_frame,588721020,1765332145,0.999992847442627,0.003616482252255082,0.0005469119059853256,-0.0009107014629989862,0.0,-0.03564900532364845,-0.00014700002793688327
1765332145600000000,-63.703006744384766,excavator_base_link,800454173,1765332145,4.292596636801981,-0.19524394072432766,0.0,0.0,0.0,0.0,0.0,127,0,0.0,769889663,1765332145,0.0,4,f,0,4,f,0,4,f,0,59.587,gps,795403148,1765332145,36.40011884216667,127.361243729,0.6400000000000001,0.0,0.0,0.0,0.6400000000000001,0.0,0.0,0.0,2.5600000000000005,1,1,1,0.1,0.0,0.0,0.0,0.0,0.0,0.1,0.0,0.0,0.0,0.0,0.0,0.0,0.0,0.1,0.0,0.0,0.0,0.0,0.0,0.0,0.1,0.0,0.0,0.0,0.0,0.0,0.0,0.0,0.1,0.0,0.0,0.0,0.1,0.0,0.0,0.0,0.0,0.0,-0.000517285862256148,-0.00384764345050349,1.198577285004556e-05,8,d,gps,796089908,1765332145,-59.46700000000001,-2.01,1.085,0,0,-42.60200119018555,4,f,0,4,f,0,4,f,0,4,f,0,-16.292999267578125,-17.100000381469727,False,True,100.0,59.586,gps,696764380,1765332145,36.40011886566667,127.3612437165,0.6400000000000001,0.0,0.0,0.0,0.6400000000000001,0.0,0.0,0.0,2.5600000000000005,1,1,1,0.1,0.0,0.0,0.0,0.0,0.0,0.1,0.0,0.0,0.0,0.0,0.0,0.0,0.0,0.1,0.0,0.0,0.0,0.0,0.0,0.0,0.1,0.0,0.0,0.0,0.0,0.0,0.0,0.0,0.1,0.0,0.0,0.0,0.1,0.0,0.0,0.0,0.0,0.0,-0.0005163842565114018,-0.0038481709070851806,1.1633654511492567e-05,excavator_base,771039575,1765332145,True,50.0,False,65.83000183105469,-2.3299999237060547,False,False,-12.300000190734863,-2.069999933242798,False,False,-36.04999923706055,-9.710000038146973,False,excavator_base,771140994,1765332145,-16.292999267578125,False,0.0,0.0,0.0,0.0,0.0,0.0,0.0,0.0,0.0,excavator_base,771172965,1765332145,False,False,-16.292999267578125,0.0,0,False,,0,0,0.0,0.0,False,0.0,0.0,0.0,0,False,,0,0,False,0.0,0.0,0,default,1095.0,1288.0,False,1371.0,529.0,False,1480.0,1221.0,False,excavator_base,771101854,1765332145,0.0,0.0,-16.292999267578125,False,True,True,True,0,False,True,0,excavator_base,771222826,1765332145,0,True,0.0,0.0,0.0,0,0,False,0,True,True,24.0,True,8,d,gps,796445049,1765332145,-59.46700000000001,-2.01,1.085,0,0,0.0,59.587,0.0,0.0,0.8,gps,796302858,1765332145,-59.46700000000001,36.40011884216667,127.361243729,0,1,14,0.0,0.0,0,0,0.0,0.0,59.586,36.40011886566667,127.3612437165,0.0,0.0,0.0,0.0,0.0,0.0,0.0,0.0,0.0,-59.702,base_link,756271854,1765332145,102.18900299072266,15.217000007629395,179.43099975585938,-16.292999267578125,0.0,-2.002,1.067,0.0,zedx_boom_imu_link,zedx_boom_left_camera_frame,695675328,1765332145,0.999992847442627,0.003616482252255082,0.0005469119059853256,-0.0009107014629989862,0.0,-0.03564900532364845,-0.00014700002793688327
1765332145700000000,-64.81500244140625,excavator_base_link,901912339,1765332145,4.265970631441924,-0.2561821314201406,0.0,0.0,0.0,0.0,0.0,127,0,0.0,869511286,1765332145,0.0,4,f,0,4,f,0,4,f,0,59.587,gps,895584669,1765332145,36.400118817666666,127.36124373266667,0.6400000000000001,0.0,0.0,0.0,0.6400000000000001,0.0,0.0,0.0,2.5600000000000005,1,1,1,0.1,0.0,0.0,0.0,0.0,0.0,0.1,0.0,0.0,0.0,0.0,0.0,0.0,0.0,0.1,0.0,0.0,0.0,0.0,0.0,0.0,0.1,0.0,0.0,0.0,0.0,0.0,0.0,0.0,0.1,0.0,0.0,0.0,0.1,0.0,0.0,0.0,0.0,0.0,-0.0005182262395696178,-0.003847392043805939,1.1985349419932366e-05,8,d,gps,896331692,1765332145,-59.31,-2.012,1.121,0,0,-42.367000579833984,4,f,0,4,f,0,4,f,0,4,f,0,-16.058000564575195,-17.100000381469727,False,True,100.0,59.587,gps,795403148,1765332145,36.40011884216667,127.361243729,0.6400000000000001,0.0,0.0,0.0,0.6400000000000001,0.0,0.0,0.0,2.5600000000000005,1,1,1,0.1,0.0,0.0,0.0,0.0,0.0,0.1,0.0,0.0,0.0,0.0,0.0,0.0,0.0,0.1,0.0,0.0,0.0,0.0,0.0,0.0,0.1,0.0,0.0,0.0,0.0,0.0,0.0,0.0,0.1,0.0,0.0,0.0,0.1,0.0,0.0,0.0,0.0,0.0,-0.000517285862256148,-0.00384764345050349,1.198577285004556e-05,excavator_base,872545171,1765332145,True,50.0,False,66.91999816894531,-2.430000066757202,False,False,-11.229999542236328,-2.109999895095825,False,False,-34.93000030517578,-9.8100004196167,False,excavator_base,872653822,1765332145,-16.058000564575195,False,0.0,0.0,0.0,0.0,0.0,0.0,0.0,0.0,0.0,excavator_base,872690370,1765332145,False,False,-16.058000564575195,0.0,0,False,,0,0,0.0,0.0,False,0.0,0.0,0.0,0,False,,0,0,False,0.0,0.0,0,default,1090.0,1288.0,False,1363.0,529.0,False,1478.0,1204.0,False,excavator_base,872611418,1765332145,0.0,0.0,-16.058000564575195,False,True,True,True,0,False,True,0,excavator_base,872742568,1765332145,0,True,0.0,0.0,0.0,0,0,False,0,True,True,24.0,True,8,d,gps,896828832,1765332145,-59.31,-2.012,1.121,0,0,0.0,59.587,0.0,0.0,0.8,gps,896608585,1765332145,-59.31,36.400118817666666,127.36124373266667,0,1,14,0.0,0.0,0,0,0.0,0.0,59.587,36.40011884216667,127.361243729,0.0,0.0,0.0,0.0,0.0,0.0,0.0,0.0,0.0,-59.46700000000001,base_link,856297231,1765332145,102.18900299072266,14.154999732971191,179.41099548339844,-16.058000564575195,0.0,-2.01,1.085,0.0,zedx_boom_imu_link,zedx_boom_left_camera_frame,797392795,1765332145,0.999992847442627,0.003616482252255082,0.0005469119059853256,-0.0009107014629989862,0.0,-0.03564900532364845,-0.00014700002793688327
1765332145800000000,-65.65299224853516,excavator_base_link,998683200,1765332145,4.243883735524371,-0.29436598117704793,0.0,0.0,0.0,0.0,0.0,127,0,0.0,969722378,1765332145,0.0,4,f,0,4,f,0,4,f,0,59.588,gps,995418762,1765332145,36.400118794,127.36124374933334,0.6400000000000001,0.0,0.0,0.0,0.6400000000000001,0.0,0.0,0.0,2.5600000000000005,1,1,1,0.1,0.0,0.0,0.0,0.0,0.0,0.1,0.0,0.0,0.0,0.0,0.0,0.0,0.0,0.1,0.0,0.0,0.0,0.0,0.0,0.0,0.1,0.0,0.0,0.0,0.0,0.0,0.0,0.0,0.1,0.0,0.0,0.0,0.1,0.0,0.0,0.0,0.0,0.0,-0.0005191340230640804,-0.0038467318270734153,1.2337425718491806e-05,8,d,gps,996115571,1765332145,-59.120000000000005,-2.01,1.136,0,0,-43.01000213623047,4,f,0,4,f,0,4,f,0,4,f,0,-15.901000022888184,-16.299999237060547,False,True,100.0,59.587,gps,895584669,1765332145,36.400118817666666,127.36124373266667,0.6400000000000001,0.0,0.0,0.0,0.6400000000000001,0.0,0.0,0.0,2.5600000000000005,1,1,1,0.1,0.0,0.0,0.0,0.0,0.0,0.1,0.0,0.0,0.0,0.0,0.0,0.0,0.0,0.1,0.0,0.0,0.0,0.0,0.0,0.0,0.1,0.0,0.0,0.0,0.0,0.0,0.0,0.0,0.1,0.0,0.0,0.0,0.1,0.0,0.0,0.0,0.0,0.0,-0.0005182262395696178,-0.003847392043805939,1.1985349419932366e-05,excavator_base,971191876,1765332145,True,50.0,False,67.72000122070312,-2.3499999046325684,False,False,-10.369999885559082,-2.109999895095825,False,False,-34.09000015258789,-9.75,False,excavator_base,971308944,1765332145,-15.901000022888184,False,0.0,0.0,0.0,0.0,0.0,0.0,0.0,0.0,0.0,excavator_base,971346004,1765332145,False,False,-15.901000022888184,0.0,0,False,,0,0,0.0,0.0,False,0.0,0.0,0.0,0,False,,0,0,False,0.0,0.0,0,default,1079.0,1285.0,False,1526.0,529.0,False,1476.0,1207.0,False,excavator_base,971263819,1765332145,0.0,0.0,-15.901000022888184,False,True,True,True,0,False,True,0,excavator_base,971399609,1765332145,0,True,0.0,0.0,0.0,0,0,False,0,True,True,24.0,True,8,d,gps,996560258,1765332145,-59.120000000000005,-2.01,1.136,0,0,0.0,59.588,0.0,0.0,0.8,gps,996367342,1765332145,-59.120000000000005,36.400118794,127.36124374933334,0,1,14,0.0,0.0,0,0,0.0,0.0,59.587,36.400118817666666,127.36124373266667,0.0,0.0,0.0,0.0,0.0,0.0,0.0,0.0,0.0,-59.31,base_link,957075871,1765332145,102.03900146484375,13.29699993133545,179.3509979248047,-15.901000022888184,0.0,-2.012,1.121,0.0,zedx_boom_imu_link,zedx_boom_left_camera_frame,893817146,1765332145,0.999992847442627,0.003616482252255082,0.0005469119059853256,-0.0009107014629989862,0.0,-0.03564900532364845,-0.00014700002793688327
1765332145900000000,-65.87500762939453,excavator_base_link,98676541,1765332146,4.238316526723204,-0.3081329931983333,0.0,0.0,0.0,0.0,0.0,127,0,0.0,70216284,1765332146,0.0,4,f,0,4,f,0,4,f,0,59.588,gps,95694213,1765332146,36.400118777,127.36124376716667,0.6400000000000001,0.0,0.0,0.0,0.6400000000000001,0.0,0.0,0.0,2.5600000000000005,1,1,1,0.1,0.0,0.0,0.0,0.0,0.0,0.1,0.0,0.0,0.0,0.0,0.0,0.0,0.0,0.1,0.0,0.0,0.0,0.0,0.0,0.0,0.1,0.0,0.0,0.0,0.0,0.0,0.0,0.0,0.1,0.0,0.0,0.0,0.1,0.0,0.0,0.0,0.0,0.0,-0.0005197808129576777,-0.0038460342466343357,1.2336989623333471e-05,8,d,gps,96505402,1765332146,-58.935,-2.026,1.054,0,0,-42.52000045776367,4,f,0,4,f,0,4,f,0,4,f,0,-15.711000442504883,-16.600000381469727,False,True,100.0,59.588,gps,995418762,1765332145,36.400118794,127.36124374933334,0.6400000000000001,0.0,0.0,0.0,0.6400000000000001,0.0,0.0,0.0,2.5600000000000005,1,1,1,0.1,0.0,0.0,0.0,0.0,0.0,0.1,0.0,0.0,0.0,0.0,0.0,0.0,0.0,0.1,0.0,0.0,0.0,0.0,0.0,0.0,0.1,0.0,0.0,0.0,0.0,0.0,0.0,0.0,0.1,0.0,0.0,0.0,0.1,0.0,0.0,0.0,0.0,0.0,-0.0005191340230640804,-0.0038467318270734153,1.2337425718491806e-05,excavator_base,71247784,1765332146,True,50.0,False,67.94999694824219,-2.4600000381469727,False,False,-10.0,-2.119999885559082,False,False,-33.869998931884766,-9.899999618530273,False,excavator_base,71381110,1765332146,-15.711000442504883,False,0.0,0.0,0.0,0.0,0.0,0.0,0.0,0.0,0.0,excavator_base,71421530,1765332146,False,False,-15.711000442504883,0.0,0,False,,0,0,0.0,0.0,False,0.0,0.0,0.0,0,False,,0,0,False,0.0,0.0,0,default,1077.0,1285.0,False,1476.0,526.0,False,1477.0,1213.0,False,excavator_base,71333041,1765332146,0.0,0.0,-15.711000442504883,False,True,True,True,0,False,True,0,excavator_base,71487169,1765332146,0,True,0.0,0.0,0.0,0,0,False,0,True,True,24.0,True,8,d,gps,96961098,1765332146,-58.935,-2.026,1.054,0,0,0.0,59.588,0.0,0.0,0.8,gps,96809690,1765332146,-58.935,36.400118777,127.36124376716667,0,1,14,0.0,0.0,0,0,0.0,0.0,59.588,36.400118794,127.36124374933334,0.0,0.0,0.0,0.0,0.0,0.0,0.0,0.0,0.0,-59.120000000000005,base_link,56391509,1765332146,101.92900085449219,12.925000190734863,179.34100341796875,-15.711000442504883,0.0,-2.01,1.136,0.0,zedx_boom_imu_link,zedx_boom_left_camera_frame,990409303,1765332145,0.999992847442627,0.003616482252255082,0.0005469119059853256,-0.0009107014629989862,0.0,-0.03564900532364845,-0.00014700002793688327
1765332146000000000,-66.14900207519531,excavator_base_link,200246336,1765332146,4.231466658301816,-0.3252947121435499,0.0,0.0,0.0,0.0,0.0,127,0,0.0,169819696,1765332146,0.0,4,f,0,4,f,0,4,f,0,59.588,gps,195492270,1765332146,36.400118762333335,127.3612437575,0.6400000000000001,0.0,0.0,0.0,0.6400000000000001,0.0,0.0,0.0,2.5600000000000005,1,1,1,0.1,0.0,0.0,0.0,0.0,0.0,0.1,0.0,0.0,0.0,0.0,0.0,0.0,0.0,0.1,0.0,0.0,0.0,0.0,0.0,0.0,0.1,0.0,0.0,0.0,0.0,0.0,0.0,0.0,0.1,0.0,0.0,0.0,0.1,0.0,0.0,0.0,0.0,0.0,-0.0005203363462154258,-0.0038462033054702366,1.2336555442716683e-05,8,d,gps,198517931,1765332146,-58.793000000000006,-2.023,1.125,0,0,-42.19300079345703,4,f,0,4,f,0,4,f,0,4,f,0,-15.383999824523926,-16.600000381469727,False,True,100.0,59.588,gps,95694213,1765332146,36.400118777,127.36124376716667,0.6400000000000001,0.0,0.0,0.0,0.6400000000000001,0.0,0.0,0.0,2.5600000000000005,1,1,1,0.1,0.0,0.0,0.0,0.0,0.0,0.1,0.0,0.0,0.0,0.0,0.0,0.0,0.0,0.1,0.0,0.0,0.0,0.0,0.0,0.0,0.1,0.0,0.0,0.0,0.0,0.0,0.0,0.0,0.1,0.0,0.0,0.0,0.1,0.0,0.0,0.0,0.0,0.0,-0.0005197808129576777,-0.0038460342466343357,1.2336989623333471e-05,excavator_base,172439171,1765332146,True,50.0,False,68.25,-2.6700000762939453,False,False,-9.75,-2.180000066757202,False,False,-33.58000183105469,-10.149999618530273,False,excavator_base,172548238,1765332146,-15.526000022888184,False,0.0,0.0,0.0,0.0,0.0,0.0,0.0,0.0,0.0,excavator_base,172587474,1765332146,False,False,-15.526000022888184,0.0,0,False,,0,0,0.0,0.0,False,0.0,0.0,0.0,0,False,,0,0,False,0.0,0.0,0,default,1104.0,1283.0,False,1290.0,526.0,False,1477.0,1199.0,False,excavator_base,172506506,1765332146,0.0,0.0,-15.526000022888184,False,True,True,True,0,False,True,0,excavator_base,172642936,1765332146,0,True,0.0,0.0,0.0,0,0,False,0,True,True,24.0,True,8,d,gps,200528157,1765332146,-58.793000000000006,-2.023,1.125,0,0,0.0,59.588,0.0,0.0,0.8,gps,200221085,1765332146,-58.793000000000006,36.400118762333335,127.3612437575,0,1,14,0.0,0.0,0,0,0.0,0.0,59.588,36.400118777,127.36124376716667,0.0,0.0,0.0,0.0,0.0,0.0,0.0,0.0,0.0,-58.935,base_link,156426199,1765332146,101.96900177001953,12.690999984741211,179.38099670410156,-15.526000022888184,0.0,-2.026,1.054,0.0,zedx_boom_imu_link,zedx_boom_left_camera_frame,97703836,1765332146,0.999992847442627,0.003616482252255082,0.0005469119059853256,-0.0009107014629989862,0.0,-0.03564900532364845,-0.00014700002793688327
1765332146100000000,-66.35199737548828,excavator_base_link,300005125,1765332146,4.2258585406974545,-0.330713601199188,0.0,0.0,0.0,0.0,0.0,127,0,0.0,269437703,1765332146,0.0,4,f,0,4,f,0,4,f,0,59.588,gps,295593943,1765332146,36.40011875566667,127.36124375216667,0.6400000000000001,0.0,0.0,0.0,0.6400000000000001,0.0,0.0,0.0,2.5600000000000005,1,1,1,0.1,0.0,0.0,0.0,0.0,0.0,0.1,0.0,0.0,0.0,0.0,0.0,0.0,0.0,0.1,0.0,0.0,0.0,0.0,0.0,0.0,0.1,0.0,0.0,0.0,0.0,0.0,0.0,0.0,0.1,0.0,0.0,0.0,0.1,0.0,0.0,0.0,0.0,0.0,-0.0005205788076432093,-0.0038462355435150294,1.2336120162718394e-05,8,d,gps,296403788,1765332146,-58.80600000000001,-2.022,1.132,0,0,-42.99300003051758,4,f,0,4,f,0,4,f,0,4,f,0,-15.383999824523926,-15.800000190734863,False,True,100.0,59.588,gps,195492270,1765332146,36.400118762333335,127.3612437575,0.6400000000000001,0.0,0.0,0.0,0.6400000000000001,0.0,0.0,0.0,2.5600000000000005,1,1,1,0.1,0.0,0.0,0.0,0.0,0.0,0.1,0.0,0.0,0.0,0.0,0.0,0.0,0.0,0.1,0.0,0.0,0.0,0.0,0.0,0.0,0.1,0.0,0.0,0.0,0.0,0.0,0.0,0.0,0.1,0.0,0.0,0.0,0.1,0.0,0.0,0.0,0.0,0.0,-0.0005203363462154258,-0.0038462033054702366,1.2336555442716683e-05,excavator_base,271095508,1765332146,True,50.0,False,68.41000366210938,-2.6600000858306885,False,False,-9.489999771118164,-2.190000057220459,False,False,-33.380001068115234,-10.1899995803833,False,excavator_base,271200671,1765332146,-15.383999824523926,False,0.0,0.0,0.0,0.0,0.0,0.0,0.0,0.0,0.0,excavator_base,271236451,1765332146,False,False,-15.383999824523926,0.0,0,False,,0,0,0.0,0.0,False,0.0,0.0,0.0,0,False,,0,0,False,0.0,0.0,0,default,1081.0,1285.0,False,1473.0,526.0,False,1474.0,1201.0,False,excavator_base,271158843,1765332146,0.0,0.0,-15.383999824523926,False,True,True,True,0,False,True,0,excavator_base,271287016,1765332146,0,True,0.0,0.0,0.0,0,0,False,0,True,True,24.0,True,8,d,gps,297320204,1765332146,-58.80600000000001,-2.022,1.132,0,0,0.0,59.588,0.0,0.0,0.8,gps,296705580,1765332146,-58.80600000000001,36.40011875566667,127.36124375216667,0,1,14,0.0,0.0,0,0,0.0,0.0,59.588,36.400118762333335,127.3612437575,0.0,0.0,0.0,0.0,0.0,0.0,0.0,0.0,0.0,-58.793000000000006,base_link,256270661,1765332146,101.90899658203125,12.428000450134277,179.34100341796875,-15.383999824523926,0.0,-2.023,1.125,0.0,zedx_boom_imu_link,zedx_boom_left_camera_frame,199283195,1765332146,0.999992847442627,0.003616482252255082,0.0005469119059853256,-0.0009107014629989862,0.0,-0.03564900532364845,-0.00014700002793688327
1765332146200000000,-66.1929931640625,excavator_base_link,402880400,1765332146,4.227563081692803,-0.3216986021690515,0.0,0.0,0.0,0.0,0.0,127,0,0.0,369416675,1765332146,0.0,4,f,0,4,f,0,4,f,0,59.588,gps,399899224,1765332146,36.40011875383333,127.3612437525,0.6400000000000001,0.0,0.0,0.0,0.6400000000000001,0.0,0.0,0.0,2.5600000000000005,1,1,1,0.1,0.0,0.0,0.0,0.0,0.0,0.1,0.0,0.0,0.0,0.0,0.0,0.0,0.0,0.1,0.0,0.0,0.0,0.0,0.0,0.0,0.1,0.0,0.0,0.0,0.0,0.0,0.0,0.0,0.1,0.0,0.0,0.0,0.1,0.0,0.0,0.0,0.0,0.0,-0.0005206313920352382,-0.0038460836428779012,1.2335666632516276e-05,8,d,gps,400654503,1765332146,-58.82599999999999,-2.026,1.036,0,0,-42.82600021362305,4,f,0,4,f,0,4,f,0,4,f,0,-15.416999816894531,-16.0,False,True,100.0,59.588,gps,295593943,1765332146,36.40011875566667,127.36124375216667,0.6400000000000001,0.0,0.0,0.0,0.6400000000000001,0.0,0.0,0.0,2.5600000000000005,1,1,1,0.1,0.0,0.0,0.0,0.0,0.0,0.1,0.0,0.0,0.0,0.0,0.0,0.0,0.0,0.1,0.0,0.0,0.0,0.0,0.0,0.0,0.1,0.0,0.0,0.0,0.0,0.0,0.0,0.0,0.1,0.0,0.0,0.0,0.1,0.0,0.0,0.0,0.0,0.0,-0.0005205788076432093,-0.0038462355435150294,1.2336120162718394e-05,excavator_base,370948515,1765332146,True,50.0,False,68.3499984741211,-2.5999999046325684,False,False,-9.630000114440918,-2.180000066757202,False,False,-33.540000915527344,-10.079999923706055,False,excavator_base,371055566,1765332146,-15.397000312805176,False,0.0,0.0,0.0,0.0,0.0,0.0,0.0,0.0,0.0,excavator_base,371091986,1765332146,False,False,-15.397000312805176,0.0,0,False,,0,0,0.0,0.0,False,0.0,0.0,0.0,0,False,,0,0,False,0.0,0.0,0,default,1084.0,1284.0,False,1465.0,526.0,False,1475.0,1206.0,False,excavator_base,371013194,1765332146,0.0,0.0,-15.397000312805176,False,True,True,True,0,False,True,0,excavator_base,371143511,1765332146,0,True,0.0,0.0,0.0,0,0,False,0,True,True,24.0,True,8,d,gps,401145946,1765332146,-58.82599999999999,-2.026,1.036,0,0,0.0,59.588,0.0,0.0,0.8,gps,400953126,1765332146,-58.82599999999999,36.40011875383333,127.3612437525,0,1,14,0.0,0.0,0,0,0.0,0.0,59.588,36.40011875566667,127.36124375216667,0.0,0.0,0.0,0.0,0.0,0.0,0.0,0.0,0.0,-58.80600000000001,base_link,357418267,1765332146,101.78900146484375,12.567000389099121,179.3509979248047,-15.397000312805176,0.0,-2.022,1.132,0.0,odom,map,855891000,1765332145,0.9521458572483773,0.053331217640054614,0.2977429013638404,-0.0438544460371384,-35.26922629036764,36.402896587382884,0.3874367921023657
1765332146300000000,-67.15899658203125,excavator_base_link,499987839,1765332146,4.191698267424608,-0.33631062128476524,0.0,0.0,0.0,0.0,0.0,127,0,0.0,472045652,1765332146,0.0,4,f,0,4,f,0,4,f,0,59.587,gps,495631032,1765332146,36.40011874233333,127.36124374633333,0.6400000000000001,0.0,0.0,0.0,0.6400000000000001,0.0,0.0,0.0,2.5600000000000005,1,1,1,0.1,0.0,0.0,0.0,0.0,0.0,0.1,0.0,0.0,0.0,0.0,0.0,0.0,0.0,0.1,0.0,0.0,0.0,0.0,0.0,0.0,0.1,0.0,0.0,0.0,0.0,0.0,0.0,0.0,0.1,0.0,0.0,0.0,0.1,0.0,0.0,0.0,0.0,0.0,-0.0005210636864407672,-0.0038461478761953557,1.1982814156440978e-05,8,d,gps,496526005,1765332146,-58.83099999999999,-2.03,1.1,0,0,-42.82600021362305,4,f,0,4,f,0,4,f,0,4,f,0,-15.416999816894531,-16.0,False,True,100.0,59.588,gps,399899224,1765332146,36.40011875383333,127.3612437525,0.6400000000000001,0.0,0.0,0.0,0.6400000000000001,0.0,0.0,0.0,2.5600000000000005,1,1,1,0.1,0.0,0.0,0.0,0.0,0.0,0.1,0.0,0.0,0.0,0.0,0.0,0.0,0.0,0.1,0.0,0.0,0.0,0.0,0.0,0.0,0.1,0.0,0.0,0.0,0.0,0.0,0.0,0.0,0.1,0.0,0.0,0.0,0.1,0.0,0.0,0.0,0.0,0.0,-0.0005206313920352382,-0.0038460836428779012,1.2335666632516276e-05,excavator_base,471181754,1765332146,True,50.0,False,69.41000366210938,-2.559999942779541,False,False,-9.729999542236328,-2.1700000762939453,False,False,-32.56999969482422,-10.09000015258789,False,excavator_base,471291141,1765332146,-15.416999816894531,False,0.0,0.0,0.0,0.0,0.0,0.0,0.0,0.0,0.0,excavator_base,471326057,1765332146,False,False,-15.416999816894531,0.0,0,False,,0,0,0.0,0.0,False,0.0,0.0,0.0,0,False,,0,0,False,0.0,0.0,0,default,1133.0,1284.0,False,1238.0,526.0,False,1474.0,1186.0,False,excavator_base,471251553,1765332146,0.0,0.0,-15.416999816894531,False,True,True,True,0,False,True,0,excavator_base,471379054,1765332146,0,True,0.0,0.0,0.0,0,0,False,0,True,True,24.0,True,8,d,gps,496898940,1765332146,-58.83099999999999,-2.03,1.1,0,0,0.0,59.587,0.0,0.0,0.8,gps,496746892,1765332146,-58.83099999999999,36.40011874233333,127.36124374633333,0,1,14,0.0,0.0,0,0,0.0,0.0,59.588,36.40011875383333,127.3612437525,0.0,0.0,0.0,0.0,0.0,0.0,0.0,0.0,0.0,-58.82599999999999,base_link,456312262,1765332146,101.36900329589844,12.670999526977539,179.59100341796875,-15.416999816894531,0.0,-2.026,1.036,0.0,zedx_boom_imu_link,zedx_boom_left_camera_frame,387954534,1765332146,0.999992847442627,0.003616482252255082,0.0005469119059853256,-0.0009107014629989862,0.0,-0.03564900532364845,-0.00014700002793688327
1765332146400000000,-68.55500793457031,excavator_base_link,598684341,1765332146,4.14599596798948,-0.3559535127242684,0.0,0.0,0.0,0.0,0.0,127,0,0.0,572695446,1765332146,0.0,4,f,0,4,f,0,4,f,0,59.587,gps,595699837,1765332146,36.40011873033333,127.36124373233334,0.6400000000000001,0.0,0.0,0.0,0.6400000000000001,0.0,0.0,0.0,2.5600000000000005,1,1,1,0.1,0.0,0.0,0.0,0.0,0.0,0.1,0.0,0.0,0.0,0.0,0.0,0.0,0.0,0.1,0.0,0.0,0.0,0.0,0.0,0.0,0.1,0.0,0.0,0.0,0.0,0.0,0.0,0.0,0.1,0.0,0.0,0.0,0.1,0.0,0.0,0.0,0.0,0.0,-0.0005215147754481083,-0.003846453323284151,1.1982392420393213e-05,8,d,gps,596388293,1765332146,-58.873999999999995,-2.019,1.151,0,0,-42.874000549316406,4,f,0,4,f,0,4,f,0,4,f,0,-15.46500015258789,-16.0,False,True,100.0,59.587,gps,495631032,1765332146,36.40011874233333,127.36124374633333,0.6400000000000001,0.0,0.0,0.0,0.6400000000000001,0.0,0.0,0.0,2.5600000000000005,1,1,1,0.1,0.0,0.0,0.0,0.0,0.0,0.1,0.0,0.0,0.0,0.0,0.0,0.0,0.0,0.1,0.0,0.0,0.0,0.0,0.0,0.0,0.1,0.0,0.0,0.0,0.0,0.0,0.0,0.0,0.1,0.0,0.0,0.0,0.1,0.0,0.0,0.0,0.0,0.0,-0.0005210636864407672,-0.0038461478761953557,1.1982814156440978e-05,excavator_base,570948287,1765332146,True,50.0,False,70.66000366210938,-2.740000009536743,False,False,-9.670000076293945,-2.2100000381469727,False,False,-31.170000076293945,-10.279999732971191,False,excavator_base,571054987,1765332146,-15.42199993133545,False,0.0,0.0,0.0,0.0,0.0,0.0,0.0,0.0,0.0,excavator_base,571090158,1765332146,False,False,-15.42199993133545,0.0,0,False,,0,0,0.0,0.0,False,0.0,0.0,0.0,0,False,,0,0,False,0.0,0.0,0,default,1076.0,1283.0,False,1427.0,526.0,False,1473.0,1190.0,False,excavator_base,571013478,1765332146,0.0,0.0,-15.42199993133545,False,True,True,True,0,False,True,0,excavator_base,571142132,1765332146,0,True,0.0,0.0,0.0,0,0,False,0,True,True,24.0,True,8,d,gps,596781102,1765332146,-58.873999999999995,-2.019,1.151,0,0,0.0,59.587,0.0,0.0,0.8,gps,596614589,1765332146,-58.873999999999995,36.40011873033333,127.36124373233334,0,1,14,0.0,0.0,0,0,0.0,0.0,59.587,36.40011874233333,127.36124374633333,0.0,0.0,0.0,0.0,0.0,0.0,0.0,0.0,0.0,-58.83099999999999,base_link,556463540,1765332146,100.01899719238281,12.614999771118164,179.3509979248047,-15.42199993133545,0.0,-2.03,1.1,0.0,zedx_boom_imu_link,zedx_boom_left_camera_frame,499473124,1765332146,0.999992847442627,0.003616482252255082,0.0005469119059853256,-0.0009107014629989862,0.0,-0.03564900532364845,-0.00014700002793688327
1765332146500000000,-69.5459976196289,excavator_base_link,699346297,1765332146,4.107777748625272,-0.35723596185787143,0.0,0.0,0.0,0.0,0.0,127,0,0.0,669439424,1765332146,0.0,4,f,0,4,f,0,4,f,0,59.587,gps,695719389,1765332146,36.40011872616667,127.36124373,0.6400000000000001,0.0,0.0,0.0,0.6400000000000001,0.0,0.0,0.0,2.5600000000000005,1,1,1,0.1,0.0,0.0,0.0,0.0,0.0,0.1,0.0,0.0,0.0,0.0,0.0,0.0,0.0,0.1,0.0,0.0,0.0,0.0,0.0,0.0,0.1,0.0,0.0,0.0,0.0,0.0,0.0,0.0,0.1,0.0,0.0,0.0,0.1,0.0,0.0,0.0,0.0,0.0,-0.000521659378324669,-0.003846391174909802,1.1981969955954662e-05,8,d,gps,696426279,1765332146,-58.922,-2.026,1.085,0,0,-42.874000549316406,4,f,0,4,f,0,4,f,0,4,f,0,-15.46500015258789,-16.0,False,True,100.0,59.587,gps,595699837,1765332146,36.40011873033333,127.36124373233334,0.6400000000000001,0.0,0.0,0.0,0.6400000000000001,0.0,0.0,0.0,2.5600000000000005,1,1,1,0.1,0.0,0.0,0.0,0.0,0.0,0.1,0.0,0.0,0.0,0.0,0.0,0.0,0.0,0.1,0.0,0.0,0.0,0.0,0.0,0.0,0.1,0.0,0.0,0.0,0.0,0.0,0.0,0.0,0.1,0.0,0.0,0.0,0.1,0.0,0.0,0.0,0.0,0.0,-0.0005215147754481083,-0.003846453323284151,1.1982392420393213e-05,excavator_base,671034119,1765332146,True,50.0,False,71.6500015258789,-2.509999990463257,False,False,-9.84000015258789,-2.1700000762939453,False,False,-30.190000534057617,-10.050000190734863,False,excavator_base,671151539,1765332146,-15.46500015258789,False,0.0,0.0,0.0,0.0,0.0,0.0,0.0,0.0,0.0,excavator_base,671191543,1765332146,False,False,-15.46500015258789,0.0,0,False,,0,0,0.0,0.0,False,0.0,0.0,0.0,0,False,,0,0,False,0.0,0.0,0,default,1082.0,1282.0,False,1543.0,526.0,False,1474.0,1202.0,False,excavator_base,671106894,1765332146,0.0,0.0,-15.46500015258789,False,True,True,True,0,False,True,0,excavator_base,671252861,1765332146,0,True,0.0,0.0,0.0,0,0,False,0,True,True,24.0,True,8,d,gps,696816400,1765332146,-58.922,-2.026,1.085,0,0,0.0,59.587,0.0,0.0,0.8,gps,696659328,1765332146,-58.922,36.40011872616667,127.36124373,0,1,14,0.0,0.0,0,0,0.0,0.0,59.587,36.40011873033333,127.36124373233334,0.0,0.0,0.0,0.0,0.0,0.0,0.0,0.0,0.0,-58.873999999999995,base_link,656274014,1765332146,98.70899963378906,12.77400016784668,179.33099365234375,-15.46500015258789,0.0,-2.019,1.151,0.0,zedx_boom_imu_link,zedx_boom_left_camera_frame,595920932,1765332146,0.999992847442627,0.003616482252255082,0.0005469119059853256,-0.0009107014629989862,0.0,-0.03564900532364845,-0.00014700002793688327
1765332146600000000,-70.36900329589844,excavator_base_link,798743320,1765332146,4.073838510095825,-0.36090170007063194,0.0,0.0,0.0,0.0,0.0,127,0,0.0,769719803,1765332146,0.0,4,f,0,4,f,0,4,f,0,59.586,gps,795531624,1765332146,36.400118718,127.361243727,0.6400000000000001,0.0,0.0,0.0,0.6400000000000001,0.0,0.0,0.0,2.5600000000000005,1,1,1,0.1,0.0,0.0,0.0,0.0,0.0,0.1,0.0,0.0,0.0,0.0,0.0,0.0,0.0,0.1,0.0,0.0,0.0,0.0,0.0,0.0,0.1,0.0,0.0,0.0,0.0,0.0,0.0,0.0,0.1,0.0,0.0,0.0,0.1,0.0,0.0,0.0,0.0,0.0,-0.0005219604793483781,-0.00384635034040047,1.1629150032085476e-05,8,d,gps,796226832,1765332146,-58.84899999999999,-2.033,1.077,0,0,-42.922000885009766,4,f,0,4,f,0,4,f,0,4,f,0,-15.512999534606934,-16.0,False,True,100.0,59.587,gps,695719389,1765332146,36.40011872616667,127.36124373,0.6400000000000001,0.0,0.0,0.0,0.6400000000000001,0.0,0.0,0.0,2.5600000000000005,1,1,1,0.1,0.0,0.0,0.0,0.0,0.0,0.1,0.0,0.0,0.0,0.0,0.0,0.0,0.0,0.1,0.0,0.0,0.0,0.0,0.0,0.0,0.1,0.0,0.0,0.0,0.0,0.0,0.0,0.0,0.1,0.0,0.0,0.0,0.1,0.0,0.0,0.0,0.0,0.0,-0.000521659378324669,-0.003846391174909802,1.1981969955954662e-05,excavator_base,771096235,1765332146,True,50.0,False,72.5999984741211,-2.680000066757202,False,False,-10.149999618530273,-2.180000066757202,False,False,-29.360000610351562,-10.229999542236328,False,excavator_base,771208951,1765332146,-15.512999534606934,False,0.0,0.0,0.0,0.0,0.0,0.0,0.0,0.0,0.0,excavator_base,771246779,1765332146,False,False,-15.512999534606934,0.0,0,False,,0,0,0.0,0.0,False,0.0,0.0,0.0,0,False,,0,0,False,0.0,0.0,0,default,1111.0,1280.0,False,1389.0,526.0,False,1469.0,1192.0,False,excavator_base,771166707,1765332146,0.0,0.0,-15.512999534606934,False,True,True,True,0,False,True,0,excavator_base,771302241,1765332146,0,True,0.0,0.0,0.0,0,0,False,0,True,True,24.0,True,8,d,gps,796614105,1765332146,-58.84899999999999,-2.033,1.077,0,0,0.0,59.586,0.0,0.0,0.8,gps,796460105,1765332146,-58.84899999999999,36.400118718,127.361243727,0,1,14,0.0,0.0,0,0,0.0,0.0,59.587,36.40011872616667,127.36124373,0.0,0.0,0.0,0.0,0.0,0.0,0.0,0.0,0.0,-58.922,base_link,756300959,1765332146,97.61900329589844,13.090999603271484,179.41099548339844,-15.512999534606934,0.0,-2.026,1.085,0.0,zedx_boom_imu_link,zedx_boom_left_camera_frame,692068831,1765332146,0.999992847442627,0.003616482252255082,0.0005469119059853256,-0.0009107014629989862,0.0,-0.03564900532364845,-0.00014700002793688327
1765332146700000000,-70.9419937133789,excavator_base_link,898678703,1765332146,4.043745326644418,-0.37173108364284335,0.0,0.0,0.0,0.0,0.0,127,0,0.0,869638193,1765332146,0.0,4,f,0,4,f,0,4,f,0,59.586,gps,895756573,1765332146,36.4001187105,127.36124372,0.6400000000000001,0.0,0.0,0.0,0.6400000000000001,0.0,0.0,0.0,2.5600000000000005,1,1,1,0.1,0.0,0.0,0.0,0.0,0.0,0.1,0.0,0.0,0.0,0.0,0.0,0.0,0.0,0.1,0.0,0.0,0.0,0.0,0.0,0.0,0.1,0.0,0.0,0.0,0.0,0.0,0.0,0.0,0.1,0.0,0.0,0.0,0.1,0.0,0.0,0.0,0.0,0.0,-0.000522235405265788,-0.003846434872038432,1.1628739295609853e-05,8,d,gps,896478889,1765332146,-58.833,-2.029,1.12,0,0,-42.83300018310547,4,f,0,4,f,0,4,f,0,4,f,0,-15.4399995803833,-16.0,False,True,100.0,59.586,gps,795531624,1765332146,36.400118718,127.361243727,0.6400000000000001,0.0,0.0,0.0,0.6400000000000001,0.0,0.0,0.0,2.5600000000000005,1,1,1,0.1,0.0,0.0,0.0,0.0,0.0,0.1,0.0,0.0,0.0,0.0,0.0,0.0,0.0,0.1,0.0,0.0,0.0,0.0,0.0,0.0,0.1,0.0,0.0,0.0,0.0,0.0,0.0,0.0,0.1,0.0,0.0,0.0,0.1,0.0,0.0,0.0,0.0,0.0,-0.0005219604793483781,-0.00384635034040047,1.1629150032085476e-05,excavator_base,871240441,1765332146,True,50.0,False,73.61000061035156,-2.75,False,False,-10.149999618530273,-2.200000047683716,False,False,-28.780000686645508,-10.380000114440918,False,excavator_base,871370118,1765332146,-15.4399995803833,False,0.0,0.0,0.0,0.0,0.0,0.0,0.0,0.0,0.0,excavator_base,871410890,1765332146,False,False,-15.4399995803833,0.0,0,False,,0,0,0.0,0.0,False,0.0,0.0,0.0,0,False,,0,0,False,0.0,0.0,0,default,1140.0,1279.0,False,1331.0,526.0,False,1470.0,1179.0,False,excavator_base,871320417,1765332146,0.0,0.0,-15.4399995803833,False,True,True,True,0,False,True,0,excavator_base,871476817,1765332146,0,True,0.0,0.0,0.0,0,0,False,0,True,True,24.0,True,8,d,gps,896866770,1765332146,-58.833,-2.029,1.12,0,0,0.0,59.586,0.0,0.0,0.8,gps,896716898,1765332146,-58.833,36.4001187105,127.36124372,0,1,14,0.0,0.0,0,0,0.0,0.0,59.586,36.400118718,127.361243727,0.0,0.0,0.0,0.0,0.0,0.0,0.0,0.0,0.0,-58.84899999999999,base_link,856285020,1765332146,96.4990005493164,13.097999572753906,179.781005859375,-15.4399995803833,0.0,-2.033,1.077,0.0,zedx_boom_imu_link,zedx_boom_left_camera_frame,799016238,1765332146,0.999992847442627,0.003616482252255082,0.0005469119059853256,-0.0009107014629989862,0.0,-0.03564900532364845,-0.00014700002793688327
1765332146800000000,-71.66600799560547,excavator_base_link,998776856,1765332146,4.012197715239064,-0.3708416976261631,0.0,0.0,0.0,0.0,0.0,127,0,0.0,970596563,1765332146,0.0,4,f,0,4,f,0,4,f,0,59.586,gps,995891338,1765332146,36.400118705833336,127.36124371183334,0.6400000000000001,0.0,0.0,0.0,0.6400000000000001,0.0,0.0,0.0,2.5600000000000005,1,1,1,0.1,0.0,0.0,0.0,0.0,0.0,0.1,0.0,0.0,0.0,0.0,0.0,0.0,0.0,0.1,0.0,0.0,0.0,0.0,0.0,0.0,0.1,0.0,0.0,0.0,0.0,0.0,0.0,0.0,0.1,0.0,0.0,0.0,0.1,0.0,0.0,0.0,0.0,0.0,-0.0005223994849302584,-0.0038465560870394565,1.1628328467985627e-05,8,d,gps,996828588,1765332146,-58.894000000000005,-2.025,1.066,0,0,-42.89400100708008,4,f,0,4,f,0,4,f,0,4,f,0,-15.484999656677246,-16.0,False,True,100.0,59.586,gps,895756573,1765332146,36.4001187105,127.36124372,0.6400000000000001,0.0,0.0,0.0,0.6400000000000001,0.0,0.0,0.0,2.5600000000000005,1,1,1,0.1,0.0,0.0,0.0,0.0,0.0,0.1,0.0,0.0,0.0,0.0,0.0,0.0,0.0,0.1,0.0,0.0,0.0,0.0,0.0,0.0,0.1,0.0,0.0,0.0,0.0,0.0,0.0,0.0,0.1,0.0,0.0,0.0,0.1,0.0,0.0,0.0,0.0,0.0,-0.000522235405265788,-0.003846434872038432,1.1628739295609853e-05,excavator_base,971528917,1765332146,True,50.0,False,74.45999908447266,-2.759999990463257,False,False,-10.300000190734863,-2.25,False,False,-28.059999465942383,-10.420000076293945,False,excavator_base,971637120,1765332146,-15.423999786376953,False,0.0,0.0,0.0,0.0,0.0,0.0,0.0,0.0,0.0,excavator_base,971674724,1765332146,False,False,-15.423999786376953,0.0,0,False,,0,0,0.0,0.0,False,0.0,0.0,0.0,0,False,,0,0,False,0.0,0.0,0,default,1188.0,1279.0,False,1338.0,526.0,False,1469.0,1151.0,False,excavator_base,971593468,1765332146,0.0,0.0,-15.423999786376953,False,True,True,True,0,False,True,0,excavator_base,971729354,1765332146,0,True,0.0,0.0,0.0,0,0,False,0,True,True,24.0,True,8,d,gps,997250040,1765332146,-58.894000000000005,-2.025,1.066,0,0,0.0,59.586,0.0,0.0,0.8,gps,997084007,1765332146,-58.894000000000005,36.400118705833336,127.36124371183334,0,1,14,0.0,0.0,0,0,0.0,0.0,59.586,36.4001187105,127.36124372,0.0,0.0,0.0,0.0,0.0,0.0,0.0,0.0,0.0,-58.833,base_link,956568504,1765332146,95.35900115966797,13.244000434875488,179.96099853515625,-15.423999786376953,0.0,-2.029,1.12,0.0,zedx_boom_imu_link,zedx_boom_left_camera_frame,890345292,1765332146,0.999992847442627,0.003616482252255082,0.0005469119059853256,-0.0009107014629989862,0.0,-0.03564900532364845,-0.00014700002793688327
1765332146900000000,-72.27999114990234,excavator_base_link,98722512,1765332147,3.9815600513757694,-0.3633548069284316,0.0,0.0,0.0,0.0,0.0,127,0,0.0,69898281,1765332147,0.0,4,f,0,4,f,0,4,f,0,59.585,gps,95814752,1765332147,36.400118701,127.36124371316667,0.6400000000000001,0.0,0.0,0.0,0.6400000000000001,0.0,0.0,0.0,2.5600000000000005,1,1,1,0.1,0.0,0.0,0.0,0.0,0.0,0.1,0.0,0.0,0.0,0.0,0.0,0.0,0.0,0.1,0.0,0.0,0.0,0.0,0.0,0.0,0.1,0.0,0.0,0.0,0.0,0.0,0.0,0.0,0.1,0.0,0.0,0.0,0.1,0.0,0.0,0.0,0.0,0.0,-0.0005225701560935888,-0.0038463788435178503,1.127555834472453e-05,8,d,gps,96487686,1765332147,-58.956999999999994,-2.034,1.054,0,0,-42.957000732421875,4,f,0,4,f,0,4,f,0,4,f,0,-15.54800033569336,-16.0,False,True,100.0,59.586,gps,995891338,1765332146,36.400118705833336,127.36124371183334,0.6400000000000001,0.0,0.0,0.0,0.6400000000000001,0.0,0.0,0.0,2.5600000000000005,1,1,1,0.1,0.0,0.0,0.0,0.0,0.0,0.1,0.0,0.0,0.0,0.0,0.0,0.0,0.0,0.1,0.0,0.0,0.0,0.0,0.0,0.0,0.1,0.0,0.0,0.0,0.0,0.0,0.0,0.0,0.1,0.0,0.0,0.0,0.1,0.0,0.0,0.0,0.0,0.0,-0.0005223994849302584,-0.0038465560870394565,1.1628328467985627e-05,excavator_base,70952119,1765332147,True,50.0,False,75.2699966430664,-2.6500000953674316,False,False,-10.640000343322754,-2.2200000286102295,False,False,-27.450000762939453,-10.3100004196167,False,excavator_base,71051425,1765332147,-15.484999656677246,False,0.0,0.0,0.0,0.0,0.0,0.0,0.0,0.0,0.0,excavator_base,71085701,1765332147,False,False,-15.484999656677246,0.0,0,False,,0,0,0.0,0.0,False,0.0,0.0,0.0,0,False,,0,0,False,0.0,0.0,0,default,1285.0,1279.0,False,1239.0,520.0,False,1466.0,1104.0,False,excavator_base,71012733,1765332147,0.0,0.0,-15.484999656677246,False,True,True,True,0,False,True,0,excavator_base,71139050,1765332147,0,True,0.0,0.0,0.0,0,0,False,0,True,True,24.0,True,8,d,gps,96867886,1765332147,-58.956999999999994,-2.034,1.054,0,0,0.0,59.585,0.0,0.0,0.8,gps,96720735,1765332147,-58.956999999999994,36.400118701,127.36124371316667,0,1,14,0.0,0.0,0,0,0.0,0.0,59.586,36.400118705833336,127.36124371183334,0.0,0.0,0.0,0.0,0.0,0.0,0.0,0.0,0.0,-58.894000000000005,base_link,56407461,1765332147,94.30899810791016,13.579999923706055,180.14100646972656,-15.484999656677246,0.0,-2.025,1.066,0.0,zedx_boom_imu_link,zedx_boom_left_camera_frame,997063881,1765332146,0.999992847442627,0.003616482252255082,0.0005469119059853256,-0.0009107014629989862,0.0,-0.03564900532364845,-0.00014700002793688327
1765332147000000000,-73.19100189208984,excavator_base_link,199020750,1765332147,3.944482861481323,-0.3568433000493186,0.0,0.0,0.0,0.0,0.0,127,0,0.0,169532096,1765332147,0.0,4,f,0,4,f,0,4,f,0,59.586,gps,195815742,1765332147,36.40011869916667,127.36124371383333,0.6400000000000001,0.0,0.0,0.0,0.6400000000000001,0.0,0.0,0.0,2.5600000000000005,1,1,1,0.1,0.0,0.0,0.0,0.0,0.0,0.1,0.0,0.0,0.0,0.0,0.0,0.0,0.0,0.1,0.0,0.0,0.0,0.0,0.0,0.0,0.1,0.0,0.0,0.0,0.0,0.0,0.0,0.0,0.1,0.0,0.0,0.0,0.1,0.0,0.0,0.0,0.0,0.0,-0.0005226234501853693,-0.0038462223600563387,1.1627509923944758e-05,8,d,gps,196956214,1765332147,-58.97300000000001,-2.036,1.043,0,0,-42.972999572753906,4,f,0,4,f,0,4,f,0,4,f,0,-15.564000129699707,-16.0,False,True,100.0,59.585,gps,95814752,1765332147,36.400118701,127.36124371316667,0.6400000000000001,0.0,0.0,0.0,0.6400000000000001,0.0,0.0,0.0,2.5600000000000005,1,1,1,0.1,0.0,0.0,0.0,0.0,0.0,0.1,0.0,0.0,0.0,0.0,0.0,0.0,0.0,0.1,0.0,0.0,0.0,0.0,0.0,0.0,0.1,0.0,0.0,0.0,0.0,0.0,0.0,0.0,0.1,0.0,0.0,0.0,0.1,0.0,0.0,0.0,0.0,0.0,-0.0005225701560935888,-0.0038463788435178503,1.127555834472453e-05,excavator_base,170959670,1765332147,True,50.0,False,76.18000030517578,-2.640000104904175,False,False,-11.020000457763672,-2.259999990463257,False,False,-26.530000686645508,-10.350000381469727,False,excavator_base,171064001,1765332147,-15.54800033569336,False,0.0,0.0,0.0,0.0,0.0,0.0,0.0,0.0,0.0,excavator_base,171102789,1765332147,False,False,-15.54800033569336,0.0,0,False,,0,0,0.0,0.0,False,0.0,0.0,0.0,0,False,,0,0,False,0.0,0.0,0,default,1378.0,1278.0,False,1143.0,520.0,False,1467.0,1086.0,False,excavator_base,171023484,1765332147,0.0,0.0,-15.54800033569336,False,True,True,True,0,False,True,0,excavator_base,171154090,1765332147,0,True,0.0,0.0,0.0,0,0,False,0,True,True,24.0,True,8,d,gps,197499598,1765332147,-58.97300000000001,-2.036,1.043,0,0,0.0,59.586,0.0,0.0,0.8,gps,197260501,1765332147,-58.97300000000001,36.40011869916667,127.36124371383333,0,1,14,0.0,0.0,0,0,0.0,0.0,59.585,36.400118701,127.36124371316667,0.0,0.0,0.0,0.0,0.0,0.0,0.0,0.0,0.0,-58.956999999999994,base_link,156481131,1765332147,93.03900146484375,13.968999862670898,180.31100463867188,-15.54800033569336,0.0,-2.034,1.054,0.0,zedx_boom_imu_link,zedx_boom_left_camera_frame,99049244,1765332147,0.999992847442627,0.003616482252255082,0.0005469119059853256,-0.0009107014629989862,0.0,-0.03564900532364845,-0.00014700002793688327
1765332147100000000,-74.38899993896484,excavator_base_link,298680616,1765332147,3.901963875335751,-0.34714325083332437,0.0,0.0,0.0,0.0,0.0,127,0,0.0,269512957,1765332147,0.0,4,f,0,4,f,0,4,f,0,59.586,gps,296275245,1765332147,36.400118702166665,127.3612437195,0.6400000000000001,0.0,0.0,0.0,0.6400000000000001,0.0,0.0,0.0,2.5600000000000005,1,1,1,0.1,0.0,0.0,0.0,0.0,0.0,0.1,0.0,0.0,0.0,0.0,0.0,0.0,0.0,0.1,0.0,0.0,0.0,0.0,0.0,0.0,0.1,0.0,0.0,0.0,0.0,0.0,0.0,0.0,0.1,0.0,0.0,0.0,0.1,0.0,0.0,0.0,0.0,0.0,-0.000522487614425399,-0.0038459077720880037,1.1627098153718467e-05,8,d,gps,297012826,1765332147,-59.03,-2.021,0.993,0,0,-43.029998779296875,4,f,0,4,f,0,4,f,0,4,f,0,-15.621000289916992,-16.0,False,True,100.0,59.586,gps,195815742,1765332147,36.40011869916667,127.36124371383333,0.6400000000000001,0.0,0.0,0.0,0.6400000000000001,0.0,0.0,0.0,2.5600000000000005,1,1,1,0.1,0.0,0.0,0.0,0.0,0.0,0.1,0.0,0.0,0.0,0.0,0.0,0.0,0.0,0.1,0.0,0.0,0.0,0.0,0.0,0.0,0.1,0.0,0.0,0.0,0.0,0.0,0.0,0.0,0.1,0.0,0.0,0.0,0.1,0.0,0.0,0.0,0.0,0.0,-0.0005226234501853693,-0.0038462223600563387,1.1627509923944758e-05,excavator_base,270982070,1765332147,True,50.0,False,77.08999633789062,-2.559999942779541,False,False,-11.479999542236328,-2.2300000190734863,False,False,-25.329999923706055,-10.289999961853027,False,excavator_base,271086209,1765332147,-15.564000129699707,False,0.0,0.0,0.0,0.0,0.0,0.0,0.0,0.0,0.0,excavator_base,271121445,1765332147,False,False,-15.564000129699707,0.0,0,False,,0,0,0.0,0.0,False,0.0,0.0,0.0,0,False,,0,0,False,0.0,0.0,0,default,1504.0,1274.0,False,1083.0,520.0,False,1467.0,1012.0,False,excavator_base,271045501,1765332147,0.0,0.0,-15.564000129699707,False,True,True,True,0,False,True,0,excavator_base,271175307,1765332147,0,True,0.0,0.0,0.0,0,0,False,0,True,True,24.0,True,8,d,gps,297445863,1765332147,-59.03,-2.021,0.993,0,0,0.0,59.586,0.0,0.0,0.8,gps,297256371,1765332147,-59.03,36.400118702166665,127.3612437195,0,1,14,0.0,0.0,0,0,0.0,0.0,59.586,36.40011869916667,127.36124371383333,0.0,0.0,0.0,0.0,0.0,0.0,0.0,0.0,0.0,-58.97300000000001,base_link,256333658,1765332147,91.5790023803711,14.430999755859375,180.05099487304688,-15.564000129699707,0.0,-2.036,1.043,0.0,zedx_boom_imu_link,zedx_boom_left_camera_frame,193079939,1765332147,0.999992847442627,0.003616482252255082,0.0005469119059853256,-0.0009107014629989862,0.0,-0.03564900532364845,-0.00014700002793688327
1765332147200000000,-75.87399291992188,excavator_base_link,398682663,1765332147,3.859541548917834,-0.3333971602110015,0.0,0.0,0.0,0.0,0.0,127,0,0.0,369580450,1765332147,0.0,4,f,0,4,f,0,4,f,0,59.586,gps,395990285,1765332147,36.400118708,127.36124373366667,0.6400000000000001,0.0,0.0,0.0,0.6400000000000001,0.0,0.0,0.0,2.5600000000000005,1,1,1,0.1,0.0,0.0,0.0,0.0,0.0,0.1,0.0,0.0,0.0,0.0,0.0,0.0,0.0,0.1,0.0,0.0,0.0,0.0,0.0,0.0,0.1,0.0,0.0,0.0,0.0,0.0,0.0,0.0,0.1,0.0,0.0,0.0,0.1,0.0,0.0,0.0,0.0,0.0,-0.000522241094790253,-0.0038453264743979563,1.1626688918734912e-05,8,d,gps,397121827,1765332147,-58.99799999999999,-2.049,0.881,0,0,-42.99800109863281,4,f,0,4,f,0,4,f,0,4,f,0,-15.58899974822998,-16.0,False,True,100.0,59.586,gps,296275245,1765332147,36.400118702166665,127.3612437195,0.6400000000000001,0.0,0.0,0.0,0.6400000000000001,0.0,0.0,0.0,2.5600000000000005,1,1,1,0.1,0.0,0.0,0.0,0.0,0.0,0.1,0.0,0.0,0.0,0.0,0.0,0.0,0.0,0.1,0.0,0.0,0.0,0.0,0.0,0.0,0.1,0.0,0.0,0.0,0.0,0.0,0.0,0.0,0.1,0.0,0.0,0.0,0.1,0.0,0.0,0.0,0.0,0.0,-0.000522487614425399,-0.0038459077720880037,1.1627098153718467e-05,excavator_base,371218637,1765332147,True,50.0,False,77.75,-2.609999895095825,False,False,-12.020000457763672,-2.119999885559082,False,False,-23.860000610351562,-10.380000114440918,False,excavator_base,371323640,1765332147,-15.621000289916992,False,0.0,0.0,0.0,0.0,0.0,0.0,0.0,0.0,0.0,excavator_base,371359644,1765332147,False,False,-15.621000289916992,0.0,0,False,,0,0,0.0,0.0,False,0.0,0.0,0.0,0,False,,0,0,False,0.0,0.0,0,default,1774.0,1276.0,False,993.0,520.0,False,1467.0,1015.0,False,excavator_base,371283284,1765332147,0.0,0.0,-15.621000289916992,False,True,True,True,0,False,True,0,excavator_base,371635673,1765332147,0,True,0.0,0.0,0.0,0,0,False,0,True,True,24.0,True,8,d,gps,398467312,1765332147,-58.99799999999999,-2.049,0.881,0,0,0.0,59.586,0.0,0.0,0.8,gps,398074439,1765332147,-58.99799999999999,36.400118708,127.36124373366667,0,1,14,0.0,0.0,0,0,0.0,0.0,59.586,36.400118702166665,127.3612437195,0.0,0.0,0.0,0.0,0.0,0.0,0.0,0.0,0.0,-59.03,base_link,356387934,1765332147,90.3290023803711,14.956000328063965,179.68099975585938,-15.621000289916992,0.0,-2.021,0.993,0.0,zedx_boom_imu_link,zedx_boom_left_camera_frame,299604815,1765332147,0.999992847442627,0.003616482252255082,0.0005469119059853256,-0.0009107014629989862,0.0,-0.03564900532364845,-0.00014700002793688327
1765332147300000000,-78.25599670410156,excavator_base_link,498710568,1765332147,3.7978984563406746,-0.3452892651593147,0.0,0.0,0.0,0.0,0.0,127,0,0.0,469438833,1765332147,0.0,4,f,0,4,f,0,4,f,0,59.586,gps,495900866,1765332147,36.400118701333334,127.36124371416666,0.6400000000000001,0.0,0.0,0.0,0.6400000000000001,0.0,0.0,0.0,2.5600000000000005,1,1,1,0.1,0.0,0.0,0.0,0.0,0.0,0.1,0.0,0.0,0.0,0.0,0.0,0.0,0.0,0.1,0.0,0.0,0.0,0.0,0.0,0.0,0.1,0.0,0.0,0.0,0.0,0.0,0.0,0.0,0.1,0.0,0.0,0.0,0.1,0.0,0.0,0.0,0.0,0.0,-0.0005224834624005122,-0.0038458052071648863,1.1626280548510027e-05,8,d,gps,496585481,1765332147,-59.036,-2.012,0.905,0,0,-43.0359992980957,4,f,0,4,f,0,4,f,0,4,f,0,-15.626999855041504,-16.0,False,True,100.0,59.586,gps,395990285,1765332147,36.400118708,127.36124373366667,0.6400000000000001,0.0,0.0,0.0,0.6400000000000001,0.0,0.0,0.0,2.5600000000000005,1,1,1,0.1,0.0,0.0,0.0,0.0,0.0,0.1,0.0,0.0,0.0,0.0,0.0,0.0,0.0,0.1,0.0,0.0,0.0,0.0,0.0,0.0,0.1,0.0,0.0,0.0,0.0,0.0,0.0,0.0,0.1,0.0,0.0,0.0,0.1,0.0,0.0,0.0,0.0,0.0,-0.000522241094790253,-0.0038453264743979563,1.1626688918734912e-05,excavator_base,471589938,1765332147,True,50.0,False,78.97000122070312,-2.680000066757202,False,False,-12.390000343322754,-2.2300000190734863,False,False,-21.450000762939453,-10.470000267028809,False,excavator_base,471704094,1765332147,-15.58899974822998,False,0.0,0.0,0.0,0.0,0.0,0.0,0.0,0.0,0.0,excavator_base,471743874,1765332147,False,False,-15.58899974822998,0.0,0,False,,0,0,0.0,0.0,False,0.0,0.0,0.0,0,False,,0,0,False,0.0,0.0,0,default,1559.0,1277.0,False,963.0,520.0,False,1465.0,1059.0,False,excavator_base,471658041,1765332147,0.0,0.0,-15.58899974822998,False,True,True,True,0,False,True,0,excavator_base,471802505,1765332147,0,True,0.0,0.0,0.0,0,0,False,0,True,True,24.0,True,8,d,gps,496963697,1765332147,-59.036,-2.012,0.905,0,0,0.0,59.586,0.0,0.0,0.8,gps,496809345,1765332147,-59.036,36.400118701333334,127.36124371416666,0,1,14,0.0,0.0,0,0,0.0,0.0,59.586,36.400118708,127.36124373366667,0.0,0.0,0.0,0.0,0.0,0.0,0.0,0.0,0.0,-58.99799999999999,base_link,456333014,1765332147,88.9990005493164,15.354000091552734,178.39100646972656,-15.58899974822998,0.0,-2.049,0.881,0.0,zedx_boom_imu_link,zedx_boom_left_camera_frame,390903703,1765332147,0.999992847442627,0.003616482252255082,0.0005469119059853256,-0.0009107014629989862,0.0,-0.03564900532364845,-0.00014700002793688327
1765332147400000000,-79.69300079345703,excavator_base_link,601505194,1765332147,3.7634016625361726,-0.34500642520286046,0.0,0.0,0.0,0.0,0.0,127,0,0.0,569425838,1765332147,0.0,4,f,0,4,f,0,4,f,0,59.586,gps,595893471,1765332147,36.40011870516667,127.36124372866666,0.6400000000000001,0.0,0.0,0.0,0.6400000000000001,0.0,0.0,0.0,2.5600000000000005,1,1,1,0.1,0.0,0.0,0.0,0.0,0.0,0.1,0.0,0.0,0.0,0.0,0.0,0.0,0.0,0.1,0.0,0.0,0.0,0.0,0.0,0.0,0.1,0.0,0.0,0.0,0.0,0.0,0.0,0.0,0.1,0.0,0.0,0.0,0.1,0.0,0.0,0.0,0.0,0.0,-0.0005223150777834198,-0.0038452127785969293,1.1625869303803749e-05,8,d,gps,597016053,1765332147,-59.078,-2.04,0.966,0,0,-43.077999114990234,4,f,0,4,f,0,4,f,0,4,f,0,-15.668999671936035,-16.0,False,True,100.0,59.586,gps,495900866,1765332147,36.400118701333334,127.36124371416666,0.6400000000000001,0.0,0.0,0.0,0.6400000000000001,0.0,0.0,0.0,2.5600000000000005,1,1,1,0.1,0.0,0.0,0.0,0.0,0.0,0.1,0.0,0.0,0.0,0.0,0.0,0.0,0.0,0.1,0.0,0.0,0.0,0.0,0.0,0.0,0.1,0.0,0.0,0.0,0.0,0.0,0.0,0.0,0.1,0.0,0.0,0.0,0.1,0.0,0.0,0.0,0.0,0.0,-0.0005224834624005122,-0.0038458052071648863,1.1626280548510027e-05,excavator_base,570922731,1765332147,True,50.0,False,79.45999908447266,-2.440000057220459,False,False,-12.4399995803833,-2.1500000953674316,False,False,-20.049999237060547,-10.199999809265137,False,excavator_base,571030486,1765332147,-15.626999855041504,False,0.0,0.0,0.0,0.0,0.0,0.0,0.0,0.0,0.0,excavator_base,571069274,1765332147,False,False,-15.626999855041504,0.0,0,False,,0,0,0.0,0.0,False,0.0,0.0,0.0,0,False,,0,0,False,0.0,0.0,0,default,1809.0,1277.0,False,960.0,519.0,False,1471.0,1005.0,False,excavator_base,570988050,1765332147,0.0,0.0,-15.626999855041504,False,True,True,True,0,False,True,0,excavator_base,571121760,1765332147,0,True,0.0,0.0,0.0,0,0,False,0,True,True,24.0,True,8,d,gps,597454371,1765332147,-59.078,-2.04,0.966,0,0,0.0,59.586,0.0,0.0,0.8,gps,597261934,1765332147,-59.078,36.40011870516667,127.36124372866666,0,1,14,0.0,0.0,0,0,0.0,0.0,59.586,36.400118701333334,127.36124371416666,0.0,0.0,0.0,0.0,0.0,0.0,0.0,0.0,0.0,-59.036,base_link,556415709,1765332147,88.1989974975586,15.366999626159668,177.58099365234375,-15.626999855041504,0.0,-2.012,0.905,0.0,zedx_boom_imu_link,zedx_boom_left_camera_frame,487244658,1765332147,0.999992847442627,0.003616482252255082,0.0005469119059853256,-0.0009107014629989862,0.0,-0.03564900532364845,-0.00014700002793688327
1765332147500000000,-81.28499603271484,excavator_base_link,699254013,1765332147,3.7218735338282096,-0.3421957181910691,0.0,0.0,0.0,0.0,0.0,127,0,0.0,669728492,1765332147,0.0,4,f,0,4,f,0,4,f,0,59.587,gps,695849849,1765332147,36.40011870883333,127.36124372533334,0.6400000000000001,0.0,0.0,0.0,0.6400000000000001,0.0,0.0,0.0,2.5600000000000005,1,1,1,0.1,0.0,0.0,0.0,0.0,0.0,0.1,0.0,0.0,0.0,0.0,0.0,0.0,0.0,0.1,0.0,0.0,0.0,0.0,0.0,0.0,0.1,0.0,0.0,0.0,0.0,0.0,0.0,0.0,0.1,0.0,0.0,0.0,0.1,0.0,0.0,0.0,0.0,0.0,-0.0005221533888494224,-0.0038451829090916504,1.197774851078824e-05,8,d,gps,696503261,1765332147,-59.00200000000001,-2.03,0.814,0,0,-42.77799987792969,4,f,0,4,f,0,4,f,0,4,f,0,-15.668999671936035,-16.299999237060547,False,True,100.0,59.586,gps,595893471,1765332147,36.40011870516667,127.36124372866666,0.6400000000000001,0.0,0.0,0.0,0.6400000000000001,0.0,0.0,0.0,2.5600000000000005,1,1,1,0.1,0.0,0.0,0.0,0.0,0.0,0.1,0.0,0.0,0.0,0.0,0.0,0.0,0.0,0.1,0.0,0.0,0.0,0.0,0.0,0.0,0.1,0.0,0.0,0.0,0.0,0.0,0.0,0.0,0.1,0.0,0.0,0.0,0.1,0.0,0.0,0.0,0.0,0.0,-0.0005223150777834198,-0.0038452127785969293,1.1625869303803749e-05,excavator_base,674260454,1765332147,True,50.0,False,80.18000030517578,-2.450000047683716,False,False,-12.710000038146973,-2.0799999237060547,False,False,-18.43000030517578,-10.260000228881836,False,excavator_base,674419703,1765332147,-15.668999671936035,False,0.0,0.0,0.0,0.0,0.0,0.0,0.0,0.0,0.0,excavator_base,674465948,1765332147,False,False,-15.668999671936035,0.0,0,False,,0,0,0.0,0.0,False,0.0,0.0,0.0,0,False,,0,0,False,0.0,0.0,0,default,1908.0,1277.0,False,954.0,519.0,False,1466.0,1021.0,False,excavator_base,674362513,1765332147,0.0,0.0,-15.668999671936035,False,True,True,True,0,False,True,0,excavator_base,674532387,1765332147,0,True,0.0,0.0,0.0,0,0,False,0,True,True,24.0,True,8,d,gps,696869764,1765332147,-59.00200000000001,-2.03,0.814,0,0,0.0,59.587,0.0,0.0,0.8,gps,696728533,1765332147,-59.00200000000001,36.40011870883333,127.36124372533334,0,1,14,0.0,0.0,0,0,0.0,0.0,59.586,36.40011870516667,127.36124372866666,0.0,0.0,0.0,0.0,0.0,0.0,0.0,0.0,0.0,-59.078,base_link,656309552,1765332147,87.3489990234375,15.664999961853027,176.52099609375,-15.668999671936035,0.0,-2.04,0.966,0.0,zedx_boom_imu_link,zedx_boom_left_camera_frame,593873130,1765332147,0.999992847442627,0.003616482252255082,0.0005469119059853256,-0.0009107014629989862,0.0,-0.03564900532364845,-0.00014700002793688327
1765332147600000000,-81.95500183105469,excavator_base_link,799322210,1765332147,3.704675110352835,-0.34967383031867505,0.0,0.0,0.0,0.0,0.0,127,0,0.0,769655363,1765332147,0.0,4,f,0,4,f,0,4,f,0,59.587,gps,795836118,1765332147,36.40011869833333,127.36124372733333,0.6400000000000001,0.0,0.0,0.0,0.6400000000000001,0.0,0.0,0.0,2.5600000000000005,1,1,1,0.1,0.0,0.0,0.0,0.0,0.0,0.1,0.0,0.0,0.0,0.0,0.0,0.0,0.0,0.1,0.0,0.0,0.0,0.0,0.0,0.0,0.1,0.0,0.0,0.0,0.0,0.0,0.0,0.0,0.1,0.0,0.0,0.0,0.1,0.0,0.0,0.0,0.0,0.0,-0.0005225455666071557,-0.003844984478438306,1.1977326475344078e-05,8,d,gps,796505660,1765332147,-58.97399999999999,-2.035,0.867,0,0,-42.374000549316406,4,f,0,4,f,0,4,f,0,4,f,0,-15.5649995803833,-16.600000381469727,False,True,100.0,59.587,gps,695849849,1765332147,36.40011870883333,127.36124372533334,0.6400000000000001,0.0,0.0,0.0,0.6400000000000001,0.0,0.0,0.0,2.5600000000000005,1,1,1,0.1,0.0,0.0,0.0,0.0,0.0,0.1,0.0,0.0,0.0,0.0,0.0,0.0,0.0,0.1,0.0,0.0,0.0,0.0,0.0,0.0,0.1,0.0,0.0,0.0,0.0,0.0,0.0,0.0,0.1,0.0,0.0,0.0,0.1,0.0,0.0,0.0,0.0,0.0,-0.0005221533888494224,-0.0038451829090916504,1.197774851078824e-05,excavator_base,771173025,1765332147,True,50.0,False,80.55000305175781,-2.5999999046325684,False,False,-12.6899995803833,-2.1600000858306885,False,False,-17.770000457763672,-10.4399995803833,False,excavator_base,771280013,1765332147,-15.593000411987305,False,0.0,0.0,0.0,0.0,0.0,0.0,0.0,0.0,0.0,excavator_base,771317488,1765332147,False,False,-15.593000411987305,0.0,0,False,,0,0,0.0,0.0,False,0.0,0.0,0.0,0,False,,0,0,False,0.0,0.0,0,default,1730.0,1277.0,False,956.0,519.0,False,1467.0,1076.0,False,excavator_base,771237864,1765332147,0.0,0.0,-15.593000411987305,False,True,True,True,0,False,True,0,excavator_base,771368534,1765332147,0,True,0.0,0.0,0.0,0,0,False,0,True,True,24.0,True,8,d,gps,796863233,1765332147,-58.97399999999999,-2.035,0.867,0,0,0.0,59.587,0.0,0.0,0.8,gps,796723026,1765332147,-58.97399999999999,36.40011869833333,127.36124372733333,0,1,14,0.0,0.0,0,0,0.0,0.0,59.587,36.40011870883333,127.36124372533334,0.0,0.0,0.0,0.0,0.0,0.0,0.0,0.0,0.0,-59.00200000000001,base_link,756383286,1765332147,86.5790023803711,15.635000228881836,175.92100524902344,-15.593000411987305,0.0,-2.03,0.814,0.0,zedx_boom_imu_link,zedx_boom_left_camera_frame,695825030,1765332147,0.999992847442627,0.003616482252255082,0.0005469119059853256,-0.0009107014629989862,0.0,-0.03564900532364845,-0.00014700002793688327
1765332147700000000,-81.91999816894531,excavator_base_link,898760902,1765332147,3.706042256698123,-0.34963510637880174,0.0,0.0,0.0,0.0,0.0,127,0,0.0,869447115,1765332147,0.0,4,f,0,4,f,0,4,f,0,59.587,gps,895945375,1765332147,36.4001186945,127.3612437265,0.6400000000000001,0.0,0.0,0.0,0.6400000000000001,0.0,0.0,0.0,2.5600000000000005,1,1,1,0.1,0.0,0.0,0.0,0.0,0.0,0.1,0.0,0.0,0.0,0.0,0.0,0.0,0.0,0.1,0.0,0.0,0.0,0.0,0.0,0.0,0.1,0.0,0.0,0.0,0.0,0.0,0.0,0.0,0.1,0.0,0.0,0.0,0.1,0.0,0.0,0.0,0.0,0.0,-0.0005226770285354923,-0.0038448751284094877,1.197690414674909e-05,8,d,gps,896613605,1765332147,-58.971000000000004,-2.033,0.868,0,0,-42.37099838256836,4,f,0,4,f,0,4,f,0,4,f,0,-15.562000274658203,-16.600000381469727,False,True,100.0,59.587,gps,795836118,1765332147,36.40011869833333,127.36124372733333,0.6400000000000001,0.0,0.0,0.0,0.6400000000000001,0.0,0.0,0.0,2.5600000000000005,1,1,1,0.1,0.0,0.0,0.0,0.0,0.0,0.1,0.0,0.0,0.0,0.0,0.0,0.0,0.0,0.1,0.0,0.0,0.0,0.0,0.0,0.0,0.1,0.0,0.0,0.0,0.0,0.0,0.0,0.0,0.1,0.0,0.0,0.0,0.1,0.0,0.0,0.0,0.0,0.0,-0.0005225455666071557,-0.003844984478438306,1.1977326475344078e-05,excavator_base,871114777,1765332147,True,50.0,False,80.5199966430664,-2.5799999237060547,False,False,-12.670000076293945,-2.140000104904175,False,False,-17.799999237060547,-10.420000076293945,False,excavator_base,871210019,1765332147,-15.5649995803833,False,0.0,0.0,0.0,0.0,0.0,0.0,0.0,0.0,0.0,excavator_base,871243655,1765332147,False,False,-15.5649995803833,0.0,0,False,,0,0,0.0,0.0,False,0.0,0.0,0.0,0,False,,0,0,False,0.0,0.0,0,default,1635.0,1277.0,False,954.0,519.0,False,1471.0,1147.0,False,excavator_base,871173024,1765332147,0.0,0.0,-15.5649995803833,False,True,True,True,0,False,True,0,excavator_base,871294444,1765332147,0,True,0.0,0.0,0.0,0,0,False,0,True,True,24.0,True,8,d,gps,896999022,1765332147,-58.971000000000004,-2.033,0.868,0,0,0.0,59.587,0.0,0.0,0.8,gps,896848926,1765332147,-58.971000000000004,36.4001186945,127.3612437265,0,1,14,0.0,0.0,0,0,0.0,0.0,59.587,36.40011869833333,127.36124372733333,0.0,0.0,0.0,0.0,0.0,0.0,0.0,0.0,0.0,-58.97399999999999,base_link,856345584,1765332147,86.60900115966797,15.619999885559082,175.8509979248047,-15.5649995803833,0.0,-2.035,0.867,0.0,zedx_boom_imu_link,zedx_boom_left_camera_frame,797958494,1765332147,0.999992847442627,0.003616482252255082,0.0005469119059853256,-0.0009107014629989862,0.0,-0.03564900532364845,-0.00014700002793688327
1765332147800000000,-82.01200103759766,excavator_base_link,2565906,1765332148,3.705736845747041,-0.3492496365689316,0.0,0.0,0.0,0.0,0.0,127,0,0.0,970049608,1765332147,0.0,4,f,0,4,f,0,4,f,0,59.587,gps,995883671,1765332147,36.40011868883333,127.361243722,0.6400000000000001,0.0,0.0,0.0,0.6400000000000001,0.0,0.0,0.0,2.5600000000000005,1,1,1,0.1,0.0,0.0,0.0,0.0,0.0,0.1,0.0,0.0,0.0,0.0,0.0,0.0,0.0,0.1,0.0,0.0,0.0,0.0,0.0,0.0,0.1,0.0,0.0,0.0,0.0,0.0,0.0,0.0,0.1,0.0,0.0,0.0,0.1,0.0,0.0,0.0,0.0,0.0,-0.0005228801795945507,-0.003844881292973575,1.1976482197961148e-05,8,d,gps,996774772,1765332147,-58.94800000000001,-2.031,0.865,0,0,-42.347999572753906,4,f,0,4,f,0,4,f,0,4,f,0,-15.538999557495117,-16.600000381469727,False,True,100.0,59.587,gps,895945375,1765332147,36.4001186945,127.3612437265,0.6400000000000001,0.0,0.0,0.0,0.6400000000000001,0.0,0.0,0.0,2.5600000000000005,1,1,1,0.1,0.0,0.0,0.0,0.0,0.0,0.1,0.0,0.0,0.0,0.0,0.0,0.0,0.0,0.1,0.0,0.0,0.0,0.0,0.0,0.0,0.1,0.0,0.0,0.0,0.0,0.0,0.0,0.0,0.1,0.0,0.0,0.0,0.1,0.0,0.0,0.0,0.0,0.0,-0.0005226770285354923,-0.0038448751284094877,1.197690414674909e-05,excavator_base,971575624,1765332147,True,50.0,False,80.47000122070312,-2.5799999237060547,False,False,-12.670000076293945,-2.140000104904175,False,False,-17.790000915527344,-10.4399995803833,False,excavator_base,971678931,1765332147,-15.562000274658203,False,0.0,0.0,0.0,0.0,0.0,0.0,0.0,0.0,0.0,excavator_base,971714966,1765332147,False,False,-15.562000274658203,0.0,0,False,,0,0,0.0,0.0,False,0.0,0.0,0.0,0,False,,0,0,False,0.0,0.0,0,default,1619.0,1277.0,False,957.0,519.0,False,1472.0,1155.0,False,excavator_base,971638382,1765332147,0.0,0.0,-15.562000274658203,False,True,True,True,0,False,True,0,excavator_base,971771100,1765332147,0,True,0.0,0.0,0.0,0,0,False,0,True,True,24.0,True,8,d,gps,997186495,1765332147,-58.94800000000001,-2.031,0.865,0,0,0.0,59.587,0.0,0.0,0.8,gps,997037040,1765332147,-58.94800000000001,36.40011868883333,127.361243722,0,1,14,0.0,0.0,0,0,0.0,0.0,59.587,36.4001186945,127.3612437265,0.0,0.0,0.0,0.0,0.0,0.0,0.0,0.0,0.0,-58.971000000000004,base_link,956259045,1765332147,86.61900329589844,15.618000030517578,175.83099365234375,-15.562000274658203,0.0,-2.033,0.868,0.0,zedx_boom_imu_link,zedx_boom_left_camera_frame,898731909,1765332147,0.999992847442627,0.003616482252255082,0.0005469119059853256,-0.0009107014629989862,0.0,-0.03564900532364845,-0.00014700002793688327
1765332147900000000,-82.41400909423828,excavator_base_link,98682938,1765332148,3.6971676804685116,-0.3463412450146608,0.0,0.0,0.0,0.0,0.0,127,0,0.0,69391042,1765332148,0.0,4,f,0,4,f,0,4,f,0,59.587,gps,96029156,1765332148,36.40011868316667,127.361243726,0.6400000000000001,0.0,0.0,0.0,0.6400000000000001,0.0,0.0,0.0,2.5600000000000005,1,1,1,0.1,0.0,0.0,0.0,0.0,0.0,0.1,0.0,0.0,0.0,0.0,0.0,0.0,0.0,0.1,0.0,0.0,0.0,0.0,0.0,0.0,0.1,0.0,0.0,0.0,0.0,0.0,0.0,0.0,0.1,0.0,0.0,0.0,0.1,0.0,0.0,0.0,0.0,0.0,-0.0005230832997208082,-0.003844619842180705,1.1976059904764643e-05,8,d,gps,96780435,1765332148,-58.92699999999999,-2.044,0.942,0,0,-42.32699966430664,4,f,0,4,f,0,4,f,0,4,f,0,-15.538999557495117,-16.600000381469727,False,True,100.0,59.587,gps,995883671,1765332147,36.40011868883333,127.361243722,0.6400000000000001,0.0,0.0,0.0,0.6400000000000001,0.0,0.0,0.0,2.5600000000000005,1,1,1,0.1,0.0,0.0,0.0,0.0,0.0,0.1,0.0,0.0,0.0,0.0,0.0,0.0,0.0,0.1,0.0,0.0,0.0,0.0,0.0,0.0,0.1,0.0,0.0,0.0,0.0,0.0,0.0,0.0,0.1,0.0,0.0,0.0,0.1,0.0,0.0,0.0,0.0,0.0,-0.0005228801795945507,-0.003844881292973575,1.1976482197961148e-05,excavator_base,70946084,1765332148,True,50.0,False,80.54000091552734,-2.5999999046325684,False,False,-12.720000267028809,-2.140000104904175,False,False,-17.309999465942383,-10.460000038146973,False,excavator_base,71049903,1765332148,-15.538999557495117,False,0.0,0.0,0.0,0.0,0.0,0.0,0.0,0.0,0.0,excavator_base,71086099,1765332148,False,False,-15.538999557495117,0.0,0,False,,0,0,0.0,0.0,False,0.0,0.0,0.0,0,False,,0,0,False,0.0,0.0,0,default,1619.0,1280.0,False,959.0,533.0,False,1469.0,1003.0,False,excavator_base,71007819,1765332148,0.0,0.0,-15.538999557495117,False,True,True,True,0,False,True,0,excavator_base,71136888,1765332148,0,True,0.0,0.0,0.0,0,0,False,0,True,True,24.0,True,8,d,gps,97169020,1765332148,-58.92699999999999,-2.044,0.942,0,0,0.0,59.587,0.0,0.0,0.8,gps,97006955,1765332148,-58.92699999999999,36.40011868316667,127.361243726,0,1,14,0.0,0.0,0,0,0.0,0.0,59.587,36.40011868883333,127.361243722,0.0,0.0,0.0,0.0,0.0,0.0,0.0,0.0,0.0,-58.94800000000001,base_link,56359534,1765332148,86.60900115966797,15.666000366210938,175.59100341796875,-15.538999557495117,0.0,-2.031,0.865,0.0,zedx_boom_imu_link,zedx_boom_left_camera_frame,995085213,1765332147,0.999992847442627,0.003616482252255082,0.0005469119059853256,-0.0009107014629989862,0.0,-0.03564900532364845,-0.00014700002793688327
1765332148000000000,-83.81100463867188,excavator_base_link,198719164,1765332148,3.663807656427211,-0.3439913826636339,0.0,0.0,0.0,0.0,0.0,127,0,0.0,169521229,1765332148,0.0,4,f,0,4,f,0,4,f,0,59.586,gps,195907094,1765332148,36.400118688166664,127.36124372933334,0.6400000000000001,0.0,0.0,0.0,0.6400000000000001,0.0,0.0,0.0,2.5600000000000005,1,1,1,0.1,0.0,0.0,0.0,0.0,0.0,0.1,0.0,0.0,0.0,0.0,0.0,0.0,0.0,0.1,0.0,0.0,0.0,0.0,0.0,0.0,0.1,0.0,0.0,0.0,0.0,0.0,0.0,0.0,0.1,0.0,0.0,0.0,0.1,0.0,0.0,0.0,0.0,0.0,-0.0005228693559020852,-0.0038443792714289494,1.1623412651488016e-05,8,d,gps,197056238,1765332148,-58.93199999999999,-2.039,0.903,0,0,-42.32699966430664,4,f,0,4,f,0,4,f,0,4,f,0,-15.517999649047852,-16.600000381469727,False,True,100.0,59.587,gps,96029156,1765332148,36.40011868316667,127.361243726,0.6400000000000001,0.0,0.0,0.0,0.6400000000000001,0.0,0.0,0.0,2.5600000000000005,1,1,1,0.1,0.0,0.0,0.0,0.0,0.0,0.1,0.0,0.0,0.0,0.0,0.0,0.0,0.0,0.1,0.0,0.0,0.0,0.0,0.0,0.0,0.1,0.0,0.0,0.0,0.0,0.0,0.0,0.0,0.1,0.0,0.0,0.0,0.1,0.0,0.0,0.0,0.0,0.0,-0.0005230832997208082,-0.003844619842180705,1.1976059904764643e-05,excavator_base,170947491,1765332148,True,50.0,False,81.04000091552734,-2.5799999237060547,False,False,-12.850000381469727,-2.1600000858306885,False,False,-15.899999618530273,-10.470000267028809,False,excavator_base,171048621,1765332148,-15.517999649047852,False,0.0,0.0,0.0,0.0,0.0,0.0,0.0,0.0,0.0,excavator_base,171082001,1765332148,False,False,-15.517999649047852,0.0,0,False,,0,0,0.0,0.0,False,0.0,0.0,0.0,0,False,,0,0,False,0.0,0.0,0,default,2012.0,1279.0,False,955.0,533.0,False,1473.0,1008.0,False,excavator_base,171009737,1765332148,0.0,0.0,-15.517999649047852,False,True,True,True,0,False,True,0,excavator_base,171131574,1765332148,0,True,0.0,0.0,0.0,0,0,False,0,True,True,24.0,True,8,d,gps,197635915,1765332148,-58.93199999999999,-2.039,0.903,0,0,0.0,59.586,0.0,0.0,0.8,gps,197468057,1765332148,-58.93199999999999,36.400118688166664,127.36124372933334,0,1,14,0.0,0.0,0,0,0.0,0.0,59.587,36.40011868316667,127.361243726,0.0,0.0,0.0,0.0,0.0,0.0,0.0,0.0,0.0,-58.92699999999999,base_link,156318248,1765332148,86.18900299072266,15.809000015258789,174.9709930419922,-15.517999649047852,0.0,-2.044,0.942,0.0,zedx_boom_imu_link,zedx_boom_left_camera_frame,96452849,1765332148,0.999992847442627,0.003616482252255082,0.0005469119059853256,-0.0009107014629989862,0.0,-0.03564900532364845,-0.00014700002793688327
1765332148100000000,-85.61599731445312,excavator_base_link,298711289,1765332148,3.622274823365156,-0.34056926898481893,0.0,0.0,0.0,0.0,0.0,127,0,0.0,269793992,1765332148,0.0,4,f,0,4,f,0,4,f,0,59.586,gps,296076134,1765332148,36.40011869866667,127.36124373583333,0.6400000000000001,0.0,0.0,0.0,0.6400000000000001,0.0,0.0,0.0,2.5600000000000005,1,1,1,0.1,0.0,0.0,0.0,0.0,0.0,0.1,0.0,0.0,0.0,0.0,0.0,0.0,0.0,0.1,0.0,0.0,0.0,0.0,0.0,0.0,0.1,0.0,0.0,0.0,0.0,0.0,0.0,0.0,0.1,0.0,0.0,0.0,0.1,0.0,0.0,0.0,0.0,0.0,-0.0005224404730964721,-0.0038440395976618957,1.1623004078017626e-05,8,d,gps,296760173,1765332148,-59.05600000000001,-2.033,0.891,0,0,-42.45600128173828,4,f,0,4,f,0,4,f,0,4,f,0,-15.647000312805176,-16.600000381469727,False,True,100.0,59.586,gps,195907094,1765332148,36.400118688166664,127.36124372933334,0.6400000000000001,0.0,0.0,0.0,0.6400000000000001,0.0,0.0,0.0,2.5600000000000005,1,1,1,0.1,0.0,0.0,0.0,0.0,0.0,0.1,0.0,0.0,0.0,0.0,0.0,0.0,0.0,0.1,0.0,0.0,0.0,0.0,0.0,0.0,0.1,0.0,0.0,0.0,0.0,0.0,0.0,0.0,0.1,0.0,0.0,0.0,0.1,0.0,0.0,0.0,0.0,0.0,-0.0005228693559020852,-0.0038443792714289494,1.1623412651488016e-05,excavator_base,271102001,1765332148,True,50.0,False,81.5999984741211,-2.450000047683716,False,False,-13.0600004196167,-2.109999895095825,False,False,-14.100000381469727,-10.34000015258789,False,excavator_base,271203324,1765332148,-15.52299976348877,False,0.0,0.0,0.0,0.0,0.0,0.0,0.0,0.0,0.0,excavator_base,271239199,1765332148,False,False,-15.52299976348877,0.0,0,False,,0,0,0.0,0.0,False,0.0,0.0,0.0,0,False,,0,0,False,0.0,0.0,0,default,2125.0,1281.0,False,955.0,533.0,False,1472.0,1008.0,False,excavator_base,271161591,1765332148,0.0,0.0,-15.52299976348877,False,True,True,True,0,False,True,0,excavator_base,271288836,1765332148,0,True,0.0,0.0,0.0,0,0,False,0,True,True,24.0,True,8,d,gps,297163864,1765332148,-59.05600000000001,-2.033,0.891,0,0,0.0,59.586,0.0,0.0,0.8,gps,296996134,1765332148,-59.05600000000001,36.40011869866667,127.36124373583333,0,1,14,0.0,0.0,0,0,0.0,0.0,59.586,36.400118688166664,127.36124372933334,0.0,0.0,0.0,0.0,0.0,0.0,0.0,0.0,0.0,-58.93199999999999,base_link,256300740,1765332148,85.39900207519531,16.013999938964844,173.91099548339844,-15.52299976348877,0.0,-2.039,0.903,0.0,zedx_boom_imu_link,zedx_boom_left_camera_frame,197789839,1765332148,0.999992847442627,0.003616482252255082,0.0005469119059853256,-0.0009107014629989862,0.0,-0.03564900532364845,-0.00014700002793688327
1765332148200000000,-87.50199890136719,excavator_base_link,398688309,1765332148,3.5817681155157013,-0.33673700384740185,0.0,0.0,0.0,0.0,0.0,127,0,0.0,369394300,1765332148,0.0,4,f,0,4,f,0,4,f,0,59.586,gps,396015518,1765332148,36.400118712,127.36124374016667,0.6400000000000001,0.0,0.0,0.0,0.6400000000000001,0.0,0.0,0.0,2.5600000000000005,1,1,1,0.1,0.0,0.0,0.0,0.0,0.0,0.1,0.0,0.0,0.0,0.0,0.0,0.0,0.0,0.1,0.0,0.0,0.0,0.0,0.0,0.0,0.1,0.0,0.0,0.0,0.0,0.0,0.0,0.0,0.1,0.0,0.0,0.0,0.1,0.0,0.0,0.0,0.0,0.0,-0.0005219008091619899,-0.0038437677969804834,1.1622594542669484e-05,8,d,gps,396842484,1765332148,-59.21199999999999,-2.025,0.867,0,0,-42.45600128173828,4,f,0,4,f,0,4,f,0,4,f,0,-15.647000312805176,-16.600000381469727,False,True,100.0,59.586,gps,296076134,1765332148,36.40011869866667,127.36124373583333,0.6400000000000001,0.0,0.0,0.0,0.6400000000000001,0.0,0.0,0.0,2.5600000000000005,1,1,1,0.1,0.0,0.0,0.0,0.0,0.0,0.1,0.0,0.0,0.0,0.0,0.0,0.0,0.0,0.1,0.0,0.0,0.0,0.0,0.0,0.0,0.1,0.0,0.0,0.0,0.0,0.0,0.0,0.0,0.1,0.0,0.0,0.0,0.1,0.0,0.0,0.0,0.0,0.0,-0.0005224404730964721,-0.0038440395976618957,1.1623004078017626e-05,excavator_base,370962081,1765332148,True,50.0,False,82.06999969482422,-2.3499999046325684,False,False,-13.229999542236328,-2.0799999237060547,False,False,-12.220000267028809,-10.199999809265137,False,excavator_base,371061227,1765332148,-15.647000312805176,False,0.0,0.0,0.0,0.0,0.0,0.0,0.0,0.0,0.0,excavator_base,371098479,1765332148,False,False,-15.647000312805176,0.0,0,False,,0,0,0.0,0.0,False,0.0,0.0,0.0,0,False,,0,0,False,0.0,0.0,0,default,2158.0,1283.0,False,955.0,533.0,False,1472.0,1009.0,False,excavator_base,371021671,1765332148,0.0,0.0,-15.647000312805176,False,True,True,True,0,False,True,0,excavator_base,371149748,1765332148,0,True,0.0,0.0,0.0,0,0,False,0,True,True,24.0,True,8,d,gps,397345929,1765332148,-59.21199999999999,-2.025,0.867,0,0,0.0,59.586,0.0,0.0,0.8,gps,397131538,1765332148,-59.21199999999999,36.400118712,127.36124374016667,0,1,14,0.0,0.0,0,0,0.0,0.0,59.586,36.40011869866667,127.36124373583333,0.0,0.0,0.0,0.0,0.0,0.0,0.0,0.0,0.0,-59.05600000000001,base_link,356323269,1765332148,84.65899658203125,16.17799949645996,172.52099609375,-15.647000312805176,0.0,-2.033,0.891,0.0,zedx_boom_imu_link,zedx_boom_left_camera_frame,299251572,1765332148,0.999992847442627,0.003616482252255082,0.0005469119059853256,-0.0009107014629989862,0.0,-0.03564900532364845,-0.00014700002793688327
1765332148300000000,-89.37999725341797,excavator_base_link,500343105,1765332148,3.542801090841447,-0.3330392229969915,0.0,0.0,0.0,0.0,0.0,127,0,0.0,469451873,1765332148,0.0,4,f,0,4,f,0,4,f,0,59.585,gps,496013724,1765332148,36.40011871866667,127.36124374266667,0.6400000000000001,0.0,0.0,0.0,0.6400000000000001,0.0,0.0,0.0,2.5600000000000005,1,1,1,0.1,0.0,0.0,0.0,0.0,0.0,0.1,0.0,0.0,0.0,0.0,0.0,0.0,0.0,0.1,0.0,0.0,0.0,0.0,0.0,0.0,0.1,0.0,0.0,0.0,0.0,0.0,0.0,0.0,0.1,0.0,0.0,0.0,0.1,0.0,0.0,0.0,0.0,0.0,-0.0005216218227772764,-0.0038435538561294286,1.1269998060343993e-05,8,d,gps,496689218,1765332148,-59.19800000000001,-2.029,0.848,0,0,-42.41200256347656,4,f,0,4,f,0,4,f,0,4,f,0,-15.803000450134277,-16.799999237060547,False,True,100.0,59.586,gps,396015518,1765332148,36.400118712,127.36124374016667,0.6400000000000001,0.0,0.0,0.0,0.6400000000000001,0.0,0.0,0.0,2.5600000000000005,1,1,1,0.1,0.0,0.0,0.0,0.0,0.0,0.1,0.0,0.0,0.0,0.0,0.0,0.0,0.0,0.1,0.0,0.0,0.0,0.0,0.0,0.0,0.1,0.0,0.0,0.0,0.0,0.0,0.0,0.0,0.1,0.0,0.0,0.0,0.1,0.0,0.0,0.0,0.0,0.0,-0.0005219008091619899,-0.0038437677969804834,1.1622594542669484e-05,excavator_base,486169462,1765332148,True,50.0,False,82.48999786376953,-2.319999933242798,False,False,-13.460000038146973,-2.0399999618530273,False,False,-10.350000381469727,-10.229999542236328,False,excavator_base,486322598,1765332148,-15.803000450134277,False,0.0,0.0,0.0,0.0,0.0,0.0,0.0,0.0,0.0,excavator_base,486365162,1765332148,False,False,-15.803000450134277,0.0,0,False,,0,0,0.0,0.0,False,0.0,0.0,0.0,0,False,,0,0,False,0.0,0.0,0,default,2234.0,1283.0,False,954.0,533.0,False,1472.0,1016.0,False,excavator_base,486261759,1765332148,0.0,0.0,-15.803000450134277,False,True,True,True,0,False,True,0,excavator_base,486420496,1765332148,0,True,0.0,0.0,0.0,0,0,False,0,True,True,24.0,True,8,d,gps,497125840,1765332148,-59.19800000000001,-2.029,0.848,0,0,0.0,59.585,0.0,0.0,0.8,gps,496908697,1765332148,-59.19800000000001,36.40011871866667,127.36124374266667,0,1,14,0.0,0.0,0,0,0.0,0.0,59.586,36.400118712,127.36124374016667,0.0,0.0,0.0,0.0,0.0,0.0,0.0,0.0,0.0,-59.21199999999999,base_link,456299329,1765332148,84.0989990234375,16.399999618530273,171.06100463867188,-15.803000450134277,0.0,-2.025,0.867,0.0,zedx_boom_imu_link,zedx_boom_left_camera_frame,390405404,1765332148,0.999992847442627,0.003616482252255082,0.0005469119059853256,-0.0009107014629989862,0.0,-0.03564900532364845,-0.00014700002793688327
1765332148400000000,-90.89599609375,excavator_base_link,598739127,1765332148,3.517219090635043,-0.32868675771511996,0.0,0.0,0.0,0.0,0.0,127,0,0.0,569496228,1765332148,0.0,4,f,0,4,f,0,4,f,0,59.585,gps,596069408,1765332148,36.400118718,127.36124375333333,0.6400000000000001,0.0,0.0,0.0,0.6400000000000001,0.0,0.0,0.0,2.5600000000000005,1,1,1,0.1,0.0,0.0,0.0,0.0,0.0,0.1,0.0,0.0,0.0,0.0,0.0,0.0,0.0,0.1,0.0,0.0,0.0,0.0,0.0,0.0,0.1,0.0,0.0,0.0,0.0,0.0,0.0,0.0,0.1,0.0,0.0,0.0,0.1,0.0,0.0,0.0,0.0,0.0,-0.0005216293704410182,-0.0038430818218543193,1.1269598068117703e-05,8,d,gps,597746127,1765332148,-59.14699999999999,-2.025,0.894,0,0,-42.097999572753906,4,f,0,4,f,0,4,f,0,4,f,0,-15.788999557495117,-17.100000381469727,False,True,100.0,59.585,gps,496013724,1765332148,36.40011871866667,127.36124374266667,0.6400000000000001,0.0,0.0,0.0,0.6400000000000001,0.0,0.0,0.0,2.5600000000000005,1,1,1,0.1,0.0,0.0,0.0,0.0,0.0,0.1,0.0,0.0,0.0,0.0,0.0,0.0,0.0,0.1,0.0,0.0,0.0,0.0,0.0,0.0,0.1,0.0,0.0,0.0,0.0,0.0,0.0,0.0,0.1,0.0,0.0,0.0,0.1,0.0,0.0,0.0,0.0,0.0,-0.0005216218227772764,-0.0038435538561294286,1.1269998060343993e-05,excavator_base,571070024,1765332148,True,50.0,False,82.58999633789062,-2.3499999046325684,False,False,-13.5600004196167,-2.059999942779541,False,False,-8.829999923706055,-10.25,False,excavator_base,571210423,1765332148,-15.788999557495117,False,0.0,0.0,0.0,0.0,0.0,0.0,0.0,0.0,0.0,excavator_base,571261756,1765332148,False,False,-15.788999557495117,0.0,0,False,,0,0,0.0,0.0,False,0.0,0.0,0.0,0,False,,0,0,False,0.0,0.0,0,default,2311.0,1281.0,False,953.0,531.0,False,1472.0,1013.0,False,excavator_base,571151153,1765332148,0.0,0.0,-15.788999557495117,False,True,True,True,0,False,True,0,excavator_base,571336836,1765332148,0,True,0.0,0.0,0.0,0,0,False,0,True,True,24.0,True,8,d,gps,598384114,1765332148,-59.14699999999999,-2.025,0.894,0,0,0.0,59.585,0.0,0.0,0.8,gps,598152730,1765332148,-59.14699999999999,36.400118718,127.36124375333333,0,1,14,0.0,0.0,0,0,0.0,0.0,59.585,36.40011871866667,127.36124374266667,0.0,0.0,0.0,0.0,0.0,0.0,0.0,0.0,0.0,-59.19800000000001,base_link,558293872,1765332148,83.63899993896484,16.503999710083008,169.68099975585938,-15.788999557495117,0.0,-2.029,0.848,0.0,zedx_boom_imu_link,zedx_boom_left_camera_frame,492011172,1765332148,0.999992847442627,0.003616482252255082,0.0005469119059853256,-0.0009107014629989862,0.0,-0.03564900532364845,-0.00014700002793688327
1765332148500000000,-92.76000213623047,excavator_base_link,698699537,1765332148,3.49234731952852,-0.3245779099209284,0.0,0.0,0.0,0.0,0.0,127,0,0.0,669496130,1765332148,0.0,4,f,0,4,f,0,4,f,0,59.584,gps,696120515,1765332148,36.400118727,127.36124375483334,0.6400000000000001,0.0,0.0,0.0,0.6400000000000001,0.0,0.0,0.0,2.5600000000000005,1,1,1,0.1,0.0,0.0,0.0,0.0,0.0,0.1,0.0,0.0,0.0,0.0,0.0,0.0,0.0,0.1,0.0,0.0,0.0,0.0,0.0,0.0,0.1,0.0,0.0,0.0,0.0,0.0,0.0,0.0,0.1,0.0,0.0,0.0,0.1,0.0,0.0,0.0,0.0,0.0,-0.0005212593096673932,-0.003842900166838184,1.0917041156813118e-05,8,d,gps,697185715,1765332148,-59.245000000000005,-2.016,0.876,0,0,-42.14500045776367,4,f,0,4,f,0,4,f,0,4,f,0,-15.836000442504883,-17.100000381469727,False,True,100.0,59.585,gps,596069408,1765332148,36.400118718,127.36124375333333,0.6400000000000001,0.0,0.0,0.0,0.6400000000000001,0.0,0.0,0.0,2.5600000000000005,1,1,1,0.1,0.0,0.0,0.0,0.0,0.0,0.1,0.0,0.0,0.0,0.0,0.0,0.0,0.0,0.1,0.0,0.0,0.0,0.0,0.0,0.0,0.1,0.0,0.0,0.0,0.0,0.0,0.0,0.0,0.1,0.0,0.0,0.0,0.1,0.0,0.0,0.0,0.0,0.0,-0.0005216293704410182,-0.0038430818218543193,1.1269598068117703e-05,excavator_base,670933272,1765332148,True,50.0,False,82.45999908447266,-2.25,False,False,-13.649999618530273,-2.049999952316284,False,False,-6.96999979019165,-10.15999984741211,False,excavator_base,671037603,1765332148,-15.73799991607666,False,0.0,0.0,0.0,0.0,0.0,0.0,0.0,0.0,0.0,excavator_base,671076135,1765332148,False,False,-15.73799991607666,0.0,0,False,,0,0,0.0,0.0,False,0.0,0.0,0.0,0,False,,0,0,False,0.0,0.0,0,default,2449.0,1283.0,False,952.0,531.0,False,1471.0,1016.0,False,excavator_base,670995967,1765332148,0.0,0.0,-15.73799991607666,False,True,True,True,0,False,True,0,excavator_base,671136813,1765332148,0,True,0.0,0.0,0.0,0,0,False,0,True,True,24.0,True,8,d,gps,697642370,1765332148,-59.245000000000005,-2.016,0.876,0,0,0.0,59.584,0.0,0.0,0.8,gps,697486098,1765332148,-59.245000000000005,36.400118727,127.36124375483334,0,1,14,0.0,0.0,0,0,0.0,0.0,59.585,36.400118718,127.36124375333333,0.0,0.0,0.0,0.0,0.0,0.0,0.0,0.0,0.0,-59.14699999999999,base_link,656332321,1765332148,83.60900115966797,16.59000015258789,167.92100524902344,-15.73799991607666,0.0,-2.025,0.894,0.0,zedx_boom_imu_link,zedx_boom_left_camera_frame,589346846,1765332148,0.999992847442627,0.003616482252255082,0.0005469119059853256,-0.0009107014629989862,0.0,-0.03564900532364845,-0.00014700002793688327
1765332148600000000,-94.65898895263672,excavator_base_link,798895748,1765332148,3.4766648202608645,-0.3162113423352995,0.0,0.0,0.0,0.0,0.0,127,0,0.0,769515234,1765332148,0.0,4,f,0,4,f,0,4,f,0,59.584,gps,795963217,1765332148,36.40011873466667,127.36124376333333,0.6400000000000001,0.0,0.0,0.0,0.6400000000000001,0.0,0.0,0.0,2.5600000000000005,1,1,1,0.1,0.0,0.0,0.0,0.0,0.0,0.1,0.0,0.0,0.0,0.0,0.0,0.0,0.0,0.1,0.0,0.0,0.0,0.0,0.0,0.0,0.1,0.0,0.0,0.0,0.0,0.0,0.0,0.0,0.1,0.0,0.0,0.0,0.1,0.0,0.0,0.0,0.0,0.0,-0.0005209413018274131,-0.0038424976190943065,1.0916657306348992e-05,8,d,gps,796645720,1765332148,-59.25200000000001,-2.027,0.89,0,0,-42.152000427246094,4,f,0,4,f,0,4,f,0,4,f,0,-15.843000411987305,-17.100000381469727,False,True,100.0,59.584,gps,696120515,1765332148,36.400118727,127.36124375483334,0.6400000000000001,0.0,0.0,0.0,0.6400000000000001,0.0,0.0,0.0,2.5600000000000005,1,1,1,0.1,0.0,0.0,0.0,0.0,0.0,0.1,0.0,0.0,0.0,0.0,0.0,0.0,0.0,0.1,0.0,0.0,0.0,0.0,0.0,0.0,0.1,0.0,0.0,0.0,0.0,0.0,0.0,0.0,0.1,0.0,0.0,0.0,0.1,0.0,0.0,0.0,0.0,0.0,-0.0005212593096673932,-0.003842900166838184,1.0917041156813118e-05,excavator_base,771302525,1765332148,True,50.0,False,81.88999938964844,-2.2200000286102295,False,False,-13.739999771118164,-2.009999990463257,False,False,-5.079999923706055,-10.15999984741211,False,excavator_base,771412777,1765332148,-15.836000442504883,False,0.0,0.0,0.0,0.0,0.0,0.0,0.0,0.0,0.0,excavator_base,771448876,1765332148,False,False,-15.836000442504883,0.0,0,False,,0,0,0.0,0.0,False,0.0,0.0,0.0,0,False,,0,0,False,0.0,0.0,0,default,2560.0,1284.0,False,954.0,531.0,False,1476.0,1015.0,False,excavator_base,771369252,1765332148,0.0,0.0,-15.836000442504883,False,True,True,True,0,False,True,0,excavator_base,771499794,1765332148,0,True,0.0,0.0,0.0,0,0,False,0,True,True,24.0,True,8,d,gps,797060644,1765332148,-59.25200000000001,-2.027,0.89,0,0,0.0,59.584,0.0,0.0,0.8,gps,796871984,1765332148,-59.25200000000001,36.40011873466667,127.36124376333333,0,1,14,0.0,0.0,0,0,0.0,0.0,59.584,36.400118727,127.36124375483334,0.0,0.0,0.0,0.0,0.0,0.0,0.0,0.0,0.0,-59.245000000000005,base_link,756380868,1765332148,83.83899688720703,16.67099952697754,165.8509979248047,-15.836000442504883,0.0,-2.016,0.876,0.0,zedx_boom_imu_link,zedx_boom_left_camera_frame,696389644,1765332148,0.999992847442627,0.003616482252255082,0.0005469119059853256,-0.0009107014629989862,0.0,-0.03564900532364845,-0.00014700002793688327
1765332148700000000,-97.0780029296875,excavator_base_link,898681964,1765332148,3.449842430048712,-0.3066579117293825,0.0,0.0,0.0,0.0,0.0,127,0,0.0,869437720,1765332148,0.0,4,f,0,4,f,0,4,f,0,59.583,gps,896044888,1765332148,36.4001187355,127.36124376566667,0.6400000000000001,0.0,0.0,0.0,0.6400000000000001,0.0,0.0,0.0,2.5600000000000005,1,1,1,0.1,0.0,0.0,0.0,0.0,0.0,0.1,0.0,0.0,0.0,0.0,0.0,0.0,0.0,0.1,0.0,0.0,0.0,0.0,0.0,0.0,0.1,0.0,0.0,0.0,0.0,0.0,0.0,0.0,0.1,0.0,0.0,0.0,0.1,0.0,0.0,0.0,0.0,0.0,-0.0005208903715531452,-0.0038422888029397426,1.0564134785123456e-05,8,d,gps,896760099,1765332148,-59.12899999999999,-2.031,0.863,0,0,-42.02899932861328,4,f,0,4,f,0,4,f,0,4,f,0,-15.720000267028809,-17.100000381469727,False,True,100.0,59.584,gps,795963217,1765332148,36.40011873466667,127.36124376333333,0.6400000000000001,0.0,0.0,0.0,0.6400000000000001,0.0,0.0,0.0,2.5600000000000005,1,1,1,0.1,0.0,0.0,0.0,0.0,0.0,0.1,0.0,0.0,0.0,0.0,0.0,0.0,0.0,0.1,0.0,0.0,0.0,0.0,0.0,0.0,0.1,0.0,0.0,0.0,0.0,0.0,0.0,0.0,0.1,0.0,0.0,0.0,0.1,0.0,0.0,0.0,0.0,0.0,-0.0005209413018274131,-0.0038424976190943065,1.0916657306348992e-05,excavator_base,870916563,1765332148,True,50.0,False,81.5,-2.309999942779541,False,False,-13.859999656677246,-2.0199999809265137,False,False,-2.6500000953674316,-10.270000457763672,False,excavator_base,871014461,1765332148,-15.843000411987305,False,0.0,0.0,0.0,0.0,0.0,0.0,0.0,0.0,0.0,excavator_base,871047809,1765332148,False,False,-15.843000411987305,0.0,0,False,,0,0,0.0,0.0,False,0.0,0.0,0.0,0,False,,0,0,False,0.0,0.0,0,default,2572.0,1287.0,False,954.0,531.0,False,1476.0,1019.0,False,excavator_base,870975417,1765332148,0.0,0.0,-15.843000411987305,False,True,True,True,0,False,True,0,excavator_base,871101094,1765332148,0,True,0.0,0.0,0.0,0,0,False,0,True,True,24.0,True,8,d,gps,897762219,1765332148,-59.12899999999999,-2.031,0.863,0,0,0.0,59.583,0.0,0.0,0.8,gps,897273176,1765332148,-59.12899999999999,36.4001187355,127.36124376566667,0,1,14,0.0,0.0,0,0,0.0,0.0,59.584,36.40011873466667,127.36124376333333,0.0,0.0,0.0,0.0,0.0,0.0,0.0,0.0,0.0,-59.25200000000001,base_link,856273879,1765332148,84.3489990234375,16.802000045776367,163.09100341796875,-15.843000411987305,0.0,-2.027,0.89,0.0,zedx_boom_imu_link,zedx_boom_left_camera_frame,793047981,1765332148,0.999992847442627,0.003616482252255082,0.0005469119059853256,-0.0009107014629989862,0.0,-0.03564900532364845,-0.00014700002793688327
1765332148800000000,-98.88400268554688,excavator_base_link,999614731,1765332148,3.4309171626865282,-0.30144391147378347,0.0,0.0,0.0,0.0,0.0,127,0,0.0,969486459,1765332148,0.0,4,f,0,4,f,0,4,f,0,59.583,gps,996309682,1765332148,36.4001187355,127.361243773,0.6400000000000001,0.0,0.0,0.0,0.6400000000000001,0.0,0.0,0.0,2.5600000000000005,1,1,1,0.1,0.0,0.0,0.0,0.0,0.0,0.1,0.0,0.0,0.0,0.0,0.0,0.0,0.0,0.1,0.0,0.0,0.0,0.0,0.0,0.0,0.1,0.0,0.0,0.0,0.0,0.0,0.0,0.0,0.1,0.0,0.0,0.0,0.1,0.0,0.0,0.0,0.0,0.0,-0.0005208719785771374,-0.0038419224230285716,1.056376175868976e-05,8,d,gps,997043870,1765332148,-59.126000000000005,-2.027,0.931,0,0,-42.0260009765625,4,f,0,4,f,0,4,f,0,4,f,0,-15.717000007629395,-17.100000381469727,False,True,100.0,59.583,gps,896044888,1765332148,36.4001187355,127.36124376566667,0.6400000000000001,0.0,0.0,0.0,0.6400000000000001,0.0,0.0,0.0,2.5600000000000005,1,1,1,0.1,0.0,0.0,0.0,0.0,0.0,0.1,0.0,0.0,0.0,0.0,0.0,0.0,0.0,0.1,0.0,0.0,0.0,0.0,0.0,0.0,0.1,0.0,0.0,0.0,0.0,0.0,0.0,0.0,0.1,0.0,0.0,0.0,0.1,0.0,0.0,0.0,0.0,0.0,-0.0005208903715531452,-0.0038422888029397426,1.0564134785123456e-05,excavator_base,970937939,1765332148,True,50.0,False,81.19999694824219,-2.3399999141693115,False,False,-13.880000114440918,-2.059999942779541,False,False,-0.8399999737739563,-10.329999923706055,False,excavator_base,971048127,1765332148,-15.720000267028809,False,0.0,0.0,0.0,0.0,0.0,0.0,0.0,0.0,0.0,excavator_base,971085027,1765332148,False,False,-15.720000267028809,0.0,0,False,,0,0,0.0,0.0,False,0.0,0.0,0.0,0,False,,0,0,False,0.0,0.0,0,default,2510.0,1287.0,False,954.0,531.0,False,1481.0,997.0,False,excavator_base,971005850,1765332148,0.0,0.0,-15.720000267028809,False,True,True,True,0,False,True,0,excavator_base,971140328,1765332148,0,True,0.0,0.0,0.0,0,0,False,0,True,True,24.0,True,8,d,gps,999715830,1765332148,-59.126000000000005,-2.027,0.931,0,0,0.0,59.583,0.0,0.0,0.8,gps,997304218,1765332148,-59.126000000000005,36.4001187355,127.361243773,0,1,14,0.0,0.0,0,0,0.0,0.0,59.583,36.4001187355,127.36124376566667,0.0,0.0,0.0,0.0,0.0,0.0,0.0,0.0,0.0,-59.12899999999999,base_link,956376224,1765332148,84.46900177001953,16.826000213623047,160.74099731445312,-15.720000267028809,0.0,-2.031,0.863,0.0,zedx_boom_imu_link,zedx_boom_left_camera_frame,895230659,1765332148,0.999992847442627,0.003616482252255082,0.0005469119059853256,-0.0009107014629989862,0.0,-0.03564900532364845,-0.00014700002793688327
1765332148900000000,-101.0479965209961,excavator_base_link,98840857,1765332149,3.4129849793694143,-0.2904163836979287,0.0,0.0,0.0,0.0,0.0,127,0,0.0,69427091,1765332149,0.0,4,f,0,4,f,0,4,f,0,59.582,gps,96324241,1765332149,36.400118735333336,127.36124377033333,0.6400000000000001,0.0,0.0,0.0,0.6400000000000001,0.0,0.0,0.0,2.5600000000000005,1,1,1,0.1,0.0,0.0,0.0,0.0,0.0,0.1,0.0,0.0,0.0,0.0,0.0,0.0,0.0,0.1,0.0,0.0,0.0,0.0,0.0,0.0,0.1,0.0,0.0,0.0,0.0,0.0,0.0,0.0,0.1,0.0,0.0,0.0,0.1,0.0,0.0,0.0,0.0,0.0,-0.0005208601515559792,-0.0038418710308314083,1.021127679266291e-05,8,d,gps,97035292,1765332149,-59.108000000000004,-2.028,0.967,0,0,-42.0260009765625,4,f,0,4,f,0,4,f,0,4,f,0,-15.717000007629395,-17.100000381469727,False,True,100.0,59.583,gps,996309682,1765332148,36.4001187355,127.361243773,0.6400000000000001,0.0,0.0,0.0,0.6400000000000001,0.0,0.0,0.0,2.5600000000000005,1,1,1,0.1,0.0,0.0,0.0,0.0,0.0,0.1,0.0,0.0,0.0,0.0,0.0,0.0,0.0,0.1,0.0,0.0,0.0,0.0,0.0,0.0,0.1,0.0,0.0,0.0,0.0,0.0,0.0,0.0,0.1,0.0,0.0,0.0,0.1,0.0,0.0,0.0,0.0,0.0,-0.0005208719785771374,-0.0038419224230285716,1.056376175868976e-05,excavator_base,74392507,1765332149,True,50.0,False,80.5999984741211,-2.3299999237060547,False,False,-13.90999984741211,-2.059999942779541,False,False,1.3200000524520874,-10.300000190734863,False,excavator_base,74560268,1765332149,-15.717000007629395,False,0.0,0.0,0.0,0.0,0.0,0.0,0.0,0.0,0.0,excavator_base,74611058,1765332149,False,False,-15.717000007629395,0.0,0,False,,0,0,0.0,0.0,False,0.0,0.0,0.0,0,False,,0,0,False,0.0,0.0,0,default,2616.0,1291.0,False,952.0,529.0,False,1480.0,1028.0,False,excavator_base,74495942,1765332149,0.0,0.0,-15.717000007629395,False,True,True,True,0,False,True,0,excavator_base,75176237,1765332149,0,True,0.0,0.0,0.0,0,0,False,0,True,True,24.0,True,8,d,gps,97428133,1765332149,-59.108000000000004,-2.028,0.967,0,0,0.0,59.582,0.0,0.0,0.8,gps,97266292,1765332149,-59.108000000000004,36.400118735333336,127.36124377033333,0,1,14,0.0,0.0,0,0,0.0,0.0,59.583,36.4001187355,127.361243773,0.0,0.0,0.0,0.0,0.0,0.0,0.0,0.0,0.0,-59.126000000000005,base_link,56306807,1765332149,84.9990005493164,16.851999282836914,158.26100158691406,-15.717000007629395,0.0,-2.027,0.931,0.0,zedx_boom_imu_link,zedx_boom_left_camera_frame,996672555,1765332148,0.999992847442627,0.003616482252255082,0.0005469119059853256,-0.0009107014629989862,0.0,-0.03564900532364845,-0.00014700002793688327
1765332149000000000,-103.32699584960938,excavator_base_link,201089282,1765332149,3.379159033893141,-0.2806699113673212,0.0,0.0,0.0,0.0,0.0,127,0,0.0,169402191,1765332149,0.0,4,f,0,4,f,0,4,f,0,59.582,gps,196454077,1765332149,36.40011873933334,127.361243757,0.6400000000000001,0.0,0.0,0.0,0.6400000000000001,0.0,0.0,0.0,2.5600000000000005,1,1,1,0.1,0.0,0.0,0.0,0.0,0.0,0.1,0.0,0.0,0.0,0.0,0.0,0.0,0.0,0.1,0.0,0.0,0.0,0.0,0.0,0.0,0.1,0.0,0.0,0.0,0.0,0.0,0.0,0.0,0.1,0.0,0.0,0.0,0.1,0.0,0.0,0.0,0.0,0.0,-0.000520685434969944,-0.0038421548672553955,1.0210916382448445e-05,8,d,gps,197308375,1765332149,-59.06,-2.032,1.006,0,0,-41.959999084472656,4,f,0,4,f,0,4,f,0,4,f,0,-15.651000022888184,-17.100000381469727,False,True,100.0,59.582,gps,96324241,1765332149,36.400118735333336,127.36124377033333,0.6400000000000001,0.0,0.0,0.0,0.6400000000000001,0.0,0.0,0.0,2.5600000000000005,1,1,1,0.1,0.0,0.0,0.0,0.0,0.0,0.1,0.0,0.0,0.0,0.0,0.0,0.0,0.0,0.1,0.0,0.0,0.0,0.0,0.0,0.0,0.1,0.0,0.0,0.0,0.0,0.0,0.0,0.0,0.1,0.0,0.0,0.0,0.1,0.0,0.0,0.0,0.0,0.0,-0.0005208601515559792,-0.0038418710308314083,1.021127679266291e-05,excavator_base,170994742,1765332149,True,50.0,False,80.62999725341797,-2.4100000858306885,False,False,-13.979999542236328,-2.0899999141693115,False,False,3.5999999046325684,-10.420000076293945,False,excavator_base,171092160,1765332149,-15.699000358581543,False,0.0,0.0,0.0,0.0,0.0,0.0,0.0,0.0,0.0,excavator_base,171124867,1765332149,False,False,-15.699000358581543,0.0,0,False,,0,0,0.0,0.0,False,0.0,0.0,0.0,0,False,,0,0,False,0.0,0.0,0,default,2475.0,1291.0,False,952.0,529.0,False,1480.0,1027.0,False,excavator_base,171055004,1765332149,0.0,0.0,-15.699000358581543,False,True,True,True,0,False,True,0,excavator_base,171175368,1765332149,0,True,0.0,0.0,0.0,0,0,False,0,True,True,24.0,True,8,d,gps,197832653,1765332149,-59.06,-2.032,1.006,0,0,0.0,59.582,0.0,0.0,0.8,gps,197593780,1765332149,-59.06,36.40011873933334,127.361243757,0,1,14,0.0,0.0,0,0,0.0,0.0,59.582,36.400118735333336,127.36124377033333,0.0,0.0,0.0,0.0,0.0,0.0,0.0,0.0,0.0,-59.108000000000004,base_link,156304661,1765332149,85.30899810791016,16.92300033569336,155.4010009765625,-15.699000358581543,0.0,-2.028,0.967,0.0,zedx_boom_imu_link,zedx_boom_left_camera_frame,98252989,1765332149,0.999992847442627,0.003616482252255082,0.0005469119059853256,-0.0009107014629989862,0.0,-0.03564900532364845,-0.00014700002793688327
1765332149100000000,-104.78300476074219,excavator_base_link,298706503,1765332149,3.353872563025448,-0.2707074090062056,0.0,0.0,0.0,0.0,0.0,127,0,0.0,269425392,1765332149,0.0,4,f,0,4,f,0,4,f,0,59.582,gps,296040400,1765332149,36.4001187435,127.36124374866667,0.6400000000000001,0.0,0.0,0.0,0.6400000000000001,0.0,0.0,0.0,2.5600000000000005,1,1,1,0.1,0.0,0.0,0.0,0.0,0.0,0.1,0.0,0.0,0.0,0.0,0.0,0.0,0.0,0.1,0.0,0.0,0.0,0.0,0.0,0.0,0.1,0.0,0.0,0.0,0.0,0.0,0.0,0.0,0.1,0.0,0.0,0.0,0.1,0.0,0.0,0.0,0.0,0.0,-0.0005205043606879866,-0.0038422824598633803,1.0210558813309788e-05,8,d,gps,296755035,1765332149,-59.099999999999994,-2.033,1.039,0,0,-42.0,4,f,0,4,f,0,4,f,0,4,f,0,-15.690999984741211,-17.100000381469727,False,True,100.0,59.582,gps,196454077,1765332149,36.40011873933334,127.361243757,0.6400000000000001,0.0,0.0,0.0,0.6400000000000001,0.0,0.0,0.0,2.5600000000000005,1,1,1,0.1,0.0,0.0,0.0,0.0,0.0,0.1,0.0,0.0,0.0,0.0,0.0,0.0,0.0,0.1,0.0,0.0,0.0,0.0,0.0,0.0,0.1,0.0,0.0,0.0,0.0,0.0,0.0,0.0,0.1,0.0,0.0,0.0,0.1,0.0,0.0,0.0,0.0,0.0,-0.000520685434969944,-0.0038421548672553955,1.0210916382448445e-05,excavator_base,271133250,1765332149,True,50.0,False,80.7699966430664,-2.450000047683716,False,False,-14.0600004196167,-2.109999895095825,False,False,5.059999942779541,-10.5,False,excavator_base,271242862,1765332149,-15.651000022888184,False,0.0,0.0,0.0,0.0,0.0,0.0,0.0,0.0,0.0,excavator_base,271281810,1765332149,False,False,-15.651000022888184,0.0,0,False,,0,0,0.0,0.0,False,0.0,0.0,0.0,0,False,,0,0,False,0.0,0.0,0,default,2319.0,1292.0,False,954.0,529.0,False,1479.0,1005.0,False,excavator_base,271199017,1765332149,0.0,0.0,-15.651000022888184,False,True,True,True,0,False,True,0,excavator_base,271338328,1765332149,0,True,0.0,0.0,0.0,0,0,False,0,True,True,24.0,True,8,d,gps,297159013,1765332149,-59.099999999999994,-2.033,1.039,0,0,0.0,59.582,0.0,0.0,0.8,gps,297007253,1765332149,-59.099999999999994,36.4001187435,127.36124374866667,0,1,14,0.0,0.0,0,0,0.0,0.0,59.582,36.40011873933334,127.361243757,0.0,0.0,0.0,0.0,0.0,0.0,0.0,0.0,0.0,-59.06,base_link,256297362,1765332149,84.91899871826172,17.006999969482422,153.88099670410156,-15.651000022888184,0.0,-2.032,1.006,0.0,zedx_boom_imu_link,zedx_boom_left_camera_frame,199623195,1765332149,0.999992847442627,0.003616482252255082,0.0005469119059853256,-0.0009107014629989862,0.0,-0.03564900532364845,-0.00014700002793688327
1765332149200000000,-106.86199951171875,excavator_base_link,399995308,1765332149,3.314796876095964,-0.2536320429278843,0.0,0.0,0.0,0.0,0.0,127,0,0.0,369628035,1765332149,0.0,4,f,0,4,f,0,4,f,0,59.582,gps,396115254,1765332149,36.400118750666664,127.3612437465,0.6400000000000001,0.0,0.0,0.0,0.6400000000000001,0.0,0.0,0.0,2.5600000000000005,1,1,1,0.1,0.0,0.0,0.0,0.0,0.0,0.1,0.0,0.0,0.0,0.0,0.0,0.0,0.0,0.1,0.0,0.0,0.0,0.0,0.0,0.0,0.1,0.0,0.0,0.0,0.0,0.0,0.0,0.0,0.1,0.0,0.0,0.0,0.1,0.0,0.0,0.0,0.0,0.0,-0.0005202059392534622,-0.003842215191183229,1.021019893972745e-05,8,d,gps,396856996,1765332149,-59.06899999999999,-2.033,0.998,0,0,-41.968997955322266,4,f,0,4,f,0,4,f,0,4,f,0,-15.65999984741211,-17.100000381469727,False,True,100.0,59.582,gps,296040400,1765332149,36.4001187435,127.36124374866667,0.6400000000000001,0.0,0.0,0.0,0.6400000000000001,0.0,0.0,0.0,2.5600000000000005,1,1,1,0.1,0.0,0.0,0.0,0.0,0.0,0.1,0.0,0.0,0.0,0.0,0.0,0.0,0.0,0.1,0.0,0.0,0.0,0.0,0.0,0.0,0.1,0.0,0.0,0.0,0.0,0.0,0.0,0.0,0.1,0.0,0.0,0.0,0.1,0.0,0.0,0.0,0.0,0.0,-0.0005205043606879866,-0.0038422824598633803,1.0210558813309788e-05,excavator_base,371051896,1765332149,True,50.0,False,81.06999969482422,-2.440000057220459,False,False,-14.260000228881836,-2.180000066757202,False,False,7.139999866485596,-10.479999542236328,False,excavator_base,371172133,1765332149,-15.690999984741211,False,0.0,0.0,0.0,0.0,0.0,0.0,0.0,0.0,0.0,excavator_base,371210569,1765332149,False,False,-15.690999984741211,0.0,0,False,,0,0,0.0,0.0,False,0.0,0.0,0.0,0,False,,0,0,False,0.0,0.0,0,default,2420.0,1294.0,False,957.0,529.0,False,1480.0,1013.0,False,excavator_base,371129920,1765332149,0.0,0.0,-15.690999984741211,False,True,True,True,0,False,True,0,excavator_base,371271983,1765332149,0,True,0.0,0.0,0.0,0,0,False,0,True,True,24.0,True,8,d,gps,397300690,1765332149,-59.06899999999999,-2.033,0.998,0,0,0.0,59.582,0.0,0.0,0.8,gps,397117535,1765332149,-59.06899999999999,36.400118750666664,127.3612437465,0,1,14,0.0,0.0,0,0,0.0,0.0,59.582,36.4001187435,127.36124374866667,0.0,0.0,0.0,0.0,0.0,0.0,0.0,0.0,0.0,-59.099999999999994,base_link,356346485,1765332149,84.79900360107422,17.20800018310547,152.24099731445312,-15.690999984741211,0.0,-2.033,1.039,0.0,zedx_boom_imu_link,zedx_boom_left_camera_frame,290802592,1765332149,0.999992847442627,0.003616482252255082,0.0005469119059853256,-0.0009107014629989862,0.0,-0.03564900532364845,-0.00014700002793688327
1765332149300000000,-108.91200256347656,excavator_base_link,499016004,1765332149,3.269716988818167,-0.238734307529078,0.0,0.0,0.0,0.0,0.0,127,0,0.0,469482642,1765332149,0.0,4,f,0,4,f,0,4,f,0,59.582,gps,496123477,1765332149,36.400118755,127.3612437425,0.6400000000000001,0.0,0.0,0.0,0.6400000000000001,0.0,0.0,0.0,2.5600000000000005,1,1,1,0.1,0.0,0.0,0.0,0.0,0.0,0.1,0.0,0.0,0.0,0.0,0.0,0.0,0.0,0.1,0.0,0.0,0.0,0.0,0.0,0.0,0.1,0.0,0.0,0.0,0.0,0.0,0.0,0.0,0.1,0.0,0.0,0.0,0.1,0.0,0.0,0.0,0.0,0.0,-0.0005200182831942942,-0.0038422057468654298,1.0209839498586022e-05,8,d,gps,496817662,1765332149,-59.191,-2.024,1.008,0,0,-42.090999603271484,4,f,0,4,f,0,4,f,0,4,f,0,-15.781999588012695,-17.100000381469727,False,True,100.0,59.582,gps,396115254,1765332149,36.400118750666664,127.3612437465,0.6400000000000001,0.0,0.0,0.0,0.6400000000000001,0.0,0.0,0.0,2.5600000000000005,1,1,1,0.1,0.0,0.0,0.0,0.0,0.0,0.1,0.0,0.0,0.0,0.0,0.0,0.0,0.0,0.1,0.0,0.0,0.0,0.0,0.0,0.0,0.1,0.0,0.0,0.0,0.0,0.0,0.0,0.0,0.1,0.0,0.0,0.0,0.1,0.0,0.0,0.0,0.0,0.0,-0.0005202059392534622,-0.003842215191183229,1.021019893972745e-05,excavator_base,470917928,1765332149,True,50.0,False,81.68000030517578,-2.2300000190734863,False,False,-14.529999732971191,-2.0399999618530273,False,False,9.1899995803833,-10.279999732971191,False,excavator_base,471020819,1765332149,-15.65999984741211,False,0.0,0.0,0.0,0.0,0.0,0.0,0.0,0.0,0.0,excavator_base,471056919,1765332149,False,False,-15.65999984741211,0.0,0,False,,0,0,0.0,0.0,False,0.0,0.0,0.0,0,False,,0,0,False,0.0,0.0,0,default,2116.0,1289.0,False,955.0,529.0,False,1482.0,1011.0,False,excavator_base,470979631,1765332149,0.0,0.0,-15.65999984741211,False,True,True,True,0,False,True,0,excavator_base,471108284,1765332149,0,True,0.0,0.0,0.0,0,0,False,0,True,True,24.0,True,8,d,gps,497198246,1765332149,-59.191,-2.024,1.008,0,0,0.0,59.582,0.0,0.0,0.8,gps,497046454,1765332149,-59.191,36.400118755,127.3612437425,0,1,14,0.0,0.0,0,0,0.0,0.0,59.582,36.400118750666664,127.3612437465,0.0,0.0,0.0,0.0,0.0,0.0,0.0,0.0,0.0,-59.06899999999999,base_link,456562762,1765332149,83.91899871826172,17.47800064086914,150.74099731445312,-15.65999984741211,0.0,-2.033,0.998,0.0,zedx_boom_imu_link,zedx_boom_left_camera_frame,397527127,1765332149,0.999992847442627,0.003616482252255082,0.0005469119059853256,-0.0009107014629989862,0.0,-0.03564900532364845,-0.00014700002793688327
1765332149400000000,-110.29100036621094,excavator_base_link,601130591,1765332149,3.244582942790806,-0.22755705955880182,0.0,0.0,0.0,0.0,0.0,127,0,0.0,569412073,1765332149,0.0,4,f,0,4,f,0,4,f,0,59.582,gps,596092240,1765332149,36.400118758333335,127.361243729,0.6400000000000001,0.0,0.0,0.0,0.6400000000000001,0.0,0.0,0.0,2.5600000000000005,1,1,1,0.1,0.0,0.0,0.0,0.0,0.0,0.1,0.0,0.0,0.0,0.0,0.0,0.0,0.0,0.1,0.0,0.0,0.0,0.0,0.0,0.0,0.1,0.0,0.0,0.0,0.0,0.0,0.0,0.0,0.1,0.0,0.0,0.0,0.1,0.0,0.0,0.0,0.0,0.0,-0.0005198697296305505,-0.0038424951946152046,1.0209480308126e-05,8,d,gps,596925319,1765332149,-59.107,-2.037,1.039,0,0,-42.00699996948242,4,f,0,4,f,0,4,f,0,4,f,0,-15.697999954223633,-17.100000381469727,False,True,100.0,59.582,gps,496123477,1765332149,36.400118755,127.3612437425,0.6400000000000001,0.0,0.0,0.0,0.6400000000000001,0.0,0.0,0.0,2.5600000000000005,1,1,1,0.1,0.0,0.0,0.0,0.0,0.0,0.1,0.0,0.0,0.0,0.0,0.0,0.0,0.0,0.1,0.0,0.0,0.0,0.0,0.0,0.0,0.1,0.0,0.0,0.0,0.0,0.0,0.0,0.0,0.1,0.0,0.0,0.0,0.1,0.0,0.0,0.0,0.0,0.0,-0.0005200182831942942,-0.0038422057468654298,1.0209839498586022e-05,excavator_base,570945705,1765332149,True,50.0,False,81.87000274658203,-2.450000047683716,False,False,-14.6899995803833,-2.049999952316284,False,False,10.5600004196167,-10.520000457763672,False,excavator_base,571050772,1765332149,-15.781999588012695,False,0.0,0.0,0.0,0.0,0.0,0.0,0.0,0.0,0.0,excavator_base,571085240,1765332149,False,False,-15.781999588012695,0.0,0,False,,0,0,0.0,0.0,False,0.0,0.0,0.0,0,False,,0,0,False,0.0,0.0,0,default,2094.0,1293.0,False,958.0,524.0,False,1485.0,1005.0,False,excavator_base,571008848,1765332149,0.0,0.0,-15.781999588012695,False,True,True,True,0,False,True,0,excavator_base,571137565,1765332149,0,True,0.0,0.0,0.0,0,0,False,0,True,True,24.0,True,8,d,gps,597350420,1765332149,-59.107,-2.037,1.039,0,0,0.0,59.582,0.0,0.0,0.8,gps,597194884,1765332149,-59.107,36.400118758333335,127.361243729,0,1,14,0.0,0.0,0,0,0.0,0.0,59.582,36.400118755,127.3612437425,0.0,0.0,0.0,0.0,0.0,0.0,0.0,0.0,0.0,-59.191,base_link,556474911,1765332149,83.33899688720703,17.628999710083008,149.43099975585938,-15.781999588012695,0.0,-2.024,1.008,0.0,zedx_boom_imu_link,zedx_boom_left_camera_frame,498967239,1765332149,0.999992847442627,0.003616482252255082,0.0005469119059853256,-0.0009107014629989862,0.0,-0.03564900532364845,-0.00014700002793688327
1765332149500000000,-111.84800720214844,excavator_base_link,699571098,1765332149,3.2149680152604025,-0.21702937862449506,0.0,0.0,0.0,0.0,0.0,127,0,0.0,669426281,1765332149,0.0,4,f,0,4,f,0,4,f,0,59.582,gps,696066156,1765332149,36.400118760333335,127.36124372183333,0.6400000000000001,0.0,0.0,0.0,0.6400000000000001,0.0,0.0,0.0,2.5600000000000005,1,1,1,0.1,0.0,0.0,0.0,0.0,0.0,0.1,0.0,0.0,0.0,0.0,0.0,0.0,0.0,0.1,0.0,0.0,0.0,0.0,0.0,0.0,0.1,0.0,0.0,0.0,0.0,0.0,0.0,0.0,0.1,0.0,0.0,0.0,0.1,0.0,0.0,0.0,0.0,0.0,-0.0005197732765968,-0.003842585338454488,1.0209120914151989e-05,8,d,gps,696760340,1765332149,-58.962999999999994,-2.032,1.068,0,0,-41.862998962402344,4,f,0,4,f,0,4,f,0,4,f,0,-15.553999900817871,-17.100000381469727,False,True,100.0,59.582,gps,596092240,1765332149,36.400118758333335,127.361243729,0.6400000000000001,0.0,0.0,0.0,0.6400000000000001,0.0,0.0,0.0,2.5600000000000005,1,1,1,0.1,0.0,0.0,0.0,0.0,0.0,0.1,0.0,0.0,0.0,0.0,0.0,0.0,0.0,0.1,0.0,0.0,0.0,0.0,0.0,0.0,0.1,0.0,0.0,0.0,0.0,0.0,0.0,0.0,0.1,0.0,0.0,0.0,0.1,0.0,0.0,0.0,0.0,0.0,-0.0005198697296305505,-0.0038424951946152046,1.0209480308126e-05,excavator_base,670937639,1765332149,True,50.0,False,82.19999694824219,-2.630000114440918,False,False,-14.789999961853027,-2.2300000190734863,False,False,12.130000114440918,-10.729999542236328,False,excavator_base,671038449,1765332149,-15.697999954223633,False,0.0,0.0,0.0,0.0,0.0,0.0,0.0,0.0,0.0,excavator_base,671074741,1765332149,False,False,-15.697999954223633,0.0,0,False,,0,0,0.0,0.0,False,0.0,0.0,0.0,0,False,,0,0,False,0.0,0.0,0,default,2225.0,1293.0,False,955.0,524.0,False,1485.0,1007.0,False,excavator_base,670999469,1765332149,0.0,0.0,-15.697999954223633,False,True,True,True,0,False,True,0,excavator_base,671124634,1765332149,0,True,0.0,0.0,0.0,0,0,False,0,True,True,24.0,True,8,d,gps,697307502,1765332149,-58.962999999999994,-2.032,1.068,0,0,0.0,59.582,0.0,0.0,0.8,gps,696995725,1765332149,-58.962999999999994,36.400118760333335,127.36124372183333,0,1,14,0.0,0.0,0,0,0.0,0.0,59.582,36.400118758333335,127.361243729,0.0,0.0,0.0,0.0,0.0,0.0,0.0,0.0,0.0,-59.107,base_link,656469597,1765332149,83.01899719238281,17.742000579833984,148.24099731445312,-15.697999954223633,0.0,-2.037,1.039,0.0,zedx_boom_imu_link,zedx_boom_left_camera_frame,590133231,1765332149,0.999992847442627,0.003616482252255082,0.0005469119059853256,-0.0009107014629989862,0.0,-0.03564900532364845,-0.00014700002793688327
1765332149600000000,-113.40300750732422,excavator_base_link,798730785,1765332149,3.183527271094048,-0.20316011043099708,0.0,0.0,0.0,0.0,0.0,127,0,0.0,769469963,1765332149,0.0,4,f,0,4,f,0,4,f,0,59.582,gps,796162900,1765332149,36.400118765833334,127.36124371333334,0.6400000000000001,0.0,0.0,0.0,0.6400000000000001,0.0,0.0,0.0,2.5600000000000005,1,1,1,0.1,0.0,0.0,0.0,0.0,0.0,0.1,0.0,0.0,0.0,0.0,0.0,0.0,0.0,0.1,0.0,0.0,0.0,0.0,0.0,0.0,0.1,0.0,0.0,0.0,0.0,0.0,0.0,0.0,0.1,0.0,0.0,0.0,0.1,0.0,0.0,0.0,0.0,0.0,-0.000519540048151296,-0.003842717262231159,1.0208761151343915e-05,8,d,gps,796890048,1765332149,-58.93899999999999,-2.028,1.075,0,0,-41.8390007019043,4,f,0,4,f,0,4,f,0,4,f,0,-15.529999732971191,-17.100000381469727,False,True,100.0,59.582,gps,696066156,1765332149,36.400118760333335,127.36124372183333,0.6400000000000001,0.0,0.0,0.0,0.6400000000000001,0.0,0.0,0.0,2.5600000000000005,1,1,1,0.1,0.0,0.0,0.0,0.0,0.0,0.1,0.0,0.0,0.0,0.0,0.0,0.0,0.0,0.1,0.0,0.0,0.0,0.0,0.0,0.0,0.1,0.0,0.0,0.0,0.0,0.0,0.0,0.0,0.1,0.0,0.0,0.0,0.1,0.0,0.0,0.0,0.0,0.0,-0.0005197732765968,-0.003842585338454488,1.0209120914151989e-05,excavator_base,771405686,1765332149,True,50.0,False,82.55999755859375,-2.5399999618530273,False,False,-14.90999984741211,-2.1600000858306885,False,False,13.680000305175781,-10.65999984741211,False,excavator_base,771509345,1765332149,-15.553999900817871,False,0.0,0.0,0.0,0.0,0.0,0.0,0.0,0.0,0.0,excavator_base,771545764,1765332149,False,False,-15.553999900817871,0.0,0,False,,0,0,0.0,0.0,False,0.0,0.0,0.0,0,False,,0,0,False,0.0,0.0,0,default,2184.0,1296.0,False,958.0,524.0,False,1486.0,1008.0,False,excavator_base,771468668,1765332149,0.0,0.0,-15.553999900817871,False,True,True,True,0,False,True,0,excavator_base,771597066,1765332149,0,True,0.0,0.0,0.0,0,0,False,0,True,True,24.0,True,8,d,gps,797297675,1765332149,-58.93899999999999,-2.028,1.075,0,0,0.0,59.582,0.0,0.0,0.8,gps,797138810,1765332149,-58.93899999999999,36.400118765833334,127.36124371333334,0,1,14,0.0,0.0,0,0,0.0,0.0,59.582,36.400118760333335,127.36124372183333,0.0,0.0,0.0,0.0,0.0,0.0,0.0,0.0,0.0,-58.962999999999994,base_link,756472571,1765332149,82.47899627685547,17.85700035095215,147.01100158691406,-15.553999900817871,0.0,-2.032,1.068,0.0,zedx_boom_imu_link,zedx_boom_left_camera_frame,697000426,1765332149,0.999992847442627,0.003616482252255082,0.0005469119059853256,-0.0009107014629989862,0.0,-0.03564900532364845,-0.00014700002793688327
1765332149700000000,-114.97699737548828,excavator_base_link,898670777,1765332149,3.1510662802993594,-0.18998824311560214,0.0,0.0,0.0,0.0,0.0,127,0,0.0,869491468,1765332149,0.0,4,f,0,4,f,0,4,f,0,59.582,gps,896048742,1765332149,36.400118767833334,127.36124370483333,0.6400000000000001,0.0,0.0,0.0,0.6400000000000001,0.0,0.0,0.0,2.5600000000000005,1,1,1,0.1,0.0,0.0,0.0,0.0,0.0,0.1,0.0,0.0,0.0,0.0,0.0,0.0,0.0,0.1,0.0,0.0,0.0,0.0,0.0,0.0,0.1,0.0,0.0,0.0,0.0,0.0,0.0,0.0,0.1,0.0,0.0,0.0,0.1,0.0,0.0,0.0,0.0,0.0,-0.0005194436389756665,-0.00384284951403852,1.0208402308344773e-05,8,d,gps,896690505,1765332149,-58.912000000000006,-2.031,1.095,0,0,-41.8390007019043,4,f,0,4,f,0,4,f,0,4,f,0,-15.529999732971191,-17.100000381469727,False,True,100.0,59.582,gps,796162900,1765332149,36.400118765833334,127.36124371333334,0.6400000000000001,0.0,0.0,0.0,0.6400000000000001,0.0,0.0,0.0,2.5600000000000005,1,1,1,0.1,0.0,0.0,0.0,0.0,0.0,0.1,0.0,0.0,0.0,0.0,0.0,0.0,0.0,0.1,0.0,0.0,0.0,0.0,0.0,0.0,0.1,0.0,0.0,0.0,0.0,0.0,0.0,0.0,0.1,0.0,0.0,0.0,0.1,0.0,0.0,0.0,0.0,0.0,-0.000519540048151296,-0.003842717262231159,1.0208761151343915e-05,excavator_base,871081874,1765332149,True,50.0,False,82.9800033569336,-2.559999942779541,False,False,-15.079999923706055,-2.140000104904175,False,False,15.25,-10.649999618530273,False,excavator_base,871184221,1765332149,-15.529999732971191,False,0.0,0.0,0.0,0.0,0.0,0.0,0.0,0.0,0.0,excavator_base,871218688,1765332149,False,False,-15.529999732971191,0.0,0,False,,0,0,0.0,0.0,False,0.0,0.0,0.0,0,False,,0,0,False,0.0,0.0,0,default,2167.0,1297.0,False,960.0,524.0,False,1485.0,1011.0,False,excavator_base,871142905,1765332149,0.0,0.0,-15.529999732971191,False,True,True,True,0,False,True,0,excavator_base,871268934,1765332149,0,True,0.0,0.0,0.0,0,0,False,0,True,True,24.0,True,8,d,gps,897058352,1765332149,-58.912000000000006,-2.031,1.095,0,0,0.0,59.582,0.0,0.0,0.8,gps,896912129,1765332149,-58.912000000000006,36.400118767833334,127.36124370483333,0,1,14,0.0,0.0,0,0,0.0,0.0,59.582,36.400118765833334,127.36124371333334,0.0,0.0,0.0,0.0,0.0,0.0,0.0,0.0,0.0,-58.93899999999999,base_link,856790875,1765332149,81.90899658203125,18.023000717163086,145.86099243164062,-15.529999732971191,0.0,-2.028,1.075,0.0,zedx_boom_imu_link,zedx_boom_left_camera_frame,798682474,1765332149,0.999992847442627,0.003616482252255082,0.0005469119059853256,-0.0009107014629989862,0.0,-0.03564900532364845,-0.00014700002793688327
1765332149800000000,-116.43400573730469,excavator_base_link,998707899,1765332149,3.1202949756705594,-0.17621469370478848,0.0,0.0,0.0,0.0,0.0,127,0,0.0,969486665,1765332149,0.0,4,f,0,4,f,0,4,f,0,59.582,gps,996099914,1765332149,36.40011877133333,127.36124370016667,0.6400000000000001,0.0,0.0,0.0,0.6400000000000001,0.0,0.0,0.0,2.5600000000000005,1,1,1,0.1,0.0,0.0,0.0,0.0,0.0,0.1,0.0,0.0,0.0,0.0,0.0,0.0,0.0,0.1,0.0,0.0,0.0,0.0,0.0,0.0,0.1,0.0,0.0,0.0,0.0,0.0,0.0,0.0,0.1,0.0,0.0,0.0,0.1,0.0,0.0,0.0,0.0,0.0,-0.0005192885806715436,-0.0038428608487138067,1.0208042552488905e-05,8,d,gps,997572388,1765332149,-58.882000000000005,-2.033,1.101,0,0,-41.78200149536133,4,f,0,4,f,0,4,f,0,4,f,0,-15.472999572753906,-17.100000381469727,False,True,100.0,59.582,gps,896048742,1765332149,36.400118767833334,127.36124370483333,0.6400000000000001,0.0,0.0,0.0,0.6400000000000001,0.0,0.0,0.0,2.5600000000000005,1,1,1,0.1,0.0,0.0,0.0,0.0,0.0,0.1,0.0,0.0,0.0,0.0,0.0,0.0,0.0,0.1,0.0,0.0,0.0,0.0,0.0,0.0,0.1,0.0,0.0,0.0,0.0,0.0,0.0,0.0,0.1,0.0,0.0,0.0,0.1,0.0,0.0,0.0,0.0,0.0,-0.0005194436389756665,-0.00384284951403852,1.0208402308344773e-05,excavator_base,971225407,1765332149,True,50.0,False,83.4000015258789,-2.6600000858306885,False,False,-15.199999809265137,-2.2100000381469727,False,False,16.709999084472656,-10.75,False,excavator_base,971331178,1765332149,-15.503000259399414,False,0.0,0.0,0.0,0.0,0.0,0.0,0.0,0.0,0.0,excavator_base,971368782,1765332149,False,False,-15.503000259399414,0.0,0,False,,0,0,0.0,0.0,False,0.0,0.0,0.0,0,False,,0,0,False,0.0,0.0,0,default,2154.0,1298.0,False,961.0,524.0,False,1483.0,1005.0,False,excavator_base,971288294,1765332149,0.0,0.0,-15.503000259399414,False,True,True,True,0,False,True,0,excavator_base,971420948,1765332149,0,True,0.0,0.0,0.0,0,0,False,0,True,True,24.0,True,8,d,gps,998101787,1765332149,-58.882000000000005,-2.033,1.101,0,0,0.0,59.582,0.0,0.0,0.8,gps,997912615,1765332149,-58.882000000000005,36.40011877133333,127.36124370016667,0,1,14,0.0,0.0,0,0,0.0,0.0,59.582,36.400118767833334,127.36124370483333,0.0,0.0,0.0,0.0,0.0,0.0,0.0,0.0,0.0,-58.912000000000006,base_link,956467223,1765332149,81.3290023803711,18.145999908447266,144.7310028076172,-15.503000259399414,0.0,-2.031,1.095,0.0,zedx_boom_imu_link,zedx_boom_left_camera_frame,895016048,1765332149,0.999992847442627,0.003616482252255082,0.0005469119059853256,-0.0009107014629989862,0.0,-0.03564900532364845,-0.00014700002793688327
1765332149900000000,-117.66200256347656,excavator_base_link,102923634,1765332150,3.095884238173712,-0.16211592939140473,0.0,0.0,0.0,0.0,0.0,127,0,0.0,70201170,1765332150,0.0,4,f,0,4,f,0,4,f,0,59.582,gps,96236374,1765332150,36.4001187775,127.3612436945,0.6400000000000001,0.0,0.0,0.0,0.6400000000000001,0.0,0.0,0.0,2.5600000000000005,1,1,1,0.1,0.0,0.0,0.0,0.0,0.0,0.1,0.0,0.0,0.0,0.0,0.0,0.0,0.0,0.1,0.0,0.0,0.0,0.0,0.0,0.0,0.1,0.0,0.0,0.0,0.0,0.0,0.0,0.0,0.1,0.0,0.0,0.0,0.1,0.0,0.0,0.0,0.0,0.0,-0.0005190293494902196,-0.003842903667122819,1.0207682919645094e-05,8,d,gps,96924606,1765332150,-58.91900000000001,-2.023,1.108,0,0,-41.819000244140625,4,f,0,4,f,0,4,f,0,4,f,0,-15.510000228881836,-17.100000381469727,False,True,100.0,59.582,gps,996099914,1765332149,36.40011877133333,127.36124370016667,0.6400000000000001,0.0,0.0,0.0,0.6400000000000001,0.0,0.0,0.0,2.5600000000000005,1,1,1,0.1,0.0,0.0,0.0,0.0,0.0,0.1,0.0,0.0,0.0,0.0,0.0,0.0,0.0,0.1,0.0,0.0,0.0,0.0,0.0,0.0,0.1,0.0,0.0,0.0,0.0,0.0,0.0,0.0,0.1,0.0,0.0,0.0,0.1,0.0,0.0,0.0,0.0,0.0,-0.0005192885806715436,-0.0038428608487138067,1.0208042552488905e-05,excavator_base,70969475,1765332150,True,50.0,False,83.66999816894531,-2.5199999809265137,False,False,-15.390000343322754,-2.2100000381469727,False,False,17.940000534057617,-10.550000190734863,False,excavator_base,71080654,1765332150,-15.472999572753906,False,0.0,0.0,0.0,0.0,0.0,0.0,0.0,0.0,0.0,excavator_base,71119795,1765332150,False,False,-15.472999572753906,0.0,0,False,,0,0,0.0,0.0,False,0.0,0.0,0.0,0,False,,0,0,False,0.0,0.0,0,default,2211.0,1297.0,False,968.0,527.0,False,1487.0,999.0,False,excavator_base,71034858,1765332150,0.0,0.0,-15.472999572753906,False,True,True,True,0,False,True,0,excavator_base,71175416,1765332150,0,True,0.0,0.0,0.0,0,0,False,0,True,True,24.0,True,8,d,gps,97284676,1765332150,-58.91900000000001,-2.023,1.108,0,0,0.0,59.582,0.0,0.0,0.8,gps,97138933,1765332150,-58.91900000000001,36.4001187775,127.3612436945,0,1,14,0.0,0.0,0,0,0.0,0.0,59.582,36.40011877133333,127.36124370016667,0.0,0.0,0.0,0.0,0.0,0.0,0.0,0.0,0.0,-58.882000000000005,base_link,56364043,1765332150,80.89900207519531,18.33799934387207,143.7310028076172,-15.472999572753906,0.0,-2.033,1.101,0.0,zedx_boom_imu_link,zedx_boom_left_camera_frame,996723915,1765332149,0.999992847442627,0.003616482252255082,0.0005469119059853256,-0.0009107014629989862,0.0,-0.03564900532364845,-0.00014700002793688327
1765332150000000000,-118.9419937133789,excavator_base_link,200181489,1765332150,3.068984300748704,-0.14811298526899225,0.0,0.0,0.0,0.0,0.0,127,0,0.0,169481125,1765332150,0.0,4,f,0,4,f,0,4,f,0,59.582,gps,196130121,1765332150,36.4001187825,127.36124369433334,0.6400000000000001,0.0,0.0,0.0,0.6400000000000001,0.0,0.0,0.0,2.5600000000000005,1,1,1,0.1,0.0,0.0,0.0,0.0,0.0,0.1,0.0,0.0,0.0,0.0,0.0,0.0,0.0,0.1,0.0,0.0,0.0,0.0,0.0,0.0,0.1,0.0,0.0,0.0,0.0,0.0,0.0,0.0,0.1,0.0,0.0,0.0,0.1,0.0,0.0,0.0,0.0,0.0,-0.0005188157415982554,-0.003842773705506792,1.0207323789253153e-05,8,d,gps,196889113,1765332150,-59.06,-2.011,1.147,0,0,-41.959999084472656,4,f,0,4,f,0,4,f,0,4,f,0,-15.651000022888184,-17.100000381469727,False,True,100.0,59.582,gps,96236374,1765332150,36.4001187775,127.3612436945,0.6400000000000001,0.0,0.0,0.0,0.6400000000000001,0.0,0.0,0.0,2.5600000000000005,1,1,1,0.1,0.0,0.0,0.0,0.0,0.0,0.1,0.0,0.0,0.0,0.0,0.0,0.0,0.0,0.1,0.0,0.0,0.0,0.0,0.0,0.0,0.1,0.0,0.0,0.0,0.0,0.0,0.0,0.0,0.1,0.0,0.0,0.0,0.1,0.0,0.0,0.0,0.0,0.0,-0.0005190293494902196,-0.003842903667122819,1.0207682919645094e-05,excavator_base,171973162,1765332150,True,50.0,False,84.0199966430664,-2.2300000190734863,False,False,-15.520000457763672,-1.9900000095367432,False,False,19.209999084472656,-10.260000228881836,False,excavator_base,172075829,1765332150,-15.510000228881836,False,0.0,0.0,0.0,0.0,0.0,0.0,0.0,0.0,0.0,excavator_base,172110552,1765332150,False,False,-15.510000228881836,0.0,0,False,,0,0,0.0,0.0,False,0.0,0.0,0.0,0,False,,0,0,False,0.0,0.0,0,default,2201.0,1298.0,False,1038.0,527.0,False,1489.0,1010.0,False,excavator_base,172034512,1765332150,0.0,0.0,-15.510000228881836,False,True,True,True,0,False,True,0,excavator_base,172160510,1765332150,0,True,0.0,0.0,0.0,0,0,False,0,True,True,24.0,True,8,d,gps,197364427,1765332150,-59.06,-2.011,1.147,0,0,0.0,59.582,0.0,0.0,0.8,gps,197168726,1765332150,-59.06,36.4001187825,127.36124369433334,0,1,14,0.0,0.0,0,0,0.0,0.0,59.582,36.4001187775,127.3612436945,0.0,0.0,0.0,0.0,0.0,0.0,0.0,0.0,0.0,-58.91900000000001,base_link,158906931,1765332150,80.3290023803711,18.45800018310547,142.80099487304688,-15.510000228881836,0.0,-2.023,1.108,0.0,zedx_boom_imu_link,zedx_boom_left_camera_frame,92928491,1765332150,0.999992847442627,0.003616482252255082,0.0005469119059853256,-0.0009107014629989862,0.0,-0.03564900532364845,-0.00014700002793688327
1765332150100000000,-121.27399444580078,excavator_base_link,298715094,1765332150,3.013869577605242,-0.1264481963816553,0.0,0.0,0.0,0.0,0.0,127,0,0.0,269640052,1765332150,0.0,4,f,0,4,f,0,4,f,0,59.582,gps,296131592,1765332150,36.4001187905,127.36124369316667,0.6400000000000001,0.0,0.0,0.0,0.6400000000000001,0.0,0.0,0.0,2.5600000000000005,1,1,1,0.1,0.0,0.0,0.0,0.0,0.0,0.1,0.0,0.0,0.0,0.0,0.0,0.0,0.0,0.1,0.0,0.0,0.0,0.0,0.0,0.0,0.1,0.0,0.0,0.0,0.0,0.0,0.0,0.0,0.1,0.0,0.0,0.0,0.1,0.0,0.0,0.0,0.0,0.0,-0.0005184849550216289,-0.003842675274673873,1.0206964886268139e-05,8,d,gps,296773323,1765332150,-59.07300000000001,-2.005,1.1,0,0,-41.15999984741211,4,f,0,4,f,0,4,f,0,4,f,0,-15.651000022888184,-17.899999618530273,False,True,100.0,59.582,gps,196130121,1765332150,36.4001187825,127.36124369433334,0.6400000000000001,0.0,0.0,0.0,0.6400000000000001,0.0,0.0,0.0,2.5600000000000005,1,1,1,0.1,0.0,0.0,0.0,0.0,0.0,0.1,0.0,0.0,0.0,0.0,0.0,0.0,0.0,0.1,0.0,0.0,0.0,0.0,0.0,0.0,0.1,0.0,0.0,0.0,0.0,0.0,0.0,0.0,0.1,0.0,0.0,0.0,0.1,0.0,0.0,0.0,0.0,0.0,-0.0005188157415982554,-0.003842773705506792,1.0207323789253153e-05,excavator_base,271089740,1765332150,True,50.0,False,85.0,-2.2200000286102295,False,False,-15.760000228881836,-1.9500000476837158,False,False,21.530000686645508,-10.279999732971191,False,excavator_base,271194903,1765332150,-15.651000022888184,False,0.0,0.0,0.0,0.0,0.0,0.0,0.0,0.0,0.0,excavator_base,271230138,1765332150,False,False,-15.651000022888184,0.0,0,False,,0,0,0.0,0.0,False,0.0,0.0,0.0,0,False,,0,0,False,0.0,0.0,0,default,2214.0,1300.0,False,1152.0,527.0,False,1492.0,1006.0,False,excavator_base,271152914,1765332150,0.0,0.0,-15.651000022888184,False,True,True,True,0,False,True,0,excavator_base,271281728,1765332150,0,True,0.0,0.0,0.0,0,0,False,0,True,True,24.0,True,8,d,gps,297140369,1765332150,-59.07300000000001,-2.005,1.1,0,0,0.0,59.582,0.0,0.0,0.8,gps,296994466,1765332150,-59.07300000000001,36.4001187905,127.36124369316667,0,1,14,0.0,0.0,0,0,0.0,0.0,59.582,36.4001187825,127.36124369433334,0.0,0.0,0.0,0.0,0.0,0.0,0.0,0.0,0.0,-59.06,base_link,256266653,1765332150,79.7490005493164,18.68600082397461,141.71099853515625,-15.651000022888184,0.0,-2.011,1.147,0.0,zedx_boom_imu_link,zedx_boom_left_camera_frame,199364323,1765332150,0.999992847442627,0.003616482252255082,0.0005469119059853256,-0.0009107014629989862,0.0,-0.03564900532364845,-0.00014700002793688327
1765332150200000000,-123.56000518798828,excavator_base_link,399922739,1765332150,2.9554947978338086,-0.1051167863459807,0.0,0.0,0.0,0.0,0.0,127,0,0.0,369444702,1765332150,0.0,4,f,0,4,f,0,4,f,0,59.582,gps,396131174,1765332150,36.400118783,127.361243694,0.6400000000000001,0.0,0.0,0.0,0.6400000000000001,0.0,0.0,0.0,2.5600000000000005,1,1,1,0.1,0.0,0.0,0.0,0.0,0.0,0.1,0.0,0.0,0.0,0.0,0.0,0.0,0.0,0.1,0.0,0.0,0.0,0.0,0.0,0.0,0.1,0.0,0.0,0.0,0.0,0.0,0.0,0.0,0.1,0.0,0.0,0.0,0.1,0.0,0.0,0.0,0.0,0.0,-0.0005187596899427953,-0.003842513703253485,1.020660531907462e-05,8,d,gps,396901078,1765332150,-58.87299999999999,-2.037,1.161,0,0,-41.472999572753906,4,f,0,4,f,0,4,f,0,4,f,0,-15.663999557495117,-17.600000381469727,False,True,100.0,59.582,gps,296131592,1765332150,36.4001187905,127.36124369316667,0.6400000000000001,0.0,0.0,0.0,0.6400000000000001,0.0,0.0,0.0,2.5600000000000005,1,1,1,0.1,0.0,0.0,0.0,0.0,0.0,0.1,0.0,0.0,0.0,0.0,0.0,0.0,0.0,0.1,0.0,0.0,0.0,0.0,0.0,0.0,0.1,0.0,0.0,0.0,0.0,0.0,0.0,0.0,0.1,0.0,0.0,0.0,0.1,0.0,0.0,0.0,0.0,0.0,-0.0005184849550216289,-0.003842675274673873,1.0206964886268139e-05,excavator_base,370938970,1765332150,True,50.0,False,86.19000244140625,-2.7200000286102295,False,False,-15.9399995803833,-2.240000009536743,False,False,23.809999465942383,-10.819999694824219,False,excavator_base,371043269,1765332150,-15.663999557495117,False,0.0,0.0,0.0,0.0,0.0,0.0,0.0,0.0,0.0,excavator_base,371079497,1765332150,False,False,-15.663999557495117,0.0,0,False,,0,0,0.0,0.0,False,0.0,0.0,0.0,0,False,,0,0,False,0.0,0.0,0,default,1811.0,1301.0,False,1260.0,527.0,False,1489.0,1022.0,False,excavator_base,371002561,1765332150,0.0,0.0,-15.663999557495117,False,True,True,True,0,False,True,0,excavator_base,371133775,1765332150,0,True,0.0,0.0,0.0,0,0,False,0,True,True,24.0,True,8,d,gps,397281086,1765332150,-58.87299999999999,-2.037,1.161,0,0,0.0,59.582,0.0,0.0,0.8,gps,397136175,1765332150,-58.87299999999999,36.400118783,127.361243694,0,1,14,0.0,0.0,0,0,0.0,0.0,59.582,36.4001187905,127.36124369316667,0.0,0.0,0.0,0.0,0.0,0.0,0.0,0.0,0.0,-59.07300000000001,base_link,356482194,1765332150,78.13899993896484,18.860000610351562,140.39100646972656,-15.663999557495117,0.0,-2.005,1.1,0.0,zedx_boom_imu_link,zedx_boom_left_camera_frame,296463606,1765332150,0.999992847442627,0.003616482252255082,0.0005469119059853256,-0.0009107014629989862,0.0,-0.03564900532364845,-0.00014700002793688327
1765332150300000000,-125.12800598144531,excavator_base_link,499105275,1765332150,2.9173888997331487,-0.08335481062358452,0.0,0.0,0.0,0.0,0.0,127,0,0.0,469487521,1765332150,0.0,4,f,0,4,f,0,4,f,0,59.582,gps,496188522,1765332150,36.40011878083333,127.36124368883333,0.6400000000000001,0.0,0.0,0.0,0.6400000000000001,0.0,0.0,0.0,2.5600000000000005,1,1,1,0.1,0.0,0.0,0.0,0.0,0.0,0.1,0.0,0.0,0.0,0.0,0.0,0.0,0.0,0.1,0.0,0.0,0.0,0.0,0.0,0.0,0.1,0.0,0.0,0.0,0.0,0.0,0.0,0.0,0.1,0.0,0.0,0.0,0.1,0.0,0.0,0.0,0.0,0.0,-0.0005188260753407275,-0.0038425409344414008,1.0206246126622798e-05,8,d,gps,496860016,1765332150,-58.90299999999999,-2.016,1.222,0,0,-41.27299880981445,4,f,0,4,f,0,4,f,0,4,f,0,-15.46399974822998,-17.600000381469727,False,True,100.0,59.582,gps,396131174,1765332150,36.400118783,127.361243694,0.6400000000000001,0.0,0.0,0.0,0.6400000000000001,0.0,0.0,0.0,2.5600000000000005,1,1,1,0.1,0.0,0.0,0.0,0.0,0.0,0.1,0.0,0.0,0.0,0.0,0.0,0.0,0.0,0.1,0.0,0.0,0.0,0.0,0.0,0.0,0.1,0.0,0.0,0.0,0.0,0.0,0.0,0.0,0.1,0.0,0.0,0.0,0.1,0.0,0.0,0.0,0.0,0.0,-0.0005187596899427953,-0.003842513703253485,1.020660531907462e-05,excavator_base,470989022,1765332150,True,50.0,False,86.88999938964844,-2.740000009536743,False,False,-16.100000381469727,-2.309999942779541,False,False,25.40999984741211,-10.829999923706055,False,excavator_base,471098473,1765332150,-15.46399974822998,False,0.0,0.0,0.0,0.0,0.0,0.0,0.0,0.0,0.0,excavator_base,471137293,1765332150,False,False,-15.46399974822998,0.0,0,False,,0,0,0.0,0.0,False,0.0,0.0,0.0,0,False,,0,0,False,0.0,0.0,0,default,1920.0,1300.0,False,1351.0,527.0,False,1492.0,1009.0,False,excavator_base,471053540,1765332150,0.0,0.0,-15.46399974822998,False,True,True,True,0,False,True,0,excavator_base,471195187,1765332150,0,True,0.0,0.0,0.0,0,0,False,0,True,True,24.0,True,8,d,gps,497242424,1765332150,-58.90299999999999,-2.016,1.222,0,0,0.0,59.582,0.0,0.0,0.8,gps,497093257,1765332150,-58.90299999999999,36.40011878083333,127.36124368883333,0,1,14,0.0,0.0,0,0,0.0,0.0,59.582,36.400118783,127.361243694,0.0,0.0,0.0,0.0,0.0,0.0,0.0,0.0,0.0,-58.87299999999999,base_link,456303869,1765332150,77.12899780273438,19.052000045776367,139.4409942626953,-15.46399974822998,0.0,-2.037,1.161,0.0,zedx_boom_imu_link,zedx_boom_left_camera_frame,392783235,1765332150,0.999992847442627,0.003616482252255082,0.0005469119059853256,-0.0009107014629989862,0.0,-0.03564900532364845,-0.00014700002793688327
1765332150400000000,-126.69898986816406,excavator_base_link,598690766,1765332150,2.8773719953090486,-0.05159402334387505,0.0,0.0,0.0,0.0,0.0,127,0,0.0,569799839,1765332150,0.0,4,f,0,4,f,0,4,f,0,59.582,gps,596278482,1765332150,36.4001187895,127.36124369016666,0.6400000000000001,0.0,0.0,0.0,0.6400000000000001,0.0,0.0,0.0,2.5600000000000005,1,1,1,0.1,0.0,0.0,0.0,0.0,0.0,0.1,0.0,0.0,0.0,0.0,0.0,0.0,0.0,0.1,0.0,0.0,0.0,0.0,0.0,0.0,0.1,0.0,0.0,0.0,0.0,0.0,0.0,0.0,0.1,0.0,0.0,0.0,0.1,0.0,0.0,0.0,0.0,0.0,-0.0005184692441697833,-0.0038423636456408833,1.0205886580095286e-05,8,d,gps,596945720,1765332150,-58.965,-2.012,1.203,0,0,-42.165000915527344,4,f,0,4,f,0,4,f,0,4,f,0,-15.555999755859375,-16.799999237060547,False,True,100.0,59.582,gps,496188522,1765332150,36.40011878083333,127.36124368883333,0.6400000000000001,0.0,0.0,0.0,0.6400000000000001,0.0,0.0,0.0,2.5600000000000005,1,1,1,0.1,0.0,0.0,0.0,0.0,0.0,0.1,0.0,0.0,0.0,0.0,0.0,0.0,0.0,0.1,0.0,0.0,0.0,0.0,0.0,0.0,0.1,0.0,0.0,0.0,0.0,0.0,0.0,0.0,0.1,0.0,0.0,0.0,0.1,0.0,0.0,0.0,0.0,0.0,-0.0005188260753407275,-0.0038425409344414008,1.0206246126622798e-05,excavator_base,570918228,1765332150,True,50.0,False,87.48999786376953,-2.619999885559082,False,False,-16.469999313354492,-2.2100000381469727,False,False,26.959999084472656,-10.670000076293945,False,excavator_base,571021695,1765332150,-15.494000434875488,False,0.0,0.0,0.0,0.0,0.0,0.0,0.0,0.0,0.0,excavator_base,571055779,1765332150,False,False,-15.494000434875488,0.0,0,False,,0,0,0.0,0.0,False,0.0,0.0,0.0,0,False,,0,0,False,0.0,0.0,0,default,1936.0,1302.0,False,1487.0,526.0,False,1492.0,1013.0,False,excavator_base,570982747,1765332150,0.0,0.0,-15.494000434875488,False,True,True,True,0,False,True,0,excavator_base,571109320,1765332150,0,True,0.0,0.0,0.0,0,0,False,0,True,True,24.0,True,8,d,gps,597306781,1765332150,-58.965,-2.012,1.203,0,0,0.0,59.582,0.0,0.0,0.8,gps,597160558,1765332150,-58.965,36.4001187895,127.36124369016666,0,1,14,0.0,0.0,0,0,0.0,0.0,59.582,36.40011878083333,127.36124368883333,0.0,0.0,0.0,0.0,0.0,0.0,0.0,0.0,0.0,-58.90299999999999,base_link,558404183,1765332150,76.14900207519531,19.400999069213867,138.531005859375,-15.494000434875488,0.0,-2.016,1.222,0.0,zedx_boom_imu_link,zedx_boom_left_camera_frame,499315273,1765332150,0.999992847442627,0.003616482252255082,0.0005469119059853256,-0.0009107014629989862,0.0,-0.03564900532364845,-0.00014700002793688327
1765332150500000000,-128.34300231933594,excavator_base_link,700954201,1765332150,2.833749672964377,-0.012711295014065968,0.0,0.0,0.0,0.0,0.0,127,0,0.0,669356623,1765332150,0.0,4,f,0,4,f,0,4,f,0,59.582,gps,697839795,1765332150,36.400118801666665,127.36124369366667,0.6400000000000001,0.0,0.0,0.0,0.6400000000000001,0.0,0.0,0.0,2.5600000000000005,1,1,1,0.1,0.0,0.0,0.0,0.0,0.0,0.1,0.0,0.0,0.0,0.0,0.0,0.0,0.0,0.1,0.0,0.0,0.0,0.0,0.0,0.0,0.1,0.0,0.0,0.0,0.0,0.0,0.0,0.0,0.1,0.0,0.0,0.0,0.1,0.0,0.0,0.0,0.0,0.0,-0.000517975455395119,-0.0038421162887833167,1.02055218587472e-05,8,d,gps,698483863,1765332150,-59.024,-2.02,1.151,0,0,-41.92399978637695,4,f,0,4,f,0,4,f,0,4,f,0,-15.614999771118164,-17.100000381469727,False,True,100.0,59.582,gps,596278482,1765332150,36.4001187895,127.36124369016666,0.6400000000000001,0.0,0.0,0.0,0.6400000000000001,0.0,0.0,0.0,2.5600000000000005,1,1,1,0.1,0.0,0.0,0.0,0.0,0.0,0.1,0.0,0.0,0.0,0.0,0.0,0.0,0.0,0.1,0.0,0.0,0.0,0.0,0.0,0.0,0.1,0.0,0.0,0.0,0.0,0.0,0.0,0.0,0.1,0.0,0.0,0.0,0.1,0.0,0.0,0.0,0.0,0.0,-0.0005184692441697833,-0.0038423636456408833,1.0205886580095286e-05,excavator_base,671072227,1765332150,True,50.0,False,88.13999938964844,-2.680000066757202,False,False,-17.09000015258789,-2.2100000381469727,False,False,28.600000381469727,-10.75,False,excavator_base,671185551,1765332150,-15.555999755859375,False,0.0,0.0,0.0,0.0,0.0,0.0,0.0,0.0,0.0,excavator_base,671224435,1765332150,False,False,-15.555999755859375,0.0,0,False,,0,0,0.0,0.0,False,0.0,0.0,0.0,0,False,,0,0,False,0.0,0.0,0,default,1828.0,1301.0,False,1483.0,526.0,False,1490.0,1014.0,False,excavator_base,671141130,1765332150,0.0,0.0,-15.555999755859375,False,True,True,True,0,False,True,0,excavator_base,671279897,1765332150,0,True,0.0,0.0,0.0,0,0,False,0,True,True,24.0,True,8,d,gps,698825626,1765332150,-59.024,-2.02,1.151,0,0,0.0,59.582,0.0,0.0,0.8,gps,698685164,1765332150,-59.024,36.400118801666665,127.36124369366667,0,1,14,0.0,0.0,0,0,0.0,0.0,59.582,36.4001187895,127.36124369016666,0.0,0.0,0.0,0.0,0.0,0.0,0.0,0.0,0.0,-58.965,base_link,656309242,1765332150,74.92900085449219,20.017000198364258,137.58099365234375,-15.555999755859375,0.0,-2.012,1.203,0.0,zedx_boom_imu_link,zedx_boom_left_camera_frame,595548199,1765332150,0.999992847442627,0.003616482252255082,0.0005469119059853256,-0.0009107014629989862,0.0,-0.03564900532364845,-0.00014700002793688327
1765332150600000000,-130.43499755859375,excavator_base_link,799755002,1765332150,2.778830372685239,0.025271883861438596,0.0,0.0,0.0,0.0,0.0,127,0,0.0,770409468,1765332150,0.0,4,f,0,4,f,0,4,f,0,59.582,gps,796226249,1765332150,36.400118807666665,127.3612436935,0.6400000000000001,0.0,0.0,0.0,0.6400000000000001,0.0,0.0,0.0,2.5600000000000005,1,1,1,0.1,0.0,0.0,0.0,0.0,0.0,0.1,0.0,0.0,0.0,0.0,0.0,0.0,0.0,0.1,0.0,0.0,0.0,0.0,0.0,0.0,0.1,0.0,0.0,0.0,0.0,0.0,0.0,0.0,0.1,0.0,0.0,0.0,0.1,0.0,0.0,0.0,0.0,0.0,-0.0005177231420518624,-0.0038419884101860116,1.0205168266839769e-05,8,d,gps,796969046,1765332150,-59.06899999999999,-2.008,1.153,0,0,-41.968997955322266,4,f,0,4,f,0,4,f,0,4,f,0,-15.65999984741211,-17.100000381469727,False,True,100.0,59.582,gps,697839795,1765332150,36.400118801666665,127.36124369366667,0.6400000000000001,0.0,0.0,0.0,0.6400000000000001,0.0,0.0,0.0,2.5600000000000005,1,1,1,0.1,0.0,0.0,0.0,0.0,0.0,0.1,0.0,0.0,0.0,0.0,0.0,0.0,0.0,0.1,0.0,0.0,0.0,0.0,0.0,0.0,0.1,0.0,0.0,0.0,0.0,0.0,0.0,0.0,0.1,0.0,0.0,0.0,0.1,0.0,0.0,0.0,0.0,0.0,-0.000517975455395119,-0.0038421162887833167,1.02055218587472e-05,excavator_base,771541618,1765332150,True,50.0,False,89.16000366210938,-2.680000066757202,False,False,-17.670000076293945,-2.25,False,False,30.700000762939453,-10.760000228881836,False,excavator_base,771643997,1765332150,-15.614999771118164,False,0.0,0.0,0.0,0.0,0.0,0.0,0.0,0.0,0.0,excavator_base,771679169,1765332150,False,False,-15.614999771118164,0.0,0,False,,0,0,0.0,0.0,False,0.0,0.0,0.0,0,False,,0,0,False,0.0,0.0,0,default,1684.0,1304.0,False,1410.0,526.0,False,1496.0,1025.0,False,excavator_base,771602584,1765332150,0.0,0.0,-15.614999771118164,False,True,True,True,0,False,True,0,excavator_base,771731590,1765332150,0,True,0.0,0.0,0.0,0,0,False,0,True,True,24.0,True,8,d,gps,797336445,1765332150,-59.06899999999999,-2.008,1.153,0,0,0.0,59.582,0.0,0.0,0.8,gps,797192878,1765332150,-59.06899999999999,36.400118807666665,127.3612436935,0,1,14,0.0,0.0,0,0,0.0,0.0,59.582,36.400118801666665,127.36124369366667,0.0,0.0,0.0,0.0,0.0,0.0,0.0,0.0,0.0,-59.024,base_link,757954021,1765332150,73.48899841308594,20.604999542236328,136.51100158691406,-15.614999771118164,0.0,-2.02,1.151,0.0,zedx_boom_imu_link,zedx_boom_left_camera_frame,691680186,1765332150,0.999992847442627,0.003616482252255082,0.0005469119059853256,-0.0009107014629989862,0.0,-0.03564900532364845,-0.00014700002793688327
1765332150700000000,-132.3769989013672,excavator_base_link,898688328,1765332150,2.7293706592248634,0.05375203618494561,0.0,0.0,0.0,0.0,0.0,127,0,0.0,869478905,1765332150,0.0,4,f,0,4,f,0,4,f,0,59.582,gps,896182178,1765332150,36.40011881616667,127.36124369833334,0.6400000000000001,0.0,0.0,0.0,0.6400000000000001,0.0,0.0,0.0,2.5600000000000005,1,1,1,0.1,0.0,0.0,0.0,0.0,0.0,0.1,0.0,0.0,0.0,0.0,0.0,0.0,0.0,0.1,0.0,0.0,0.0,0.0,0.0,0.0,0.1,0.0,0.0,0.0,0.0,0.0,0.0,0.0,0.1,0.0,0.0,0.0,0.1,0.0,0.0,0.0,0.0,0.0,-0.0005173729327286496,-0.0038417013861466592,1.020480949487042e-05,8,d,gps,896886156,1765332150,-59.18199999999999,-2.02,1.138,0,0,-42.082000732421875,4,f,0,4,f,0,4,f,0,4,f,0,-15.77299976348877,-17.100000381469727,False,True,100.0,59.582,gps,796226249,1765332150,36.400118807666665,127.3612436935,0.6400000000000001,0.0,0.0,0.0,0.6400000000000001,0.0,0.0,0.0,2.5600000000000005,1,1,1,0.1,0.0,0.0,0.0,0.0,0.0,0.1,0.0,0.0,0.0,0.0,0.0,0.0,0.0,0.1,0.0,0.0,0.0,0.0,0.0,0.0,0.1,0.0,0.0,0.0,0.0,0.0,0.0,0.0,0.1,0.0,0.0,0.0,0.1,0.0,0.0,0.0,0.0,0.0,-0.0005177231420518624,-0.0038419884101860116,1.0205168266839769e-05,excavator_base,871007736,1765332150,True,50.0,False,90.16999816894531,-2.6600000858306885,False,False,-18.09000015258789,-2.2100000381469727,False,False,32.630001068115234,-10.720000267028809,False,excavator_base,871121060,1765332150,-15.65999984741211,False,0.0,0.0,0.0,0.0,0.0,0.0,0.0,0.0,0.0,excavator_base,871159400,1765332150,False,False,-15.65999984741211,0.0,0,False,,0,0,0.0,0.0,False,0.0,0.0,0.0,0,False,,0,0,False,0.0,0.0,0,default,1675.0,1303.0,False,1400.0,526.0,False,1493.0,1006.0,False,excavator_base,871076032,1765332150,0.0,0.0,-15.65999984741211,False,True,True,True,0,False,True,0,excavator_base,871217486,1765332150,0,True,0.0,0.0,0.0,0,0,False,0,True,True,24.0,True,8,d,gps,897305176,1765332150,-59.18199999999999,-2.02,1.138,0,0,0.0,59.582,0.0,0.0,0.8,gps,897138982,1765332150,-59.18199999999999,36.40011881616667,127.36124369833334,0,1,14,0.0,0.0,0,0,0.0,0.0,59.582,36.400118807666665,127.3612436935,0.0,0.0,0.0,0.0,0.0,0.0,0.0,0.0,0.0,-59.06899999999999,base_link,856271219,1765332150,72.05899810791016,21.01300048828125,135.531005859375,-15.65999984741211,0.0,-2.008,1.153,0.0,zedx_boom_imu_link,zedx_boom_left_camera_frame,793234138,1765332150,0.999992847442627,0.003616482252255082,0.0005469119059853256,-0.0009107014629989862,0.0,-0.03564900532364845,-0.00014700002793688327
1765332150800000000,-135.125,excavator_base_link,998713449,1765332150,2.6644607177176156,0.07861571485301681,0.0,0.0,0.0,0.0,0.0,127,0,0.0,969423537,1765332150,0.0,4,f,0,4,f,0,4,f,0,59.582,gps,996224133,1765332150,36.400118823,127.36124369833334,0.6400000000000001,0.0,0.0,0.0,0.6400000000000001,0.0,0.0,0.0,2.5600000000000005,1,1,1,0.1,0.0,0.0,0.0,0.0,0.0,0.1,0.0,0.0,0.0,0.0,0.0,0.0,0.0,0.1,0.0,0.0,0.0,0.0,0.0,0.0,0.1,0.0,0.0,0.0,0.0,0.0,0.0,0.0,0.1,0.0,0.0,0.0,0.1,0.0,0.0,0.0,0.0,0.0,-0.0005170878178105615,-0.003841566126111466,1.0204450201082168e-05,8,d,gps,996928783,1765332150,-59.260999999999996,-2.016,1.153,0,0,-42.1609992980957,4,f,0,4,f,0,4,f,0,4,f,0,-15.85200023651123,-17.100000381469727,False,True,100.0,59.582,gps,896182178,1765332150,36.40011881616667,127.36124369833334,0.6400000000000001,0.0,0.0,0.0,0.6400000000000001,0.0,0.0,0.0,2.5600000000000005,1,1,1,0.1,0.0,0.0,0.0,0.0,0.0,0.1,0.0,0.0,0.0,0.0,0.0,0.0,0.0,0.1,0.0,0.0,0.0,0.0,0.0,0.0,0.1,0.0,0.0,0.0,0.0,0.0,0.0,0.0,0.1,0.0,0.0,0.0,0.1,0.0,0.0,0.0,0.0,0.0,-0.0005173729327286496,-0.0038417013861466592,1.020480949487042e-05,excavator_base,970953937,1765332150,True,50.0,False,91.73999786376953,-2.7300000190734863,False,False,-18.190000534057617,-2.259999990463257,False,False,35.38999938964844,-10.800000190734863,False,excavator_base,971065117,1765332150,-15.77299976348877,False,0.0,0.0,0.0,0.0,0.0,0.0,0.0,0.0,0.0,excavator_base,971102593,1765332150,False,False,-15.77299976348877,0.0,0,False,,0,0,0.0,0.0,False,0.0,0.0,0.0,0,False,,0,0,False,0.0,0.0,0,default,1793.0,1305.0,False,1321.0,526.0,False,1493.0,1014.0,False,excavator_base,971021464,1765332150,0.0,0.0,-15.77299976348877,False,True,True,True,0,False,True,0,excavator_base,971161639,1765332150,0,True,0.0,0.0,0.0,0,0,False,0,True,True,24.0,True,8,d,gps,997312855,1765332150,-59.260999999999996,-2.016,1.153,0,0,0.0,59.582,0.0,0.0,0.8,gps,997157575,1765332150,-59.260999999999996,36.400118823,127.36124369833334,0,1,14,0.0,0.0,0,0,0.0,0.0,59.582,36.40011881616667,127.36124369833334,0.0,0.0,0.0,0.0,0.0,0.0,0.0,0.0,0.0,-59.18199999999999,base_link,956304756,1765332150,70.75900268554688,21.125,134.50100708007812,-15.77299976348877,0.0,-2.02,1.138,0.0,zedx_boom_imu_link,zedx_boom_left_camera_frame,889615035,1765332150,0.999992847442627,0.003616482252255082,0.0005469119059853256,-0.0009107014629989862,0.0,-0.03564900532364845,-0.00014700002793688327
1765332150900000000,-138.1689910888672,excavator_base_link,98674883,1765332151,2.5957721347082785,0.10959615877129306,0.0,0.0,0.0,0.0,0.0,127,0,0.0,70940014,1765332151,0.0,4,f,0,4,f,0,4,f,0,59.582,gps,96312876,1765332151,36.40011883133333,127.3612437015,0.6400000000000001,0.0,0.0,0.0,0.6400000000000001,0.0,0.0,0.0,2.5600000000000005,1,1,1,0.1,0.0,0.0,0.0,0.0,0.0,0.1,0.0,0.0,0.0,0.0,0.0,0.0,0.0,0.1,0.0,0.0,0.0,0.0,0.0,0.0,0.1,0.0,0.0,0.0,0.0,0.0,0.0,0.0,0.1,0.0,0.0,0.0,0.1,0.0,0.0,0.0,0.0,0.0,-0.000516744133401622,-0.0038413312957825707,1.0204090852126114e-05,8,d,gps,97035160,1765332151,-59.33000000000001,-2.012,1.135,0,0,-42.22999954223633,4,f,0,4,f,0,4,f,0,4,f,0,-15.920999526977539,-17.100000381469727,False,True,100.0,59.582,gps,996224133,1765332150,36.400118823,127.36124369833334,0.6400000000000001,0.0,0.0,0.0,0.6400000000000001,0.0,0.0,0.0,2.5600000000000005,1,1,1,0.1,0.0,0.0,0.0,0.0,0.0,0.1,0.0,0.0,0.0,0.0,0.0,0.0,0.0,0.1,0.0,0.0,0.0,0.0,0.0,0.0,0.1,0.0,0.0,0.0,0.0,0.0,0.0,0.0,0.1,0.0,0.0,0.0,0.1,0.0,0.0,0.0,0.0,0.0,-0.0005170878178105615,-0.003841566126111466,1.0204450201082168e-05,excavator_base,20922269,1765332151,True,50.0,False,92.5999984741211,-2.7699999809265137,False,False,-18.139999389648438,-2.259999990463257,False,False,36.88999938964844,-10.850000381469727,False,excavator_base,21021511,1765332151,-15.85200023651123,False,0.0,0.0,0.0,0.0,0.0,0.0,0.0,0.0,0.0,excavator_base,21055883,1765332151,False,False,-15.85200023651123,0.0,0,False,,0,0,0.0,0.0,False,0.0,0.0,0.0,0,False,,0,0,False,0.0,0.0,0,default,1711.0,1304.0,False,1372.0,534.0,False,1495.0,1023.0,False,excavator_base,20983747,1765332151,0.0,0.0,-15.85200023651123,False,True,True,True,0,False,True,0,excavator_base,21105424,1765332151,0,True,0.0,0.0,0.0,0,0,False,0,True,True,24.0,True,8,d,gps,97411007,1765332151,-59.33000000000001,-2.012,1.135,0,0,0.0,59.582,0.0,0.0,0.8,gps,97262768,1765332151,-59.33000000000001,36.40011883133333,127.3612437015,0,1,14,0.0,0.0,0,0,0.0,0.0,59.582,36.400118823,127.36124369833334,0.0,0.0,0.0,0.0,0.0,0.0,0.0,0.0,0.0,-59.260999999999996,base_link,56323701,1765332151,69.0790023803711,21.051000595092773,133.24099731445312,-15.85200023651123,0.0,-2.016,1.153,0.0,zedx_boom_imu_link,zedx_boom_left_camera_frame,996296355,1765332150,0.999992847442627,0.003616482252255082,0.0005469119059853256,-0.0009107014629989862,0.0,-0.03564900532364845,-0.00014700002793688327
1765332151000000000,-141.17300415039062,excavator_base_link,203869089,1765332151,2.5345506820076737,0.13428115278625036,0.0,0.0,0.0,0.0,0.0,127,0,0.0,169436527,1765332151,0.0,4,f,0,4,f,0,4,f,0,59.582,gps,195646469,1765332151,36.40011884,127.36124370583333,0.6400000000000001,0.0,0.0,0.0,0.6400000000000001,0.0,0.0,0.0,2.5600000000000005,1,1,1,0.1,0.0,0.0,0.0,0.0,0.0,0.1,0.0,0.0,0.0,0.0,0.0,0.0,0.0,0.1,0.0,0.0,0.0,0.0,0.0,0.0,0.1,0.0,0.0,0.0,0.0,0.0,0.0,0.0,0.1,0.0,0.0,0.0,0.1,0.0,0.0,0.0,0.0,0.0,-0.0005163875969793211,-0.003841060866817212,1.0203734343774542e-05,8,d,gps,196304970,1765332151,-59.458,-2.023,1.054,0,0,-42.35799789428711,4,f,0,4,f,0,4,f,0,4,f,0,-16.048999786376953,-17.100000381469727,False,True,100.0,59.582,gps,96312876,1765332151,36.40011883133333,127.3612437015,0.6400000000000001,0.0,0.0,0.0,0.6400000000000001,0.0,0.0,0.0,2.5600000000000005,1,1,1,0.1,0.0,0.0,0.0,0.0,0.0,0.1,0.0,0.0,0.0,0.0,0.0,0.0,0.0,0.1,0.0,0.0,0.0,0.0,0.0,0.0,0.1,0.0,0.0,0.0,0.0,0.0,0.0,0.0,0.1,0.0,0.0,0.0,0.1,0.0,0.0,0.0,0.0,0.0,-0.000516744133401622,-0.0038413312957825707,1.0204090852126114e-05,excavator_base,171161123,1765332151,True,50.0,False,94.93000030517578,-2.7799999713897705,False,False,-18.06999969482422,-2.259999990463257,False,False,41.43000030517578,-10.819999694824219,False,excavator_base,171290545,1765332151,-15.920999526977539,False,0.0,0.0,0.0,0.0,0.0,0.0,0.0,0.0,0.0,excavator_base,171336533,1765332151,False,False,-15.920999526977539,0.0,0,False,,0,0,0.0,0.0,False,0.0,0.0,0.0,0,False,,0,0,False,0.0,0.0,0,default,1588.0,1305.0,False,1381.0,534.0,False,1494.0,1034.0,False,excavator_base,171238635,1765332151,0.0,0.0,-15.920999526977539,False,True,True,True,0,False,True,0,excavator_base,171403805,1765332151,0,True,0.0,0.0,0.0,0,0,False,0,True,True,24.0,True,8,d,gps,196687666,1765332151,-59.458,-2.023,1.054,0,0,0.0,59.582,0.0,0.0,0.8,gps,196526465,1765332151,-59.458,36.40011884,127.36124370583333,0,1,14,0.0,0.0,0,0,0.0,0.0,59.582,36.40011883133333,127.3612437015,0.0,0.0,0.0,0.0,0.0,0.0,0.0,0.0,0.0,-59.33000000000001,base_link,156323475,1765332151,67.5989990234375,20.996999740600586,131.74099731445312,-15.920999526977539,0.0,-2.012,1.135,0.0,zedx_boom_imu_link,zedx_boom_left_camera_frame,97652076,1765332151,0.999992847442627,0.003616482252255082,0.0005469119059853256,-0.0009107014629989862,0.0,-0.03564900532364845,-0.00014700002793688327
1765332151100000000,-143.45199584960938,excavator_base_link,298683713,1765332151,2.499686420683839,0.1496459793290778,0.0,0.0,0.0,0.0,0.0,127,0,0.0,269444142,1765332151,0.0,4,f,0,4,f,0,4,f,0,59.582,gps,296683824,1765332151,36.40011884416667,127.36124371983334,0.6400000000000001,0.0,0.0,0.0,0.6400000000000001,0.0,0.0,0.0,2.5600000000000005,1,1,1,0.1,0.0,0.0,0.0,0.0,0.0,0.1,0.0,0.0,0.0,0.0,0.0,0.0,0.0,0.1,0.0,0.0,0.0,0.0,0.0,0.0,0.1,0.0,0.0,0.0,0.0,0.0,0.0,0.0,0.1,0.0,0.0,0.0,0.1,0.0,0.0,0.0,0.0,0.0,-0.0005162065108295906,-0.0038404842174926367,1.0203371558243778e-05,8,d,gps,297349845,1765332151,-59.400000000000006,-2.027,1.037,0,0,-42.29999923706055,4,f,0,4,f,0,4,f,0,4,f,0,-15.991000175476074,-17.100000381469727,False,True,100.0,59.582,gps,195646469,1765332151,36.40011884,127.36124370583333,0.6400000000000001,0.0,0.0,0.0,0.6400000000000001,0.0,0.0,0.0,2.5600000000000005,1,1,1,0.1,0.0,0.0,0.0,0.0,0.0,0.1,0.0,0.0,0.0,0.0,0.0,0.0,0.0,0.1,0.0,0.0,0.0,0.0,0.0,0.0,0.1,0.0,0.0,0.0,0.0,0.0,0.0,0.0,0.1,0.0,0.0,0.0,0.1,0.0,0.0,0.0,0.0,0.0,-0.0005163875969793211,-0.003841060866817212,1.0203734343774542e-05,excavator_base,270950987,1765332151,True,50.0,False,95.75,-2.819999933242798,False,False,-17.68000030517578,-2.309999942779541,False,False,43.720001220703125,-10.850000381469727,False,excavator_base,271050998,1765332151,-16.048999786376953,False,0.0,0.0,0.0,0.0,0.0,0.0,0.0,0.0,0.0,excavator_base,271084249,1765332151,False,False,-16.048999786376953,0.0,0,False,,0,0,0.0,0.0,False,0.0,0.0,0.0,0,False,,0,0,False,0.0,0.0,0,default,1522.0,1304.0,False,1424.0,534.0,False,1498.0,1036.0,False,excavator_base,271011666,1765332151,0.0,0.0,-16.048999786376953,False,True,True,True,0,False,True,0,excavator_base,271136511,1765332151,0,True,0.0,0.0,0.0,0,0,False,0,True,True,24.0,True,8,d,gps,297964950,1765332151,-59.400000000000006,-2.027,1.037,0,0,0.0,59.582,0.0,0.0,0.8,gps,297771521,1765332151,-59.400000000000006,36.40011884416667,127.36124371983334,0,1,14,0.0,0.0,0,0,0.0,0.0,59.582,36.40011884,127.36124370583333,0.0,0.0,0.0,0.0,0.0,0.0,0.0,0.0,0.0,-59.458,base_link,256315792,1765332151,66.53900146484375,20.618000030517578,130.2310028076172,-16.048999786376953,0.0,-2.023,1.054,0.0,zedx_boom_imu_link,zedx_boom_left_camera_frame,199159259,1765332151,0.999992847442627,0.003616482252255082,0.0005469119059853256,-0.0009107014629989862,0.0,-0.03564900532364845,-0.00014700002793688327
1765332151200000000,-144.0679931640625,excavator_base_link,400027372,1765332151,2.497227031514365,0.14578762768235196,0.0,0.0,0.0,0.0,0.0,127,0,0.0,369413385,1765332151,0.0,4,f,0,4,f,0,4,f,0,59.583,gps,396687726,1765332151,36.400118868166665,127.36124375983333,0.6400000000000001,0.0,0.0,0.0,0.6400000000000001,0.0,0.0,0.0,2.5600000000000005,1,1,1,0.1,0.0,0.0,0.0,0.0,0.0,0.1,0.0,0.0,0.0,0.0,0.0,0.0,0.0,0.1,0.0,0.0,0.0,0.0,0.0,0.0,0.1,0.0,0.0,0.0,0.0,0.0,0.0,0.0,0.1,0.0,0.0,0.0,0.1,0.0,0.0,0.0,0.0,0.0,-0.0005152510427434855,-0.0038390914872047,1.0554839840009e-05,8,d,gps,401248363,1765332151,-59.372000000000014,-2.019,0.738,0,0,-43.07200241088867,4,f,0,4,f,0,4,f,0,4,f,0,-15.963000297546387,-16.299999237060547,False,True,100.0,59.582,gps,296683824,1765332151,36.40011884416667,127.36124371983334,0.6400000000000001,0.0,0.0,0.0,0.6400000000000001,0.0,0.0,0.0,2.5600000000000005,1,1,1,0.1,0.0,0.0,0.0,0.0,0.0,0.1,0.0,0.0,0.0,0.0,0.0,0.0,0.0,0.1,0.0,0.0,0.0,0.0,0.0,0.0,0.1,0.0,0.0,0.0,0.0,0.0,0.0,0.0,0.1,0.0,0.0,0.0,0.1,0.0,0.0,0.0,0.0,0.0,-0.0005162065108295906,-0.0038404842174926367,1.0203371558243778e-05,excavator_base,371113435,1765332151,True,50.0,False,95.80999755859375,-2.6500000953674316,False,False,-17.479999542236328,-2.180000066757202,False,False,44.34000015258789,-10.680000305175781,False,excavator_base,371218118,1765332151,-15.991000175476074,False,0.0,0.0,0.0,0.0,0.0,0.0,0.0,0.0,0.0,excavator_base,371257258,1765332151,False,False,-15.991000175476074,0.0,0,False,,0,0,0.0,0.0,False,0.0,0.0,0.0,0,False,,0,0,False,0.0,0.0,0,default,1671.0,1306.0,False,1281.0,534.0,False,1497.0,1011.0,False,excavator_base,371177601,1765332151,0.0,0.0,-15.991000175476074,False,True,True,True,0,False,True,0,excavator_base,371313584,1765332151,0,True,0.0,0.0,0.0,0,0,False,0,True,True,24.0,True,8,d,gps,402408133,1765332151,-59.372000000000014,-2.019,0.738,0,0,0.0,59.583,0.0,0.0,0.8,gps,401942388,1765332151,-59.372000000000014,36.400118868166665,127.36124375983333,0,1,14,0.0,0.0,0,0,0.0,0.0,59.582,36.40011884416667,127.36124371983334,0.0,0.0,0.0,0.0,0.0,0.0,0.0,0.0,0.0,-59.400000000000006,base_link,356313358,1765332151,66.55899810791016,20.422000885009766,129.17100524902344,-15.991000175476074,0.0,-2.027,1.037,0.0,zedx_boom_imu_link,zedx_boom_left_camera_frame,295466448,1765332151,0.999992847442627,0.003616482252255082,0.0005469119059853256,-0.0009107014629989862,0.0,-0.03564900532364845,-0.00014700002793688327
1765332151300000000,-144.46600341796875,excavator_base_link,498696831,1765332151,2.495750522316576,0.13975853059164672,0.0,0.0,0.0,0.0,0.0,127,0,0.0,469399301,1765332151,0.0,4,f,0,4,f,0,4,f,0,59.583,gps,496259328,1765332151,36.40011888116667,127.361243783,0.6400000000000001,0.0,0.0,0.0,0.6400000000000001,0.0,0.0,0.0,2.5600000000000005,1,1,1,0.1,0.0,0.0,0.0,0.0,0.0,0.1,0.0,0.0,0.0,0.0,0.0,0.0,0.0,0.1,0.0,0.0,0.0,0.0,0.0,0.0,0.1,0.0,0.0,0.0,0.0,0.0,0.0,0.0,0.1,0.0,0.0,0.0,0.1,0.0,0.0,0.0,0.0,0.0,-0.000514725363391814,-0.0038382291202850613,1.0554470925916519e-05,8,d,gps,496891074,1765332151,-59.416,-2.025,0.58,0,0,-42.81599807739258,4,f,0,4,f,0,4,f,0,4,f,0,-16.006999969482422,-16.600000381469727,False,True,100.0,59.583,gps,396687726,1765332151,36.400118868166665,127.36124375983333,0.6400000000000001,0.0,0.0,0.0,0.6400000000000001,0.0,0.0,0.0,2.5600000000000005,1,1,1,0.1,0.0,0.0,0.0,0.0,0.0,0.1,0.0,0.0,0.0,0.0,0.0,0.0,0.0,0.1,0.0,0.0,0.0,0.0,0.0,0.0,0.1,0.0,0.0,0.0,0.0,0.0,0.0,0.0,0.1,0.0,0.0,0.0,0.1,0.0,0.0,0.0,0.0,0.0,-0.0005152510427434855,-0.0038390914872047,1.0554839840009e-05,excavator_base,475647411,1765332151,True,50.0,False,95.88999938964844,-2.549999952316284,False,False,-17.170000076293945,-2.109999895095825,False,False,44.72999954223633,-10.569999694824219,False,excavator_base,475773888,1765332151,-15.963000297546387,False,0.0,0.0,0.0,0.0,0.0,0.0,0.0,0.0,0.0,excavator_base,475811812,1765332151,False,False,-15.963000297546387,0.0,0,False,,0,0,0.0,0.0,False,0.0,0.0,0.0,0,False,,0,0,False,0.0,0.0,0,default,1750.0,1303.0,False,1020.0,534.0,False,1495.0,1002.0,False,excavator_base,475727676,1765332151,0.0,0.0,-15.963000297546387,False,True,True,True,0,False,True,0,excavator_base,476170634,1765332151,0,True,0.0,0.0,0.0,0,0,False,0,True,True,24.0,True,8,d,gps,497272650,1765332151,-59.416,-2.025,0.58,0,0,0.0,59.583,0.0,0.0,0.8,gps,497108376,1765332151,-59.416,36.40011888116667,127.361243783,0,1,14,0.0,0.0,0,0,0.0,0.0,59.583,36.400118868166665,127.36124375983333,0.0,0.0,0.0,0.0,0.0,0.0,0.0,0.0,0.0,-59.372000000000014,base_link,456400822,1765332151,66.76899719238281,20.104000091552734,128.86099243164062,-15.963000297546387,0.0,-2.019,0.738,0.0,zedx_boom_imu_link,zedx_boom_left_camera_frame,397110788,1765332151,0.999992847442627,0.003616482252255082,0.0005469119059853256,-0.0009107014629989862,0.0,-0.03564900532364845,-0.00014700002793688327
1765332151400000000,-145.1699981689453,excavator_base_link,602996127,1765332151,2.494335210236668,0.14254043466878896,0.0,0.0,0.0,0.0,0.0,127,0,0.0,569441160,1765332151,0.0,4,f,0,4,f,0,4,f,0,59.583,gps,596235003,1765332151,36.400118885333335,127.36124378883333,0.6400000000000001,0.0,0.0,0.0,0.6400000000000001,0.0,0.0,0.0,2.5600000000000005,1,1,1,0.1,0.0,0.0,0.0,0.0,0.0,0.1,0.0,0.0,0.0,0.0,0.0,0.0,0.0,0.1,0.0,0.0,0.0,0.0,0.0,0.0,0.1,0.0,0.0,0.0,0.0,0.0,0.0,0.0,0.1,0.0,0.0,0.0,0.1,0.0,0.0,0.0,0.0,0.0,-0.0005145444985302604,-0.0038379103858639284,1.0554098638288254e-05,8,d,gps,597204833,1765332151,-59.43199999999999,-2.023,0.605,0,0,-42.832000732421875,4,f,0,4,f,0,4,f,0,4,f,0,-16.023000717163086,-16.600000381469727,False,True,100.0,59.583,gps,496259328,1765332151,36.40011888116667,127.361243783,0.6400000000000001,0.0,0.0,0.0,0.6400000000000001,0.0,0.0,0.0,2.5600000000000005,1,1,1,0.1,0.0,0.0,0.0,0.0,0.0,0.1,0.0,0.0,0.0,0.0,0.0,0.0,0.0,0.1,0.0,0.0,0.0,0.0,0.0,0.0,0.1,0.0,0.0,0.0,0.0,0.0,0.0,0.0,0.1,0.0,0.0,0.0,0.1,0.0,0.0,0.0,0.0,0.0,-0.000514725363391814,-0.0038382291202850613,1.0554470925916519e-05,excavator_base,571419543,1765332151,True,50.0,False,95.79000091552734,-2.4800000190734863,False,False,-16.979999542236328,-2.0799999237060547,False,False,45.439998626708984,-10.460000038146973,False,excavator_base,571521026,1765332151,-16.006999969482422,False,0.0,0.0,0.0,0.0,0.0,0.0,0.0,0.0,0.0,excavator_base,571555141,1765332151,False,False,-16.006999969482422,0.0,0,False,,0,0,0.0,0.0,False,0.0,0.0,0.0,0,False,,0,0,False,0.0,0.0,0,default,1814.0,1305.0,False,971.0,528.0,False,1494.0,1022.0,False,excavator_base,571481629,1765332151,0.0,0.0,-16.006999969482422,False,True,True,True,0,False,True,0,excavator_base,571615339,1765332151,0,True,0.0,0.0,0.0,0,0,False,0,True,True,24.0,True,8,d,gps,597698356,1765332151,-59.43199999999999,-2.023,0.605,0,0,0.0,59.583,0.0,0.0,0.8,gps,597521890,1765332151,-59.43199999999999,36.400118885333335,127.36124378883333,0,1,14,0.0,0.0,0,0,0.0,0.0,59.583,36.40011888116667,127.361243783,0.0,0.0,0.0,0.0,0.0,0.0,0.0,0.0,0.0,-59.416,base_link,556318795,1765332151,66.9489974975586,19.920000076293945,128.36099243164062,-16.006999969482422,0.0,-2.025,0.58,0.0,zedx_boom_imu_link,zedx_boom_left_camera_frame,498427929,1765332151,0.999992847442627,0.003616482252255082,0.0005469119059853256,-0.0009107014629989862,0.0,-0.03564900532364845,-0.00014700002793688327
1765332151500000000,-146.3820037841797,excavator_base_link,698811239,1765332151,2.4910655438278613,0.14948603973261584,0.0,0.0,0.0,0.0,0.0,127,0,0.0,669675103,1765332151,0.0,4,f,0,4,f,0,4,f,0,59.582,gps,696289983,1765332151,36.400118887,127.36124378583334,0.6400000000000001,0.0,0.0,0.0,0.6400000000000001,0.0,0.0,0.0,2.5600000000000005,1,1,1,0.1,0.0,0.0,0.0,0.0,0.0,0.1,0.0,0.0,0.0,0.0,0.0,0.0,0.0,0.1,0.0,0.0,0.0,0.0,0.0,0.0,0.1,0.0,0.0,0.0,0.0,0.0,0.0,0.0,0.1,0.0,0.0,0.0,0.1,0.0,0.0,0.0,0.0,0.0,-0.0005144613115804817,-0.003837869627731459,1.0201936352508783e-05,8,d,gps,697266405,1765332151,-59.417,-2.032,0.695,0,0,-42.81700134277344,4,f,0,4,f,0,4,f,0,4,f,0,-16.007999420166016,-16.600000381469727,False,True,100.0,59.583,gps,596235003,1765332151,36.400118885333335,127.36124378883333,0.6400000000000001,0.0,0.0,0.0,0.6400000000000001,0.0,0.0,0.0,2.5600000000000005,1,1,1,0.1,0.0,0.0,0.0,0.0,0.0,0.1,0.0,0.0,0.0,0.0,0.0,0.0,0.0,0.1,0.0,0.0,0.0,0.0,0.0,0.0,0.1,0.0,0.0,0.0,0.0,0.0,0.0,0.0,0.1,0.0,0.0,0.0,0.1,0.0,0.0,0.0,0.0,0.0,-0.0005145444985302604,-0.0038379103858639284,1.0554098638288254e-05,excavator_base,671006570,1765332151,True,50.0,False,95.62000274658203,-2.5199999809265137,False,False,-16.829999923706055,-2.0999999046325684,False,False,46.650001525878906,-10.5,False,excavator_base,671107349,1765332151,-16.023000717163086,False,0.0,0.0,0.0,0.0,0.0,0.0,0.0,0.0,0.0,excavator_base,671144856,1765332151,False,False,-16.023000717163086,0.0,0,False,,0,0,0.0,0.0,False,0.0,0.0,0.0,0,False,,0,0,False,0.0,0.0,0,default,1884.0,1304.0,False,971.0,528.0,False,1495.0,1029.0,False,excavator_base,671067856,1765332151,0.0,0.0,-16.023000717163086,False,True,True,True,0,False,True,0,excavator_base,671198142,1765332151,0,True,0.0,0.0,0.0,0,0,False,0,True,True,24.0,True,8,d,gps,697736407,1765332151,-59.417,-2.032,0.695,0,0,0.0,59.582,0.0,0.0,0.8,gps,697549763,1765332151,-59.417,36.400118887,127.36124378583334,0,1,14,0.0,0.0,0,0,0.0,0.0,59.583,36.400118885333335,127.36124378883333,0.0,0.0,0.0,0.0,0.0,0.0,0.0,0.0,0.0,-59.43199999999999,base_link,656305608,1765332151,67.26899719238281,19.76799964904785,127.2509994506836,-16.023000717163086,0.0,-2.023,0.605,0.0,zedx_boom_imu_link,zedx_boom_left_camera_frame,595093318,1765332151,0.999992847442627,0.003616482252255082,0.0005469119059853256,-0.0009107014629989862,0.0,-0.03564900532364845,-0.00014700002793688327
1765332151600000000,-148.92300415039062,excavator_base_link,799054111,1765332151,2.4726529499124656,0.16973144789181607,0.0,0.0,0.0,0.0,0.0,127,0,0.0,769496618,1765332151,0.0,4,f,0,4,f,0,4,f,0,59.581,gps,796303359,1765332151,36.40011888433333,127.36124377283333,0.6400000000000001,0.0,0.0,0.0,0.6400000000000001,0.0,0.0,0.0,2.5600000000000005,1,1,1,0.1,0.0,0.0,0.0,0.0,0.0,0.1,0.0,0.0,0.0,0.0,0.0,0.0,0.0,0.1,0.0,0.0,0.0,0.0,0.0,0.0,0.1,0.0,0.0,0.0,0.0,0.0,0.0,0.0,0.1,0.0,0.0,0.0,0.1,0.0,0.0,0.0,0.0,0.0,-0.0005145473711343118,-0.0038381434260062516,9.84979952534992e-06,8,d,gps,797052621,1765332151,-59.40299999999999,-2.029,0.795,0,0,-42.803001403808594,4,f,0,4,f,0,4,f,0,4,f,0,-15.994000434875488,-16.600000381469727,False,True,100.0,59.582,gps,696289983,1765332151,36.400118887,127.36124378583334,0.6400000000000001,0.0,0.0,0.0,0.6400000000000001,0.0,0.0,0.0,2.5600000000000005,1,1,1,0.1,0.0,0.0,0.0,0.0,0.0,0.1,0.0,0.0,0.0,0.0,0.0,0.0,0.0,0.1,0.0,0.0,0.0,0.0,0.0,0.0,0.1,0.0,0.0,0.0,0.0,0.0,0.0,0.0,0.1,0.0,0.0,0.0,0.1,0.0,0.0,0.0,0.0,0.0,-0.0005144613115804817,-0.003837869627731459,1.0201936352508783e-05,excavator_base,771408658,1765332151,True,50.0,False,95.73999786376953,-2.5299999713897705,False,False,-16.579999923706055,-2.109999895095825,False,False,47.709999084472656,-10.5,False,excavator_base,771538560,1765332151,-16.007999420166016,False,0.0,0.0,0.0,0.0,0.0,0.0,0.0,0.0,0.0,excavator_base,771578756,1765332151,False,False,-16.007999420166016,0.0,0,False,,0,0,0.0,0.0,False,0.0,0.0,0.0,0,False,,0,0,False,0.0,0.0,0,default,1993.0,1308.0,False,1009.0,528.0,False,1499.0,1022.0,False,excavator_base,771489627,1765332151,0.0,0.0,-16.007999420166016,False,True,True,True,0,False,True,0,excavator_base,771641931,1765332151,0,True,0.0,0.0,0.0,0,0,False,0,True,True,24.0,True,8,d,gps,797498972,1765332151,-59.40299999999999,-2.029,0.795,0,0,0.0,59.581,0.0,0.0,0.8,gps,797296487,1765332151,-59.40299999999999,36.40011888433333,127.36124377283333,0,1,14,0.0,0.0,0,0,0.0,0.0,59.582,36.400118887,127.36124378583334,0.0,0.0,0.0,0.0,0.0,0.0,0.0,0.0,0.0,-59.417,base_link,756717905,1765332151,67.62899780273438,19.527000427246094,125.41100311279297,-16.007999420166016,0.0,-2.032,0.695,0.0,zedx_boom_imu_link,zedx_boom_left_camera_frame,696739354,1765332151,0.999992847442627,0.003616482252255082,0.0005469119059853256,-0.0009107014629989862,0.0,-0.03564900532364845,-0.00014700002793688327
1765332151700000000,-152.51600646972656,excavator_base_link,898682870,1765332151,2.4323918188850353,0.2110998817526069,0.0,0.0,0.0,0.0,0.0,127,0,0.0,869579985,1765332151,0.0,4,f,0,4,f,0,4,f,0,59.581,gps,896289052,1765332151,36.40011888233333,127.3612437675,0.6400000000000001,0.0,0.0,0.0,0.6400000000000001,0.0,0.0,0.0,2.5600000000000005,1,1,1,0.1,0.0,0.0,0.0,0.0,0.0,0.1,0.0,0.0,0.0,0.0,0.0,0.0,0.0,0.1,0.0,0.0,0.0,0.0,0.0,0.0,0.1,0.0,0.0,0.0,0.0,0.0,0.0,0.0,0.1,0.0,0.0,0.0,0.1,0.0,0.0,0.0,0.0,0.0,-0.0005146073753845007,-0.0038381761194360396,9.849453275991047e-06,8,d,gps,896961826,1765332151,-59.346000000000004,-2.025,0.8,0,0,-42.74599838256836,4,f,0,4,f,0,4,f,0,4,f,0,-15.937000274658203,-16.600000381469727,False,True,100.0,59.581,gps,796303359,1765332151,36.40011888433333,127.36124377283333,0.6400000000000001,0.0,0.0,0.0,0.6400000000000001,0.0,0.0,0.0,2.5600000000000005,1,1,1,0.1,0.0,0.0,0.0,0.0,0.0,0.1,0.0,0.0,0.0,0.0,0.0,0.0,0.0,0.1,0.0,0.0,0.0,0.0,0.0,0.0,0.1,0.0,0.0,0.0,0.0,0.0,0.0,0.0,0.1,0.0,0.0,0.0,0.1,0.0,0.0,0.0,0.0,0.0,-0.0005145473711343118,-0.0038381434260062516,9.84979952534992e-06,excavator_base,871680813,1765332151,True,50.0,False,96.44000244140625,-2.5199999809265137,False,False,-16.360000610351562,-2.109999895095825,False,False,52.790000915527344,-10.489999771118164,False,excavator_base,871781271,1765332151,-15.994000434875488,False,0.0,0.0,0.0,0.0,0.0,0.0,0.0,0.0,0.0,excavator_base,871816059,1765332151,False,False,-15.994000434875488,0.0,0,False,,0,0,0.0,0.0,False,0.0,0.0,0.0,0,False,,0,0,False,0.0,0.0,0,default,1930.0,1306.0,False,1122.0,528.0,False,1496.0,1039.0,False,excavator_base,871741619,1765332151,0.0,0.0,-15.994000434875488,False,True,True,True,0,False,True,0,excavator_base,871866240,1765332151,0,True,0.0,0.0,0.0,0,0,False,0,True,True,24.0,True,8,d,gps,897336297,1765332151,-59.346000000000004,-2.025,0.8,0,0,0.0,59.581,0.0,0.0,0.8,gps,897192762,1765332151,-59.346000000000004,36.40011888233333,127.3612437675,0,1,14,0.0,0.0,0,0,0.0,0.0,59.581,36.40011888433333,127.36124377283333,0.0,0.0,0.0,0.0,0.0,0.0,0.0,0.0,0.0,-59.40299999999999,base_link,856281314,1765332151,67.33899688720703,19.304000854492188,122.71099853515625,-15.994000434875488,0.0,-2.029,0.795,0.0,zedx_boom_imu_link,zedx_boom_left_camera_frame,793556905,1765332151,0.999992847442627,0.003616482252255082,0.0005469119059853256,-0.0009107014629989862,0.0,-0.03564900532364845,-0.00014700002793688327
1765332151800000000,-156.15000915527344,excavator_base_link,998725433,1765332151,2.404283054575191,0.2583394211857094,0.0,0.0,0.0,0.0,0.0,127,0,0.0,969547212,1765332151,0.0,4,f,0,4,f,0,4,f,0,59.581,gps,996258839,1765332151,36.400118878,127.361243769,0.6400000000000001,0.0,0.0,0.0,0.6400000000000001,0.0,0.0,0.0,2.5600000000000005,1,1,1,0.1,0.0,0.0,0.0,0.0,0.0,0.1,0.0,0.0,0.0,0.0,0.0,0.0,0.0,0.1,0.0,0.0,0.0,0.0,0.0,0.0,0.1,0.0,0.0,0.0,0.0,0.0,0.0,0.0,0.1,0.0,0.0,0.0,0.1,0.0,0.0,0.0,0.0,0.0,-0.0005147584694666131,-0.0038379939861421008,9.849106858518573e-06,8,d,gps,996984739,1765332151,-59.16300000000001,-2.042,0.81,0,0,-42.5629997253418,4,f,0,4,f,0,4,f,0,4,f,0,-15.753999710083008,-16.600000381469727,False,True,100.0,59.581,gps,896289052,1765332151,36.40011888233333,127.3612437675,0.6400000000000001,0.0,0.0,0.0,0.6400000000000001,0.0,0.0,0.0,2.5600000000000005,1,1,1,0.1,0.0,0.0,0.0,0.0,0.0,0.1,0.0,0.0,0.0,0.0,0.0,0.0,0.0,0.1,0.0,0.0,0.0,0.0,0.0,0.0,0.1,0.0,0.0,0.0,0.0,0.0,0.0,0.0,0.1,0.0,0.0,0.0,0.1,0.0,0.0,0.0,0.0,0.0,-0.0005146073753845007,-0.0038381761194360396,9.849453275991047e-06,excavator_base,970934525,1765332151,True,50.0,False,96.66999816894531,-2.700000047683716,False,False,-16.31999969482422,-2.1600000858306885,False,False,56.41999816894531,-10.6899995803833,False,excavator_base,971033767,1765332151,-15.937000274658203,False,0.0,0.0,0.0,0.0,0.0,0.0,0.0,0.0,0.0,excavator_base,971067243,1765332151,False,False,-15.937000274658203,0.0,0,False,,0,0,0.0,0.0,False,0.0,0.0,0.0,0,False,,0,0,False,0.0,0.0,0,default,1854.0,1308.0,False,1170.0,528.0,False,1500.0,1055.0,False,excavator_base,970994371,1765332151,0.0,0.0,-15.937000274658203,False,True,True,True,0,False,True,0,excavator_base,971118064,1765332151,0,True,0.0,0.0,0.0,0,0,False,0,True,True,24.0,True,8,d,gps,997422160,1765332151,-59.16300000000001,-2.042,0.81,0,0,0.0,59.581,0.0,0.0,0.8,gps,997255711,1765332151,-59.16300000000001,36.400118878,127.361243769,0,1,14,0.0,0.0,0,0,0.0,0.0,59.581,36.40011888233333,127.3612437675,0.0,0.0,0.0,0.0,0.0,0.0,0.0,0.0,0.0,-59.346000000000004,base_link,956586784,1765332151,66.86900329589844,19.260000228881836,119.48100280761719,-15.937000274658203,0.0,-2.025,0.8,0.0,zedx_boom_imu_link,zedx_boom_left_camera_frame,894874718,1765332151,0.999992847442627,0.003616482252255082,0.0005469119059853256,-0.0009107014629989862,0.0,-0.03564900532364845,-0.00014700002793688327
1765332151900000000,-158.85299682617188,excavator_base_link,98682226,1765332152,2.3918141648337525,0.2950158493250707,0.0,0.0,0.0,0.0,0.0,127,0,0.0,69490852,1765332152,0.0,4,f,0,4,f,0,4,f,0,59.581,gps,96421286,1765332152,36.4001188675,127.36124375133333,0.6400000000000001,0.0,0.0,0.0,0.6400000000000001,0.0,0.0,0.0,2.5600000000000005,1,1,1,0.1,0.0,0.0,0.0,0.0,0.0,0.1,0.0,0.0,0.0,0.0,0.0,0.0,0.0,0.1,0.0,0.0,0.0,0.0,0.0,0.0,0.1,0.0,0.0,0.0,0.0,0.0,0.0,0.0,0.1,0.0,0.0,0.0,0.1,0.0,0.0,0.0,0.0,0.0,-0.0005151502882853717,-0.0038384139534805746,9.848759855874037e-06,8,d,gps,97146386,1765332152,-59.001000000000005,-2.043,0.932,0,0,-42.4010009765625,4,f,0,4,f,0,4,f,0,4,f,0,-15.592000007629395,-16.600000381469727,False,True,100.0,59.581,gps,996258839,1765332151,36.400118878,127.361243769,0.6400000000000001,0.0,0.0,0.0,0.6400000000000001,0.0,0.0,0.0,2.5600000000000005,1,1,1,0.1,0.0,0.0,0.0,0.0,0.0,0.1,0.0,0.0,0.0,0.0,0.0,0.0,0.0,0.1,0.0,0.0,0.0,0.0,0.0,0.0,0.1,0.0,0.0,0.0,0.0,0.0,0.0,0.0,0.1,0.0,0.0,0.0,0.1,0.0,0.0,0.0,0.0,0.0,-0.0005147584694666131,-0.0038379939861421008,9.849106858518573e-06,excavator_base,70951293,1765332152,True,50.0,False,96.56999969482422,-2.7899999618530273,False,False,-16.299999237060547,-2.2100000381469727,False,False,59.13999938964844,-10.770000457763672,False,excavator_base,71059176,1765332152,-15.753999710083008,False,0.0,0.0,0.0,0.0,0.0,0.0,0.0,0.0,0.0,excavator_base,71096300,1765332152,False,False,-15.753999710083008,0.0,0,False,,0,0,0.0,0.0,False,0.0,0.0,0.0,0,False,,0,0,False,0.0,0.0,0,default,1785.0,1306.0,False,1165.0,529.0,False,1500.0,1044.0,False,excavator_base,71015300,1765332152,0.0,0.0,-15.753999710083008,False,True,True,True,0,False,True,0,excavator_base,71150866,1765332152,0,True,0.0,0.0,0.0,0,0,False,0,True,True,24.0,True,8,d,gps,97642246,1765332152,-59.001000000000005,-2.043,0.932,0,0,0.0,59.581,0.0,0.0,0.8,gps,97416494,1765332152,-59.001000000000005,36.4001188675,127.36124375133333,0,1,14,0.0,0.0,0,0,0.0,0.0,59.581,36.400118878,127.361243769,0.0,0.0,0.0,0.0,0.0,0.0,0.0,0.0,0.0,-59.16300000000001,base_link,56537881,1765332152,66.83899688720703,19.256999969482422,116.24099731445312,-15.753999710083008,0.0,-2.042,0.81,0.0,zedx_boom_imu_link,zedx_boom_left_camera_frame,991615869,1765332151,0.999992847442627,0.003616482252255082,0.0005469119059853256,-0.0009107014629989862,0.0,-0.03564900532364845,-0.00014700002793688327
1765332152000000000,-160.98199462890625,excavator_base_link,199076666,1765332152,2.377938140822769,0.32424289003636464,0.0,0.0,0.0,0.0,0.0,127,0,0.0,169527686,1765332152,0.0,4,f,0,4,f,0,4,f,0,59.58,gps,196315481,1765332152,36.40011885966667,127.361243748,0.6400000000000001,0.0,0.0,0.0,0.6400000000000001,0.0,0.0,0.0,2.5600000000000005,1,1,1,0.1,0.0,0.0,0.0,0.0,0.0,0.1,0.0,0.0,0.0,0.0,0.0,0.0,0.0,0.1,0.0,0.0,0.0,0.0,0.0,0.0,0.1,0.0,0.0,0.0,0.0,0.0,0.0,0.0,0.1,0.0,0.0,0.0,0.1,0.0,0.0,0.0,0.0,0.0,-0.0005154380156115044,-0.0038383838312500145,9.49668473429612e-06,8,d,gps,197014178,1765332152,-58.897999999999996,-2.044,1.021,0,0,-42.29800033569336,4,f,0,4,f,0,4,f,0,4,f,0,-15.48900032043457,-16.600000381469727,False,True,100.0,59.581,gps,96421286,1765332152,36.4001188675,127.36124375133333,0.6400000000000001,0.0,0.0,0.0,0.6400000000000001,0.0,0.0,0.0,2.5600000000000005,1,1,1,0.1,0.0,0.0,0.0,0.0,0.0,0.1,0.0,0.0,0.0,0.0,0.0,0.0,0.0,0.1,0.0,0.0,0.0,0.0,0.0,0.0,0.1,0.0,0.0,0.0,0.0,0.0,0.0,0.0,0.1,0.0,0.0,0.0,0.1,0.0,0.0,0.0,0.0,0.0,-0.0005151502882853717,-0.0038384139534805746,9.848759855874037e-06,excavator_base,170922520,1765332152,True,50.0,False,96.70999908447266,-2.9200000762939453,False,False,-16.31999969482422,-2.2799999713897705,False,False,61.27000045776367,-10.899999618530273,False,excavator_base,171024547,1765332152,-15.592000007629395,False,0.0,0.0,0.0,0.0,0.0,0.0,0.0,0.0,0.0,excavator_base,171058759,1765332152,False,False,-15.592000007629395,0.0,0,False,,0,0,0.0,0.0,False,0.0,0.0,0.0,0,False,,0,0,False,0.0,0.0,0,default,1781.0,1310.0,False,1161.0,529.0,False,1502.0,1041.0,False,excavator_base,170984959,1765332152,0.0,0.0,-15.592000007629395,False,True,True,True,0,False,True,0,excavator_base,171110188,1765332152,0,True,0.0,0.0,0.0,0,0,False,0,True,True,24.0,True,8,d,gps,197380328,1765332152,-58.897999999999996,-2.044,1.021,0,0,0.0,59.58,0.0,0.0,0.8,gps,197231353,1765332152,-58.897999999999996,36.40011885966667,127.361243748,0,1,14,0.0,0.0,0,0,0.0,0.0,59.581,36.4001188675,127.36124375133333,0.0,0.0,0.0,0.0,0.0,0.0,0.0,0.0,0.0,-59.001000000000005,base_link,156353316,1765332152,66.88899993896484,19.277999877929688,113.9010009765625,-15.592000007629395,0.0,-2.043,0.932,0.0,zedx_boom_imu_link,zedx_boom_left_camera_frame,98172328,1765332152,0.999992847442627,0.003616482252255082,0.0005469119059853256,-0.0009107014629989862,0.0,-0.03564900532364845,-0.00014700002793688327
1765332152100000000,-162.51100158691406,excavator_base_link,298700849,1765332152,2.3630958584399075,0.3482577302076584,0.0,0.0,0.0,0.0,0.0,127,0,0.0,269413113,1765332152,0.0,4,f,0,4,f,0,4,f,0,59.58,gps,296334617,1765332152,36.400118856666666,127.36124374016667,0.6400000000000001,0.0,0.0,0.0,0.6400000000000001,0.0,0.0,0.0,2.5600000000000005,1,1,1,0.1,0.0,0.0,0.0,0.0,0.0,0.1,0.0,0.0,0.0,0.0,0.0,0.0,0.0,0.1,0.0,0.0,0.0,0.0,0.0,0.0,0.1,0.0,0.0,0.0,0.0,0.0,0.0,0.0,0.1,0.0,0.0,0.0,0.1,0.0,0.0,0.0,0.0,0.0,-0.0005155370150187741,-0.003838495027239578,9.496350838215367e-06,8,d,gps,296967835,1765332152,-58.87299999999999,-2.034,1.082,0,0,-42.573001861572266,4,f,0,4,f,0,4,f,0,4,f,0,-15.46399974822998,-16.299999237060547,False,True,100.0,59.58,gps,196315481,1765332152,36.40011885966667,127.361243748,0.6400000000000001,0.0,0.0,0.0,0.6400000000000001,0.0,0.0,0.0,2.5600000000000005,1,1,1,0.1,0.0,0.0,0.0,0.0,0.0,0.1,0.0,0.0,0.0,0.0,0.0,0.0,0.0,0.1,0.0,0.0,0.0,0.0,0.0,0.0,0.1,0.0,0.0,0.0,0.0,0.0,0.0,0.0,0.1,0.0,0.0,0.0,0.1,0.0,0.0,0.0,0.0,0.0,-0.0005154380156115044,-0.0038383838312500145,9.49668473429612e-06,excavator_base,270947353,1765332152,True,50.0,False,97.01000213623047,-2.9700000286102295,False,False,-16.329999923706055,-2.299999952316284,False,False,62.79999923706055,-10.949999809265137,False,excavator_base,271048036,1765332152,-15.48900032043457,False,0.0,0.0,0.0,0.0,0.0,0.0,0.0,0.0,0.0,excavator_base,271082535,1765332152,False,False,-15.48900032043457,0.0,0,False,,0,0,0.0,0.0,False,0.0,0.0,0.0,0,False,,0,0,False,0.0,0.0,0,default,1651.0,1310.0,False,1207.0,529.0,False,1502.0,1077.0,False,excavator_base,271009280,1765332152,0.0,0.0,-15.48900032043457,False,True,True,True,0,False,True,0,excavator_base,271353027,1765332152,0,True,0.0,0.0,0.0,0,0,False,0,True,True,24.0,True,8,d,gps,297325857,1765332152,-58.87299999999999,-2.034,1.082,0,0,0.0,59.58,0.0,0.0,0.8,gps,297186130,1765332152,-58.87299999999999,36.400118856666666,127.36124374016667,0,1,14,0.0,0.0,0,0,0.0,0.0,59.58,36.40011885966667,127.361243748,0.0,0.0,0.0,0.0,0.0,0.0,0.0,0.0,0.0,-58.897999999999996,base_link,256366468,1765332152,66.5989990234375,19.288999557495117,112.20099639892578,-15.48900032043457,0.0,-2.044,1.021,0.0,zedx_boom_imu_link,zedx_boom_left_camera_frame,184186161,1765332152,0.999992847442627,0.003616482252255082,0.0005469119059853256,-0.0009107014629989862,0.0,-0.03564900532364845,-0.00014700002793688327
1765332152200000000,-163.03099060058594,excavator_base_link,401252858,1765332152,2.35683821439277,0.36167762312737806,0.0,0.0,0.0,0.0,0.0,127,0,0.0,369536004,1765332152,0.0,4,f,0,4,f,0,4,f,0,59.58,gps,396300980,1765332152,36.40011885316667,127.3612437345,0.6400000000000001,0.0,0.0,0.0,0.6400000000000001,0.0,0.0,0.0,2.5600000000000005,1,1,1,0.1,0.0,0.0,0.0,0.0,0.0,0.1,0.0,0.0,0.0,0.0,0.0,0.0,0.0,0.1,0.0,0.0,0.0,0.0,0.0,0.0,0.1,0.0,0.0,0.0,0.0,0.0,0.0,0.0,0.1,0.0,0.0,0.0,0.1,0.0,0.0,0.0,0.0,0.0,-0.0005156555146985951,-0.0038385380435116416,9.496016741861527e-06,8,d,gps,397018303,1765332152,-58.78399999999999,-2.032,1.169,0,0,-42.784000396728516,4,f,0,4,f,0,4,f,0,4,f,0,-15.375,-16.0,False,True,100.0,59.58,gps,296334617,1765332152,36.400118856666666,127.36124374016667,0.6400000000000001,0.0,0.0,0.0,0.6400000000000001,0.0,0.0,0.0,2.5600000000000005,1,1,1,0.1,0.0,0.0,0.0,0.0,0.0,0.1,0.0,0.0,0.0,0.0,0.0,0.0,0.0,0.1,0.0,0.0,0.0,0.0,0.0,0.0,0.1,0.0,0.0,0.0,0.0,0.0,0.0,0.0,0.1,0.0,0.0,0.0,0.1,0.0,0.0,0.0,0.0,0.0,-0.0005155370150187741,-0.003838495027239578,9.496350838215367e-06,excavator_base,370954872,1765332152,True,50.0,False,97.08000183105469,-3.0799999237060547,False,False,-16.459999084472656,-2.3299999237060547,False,False,63.310001373291016,-11.039999961853027,False,excavator_base,371057955,1765332152,-15.46399974822998,False,0.0,0.0,0.0,0.0,0.0,0.0,0.0,0.0,0.0,excavator_base,371093959,1765332152,False,False,-15.46399974822998,0.0,0,False,,0,0,0.0,0.0,False,0.0,0.0,0.0,0,False,,0,0,False,0.0,0.0,0,default,1484.0,1310.0,False,1373.0,529.0,False,1503.0,1148.0,False,excavator_base,371016414,1765332152,0.0,0.0,-15.46399974822998,False,True,True,True,0,False,True,0,excavator_base,371147084,1765332152,0,True,0.0,0.0,0.0,0,0,False,0,True,True,24.0,True,8,d,gps,397397062,1765332152,-58.78399999999999,-2.032,1.169,0,0,0.0,59.58,0.0,0.0,0.8,gps,397251095,1765332152,-58.78399999999999,36.40011885316667,127.3612437345,0,1,14,0.0,0.0,0,0,0.0,0.0,59.58,36.400118856666666,127.36124374016667,0.0,0.0,0.0,0.0,0.0,0.0,0.0,0.0,0.0,-58.87299999999999,base_link,360509299,1765332152,66.25900268554688,19.409000396728516,111.51100158691406,-15.46399974822998,0.0,-2.034,1.082,0.0,zedx_boom_imu_link,zedx_boom_left_camera_frame,295788541,1765332152,0.999992847442627,0.003616482252255082,0.0005469119059853256,-0.0009107014629989862,0.0,-0.03564900532364845,-0.00014700002793688327
1765332152300000000,-163.1929931640625,excavator_base_link,498731440,1765332152,2.3538407759221918,0.3786004018787529,0.0,0.0,0.0,0.0,0.0,127,0,0.0,469508799,1765332152,0.0,4,f,0,4,f,0,4,f,0,59.58,gps,496331221,1765332152,36.40011884816667,127.36124373483334,0.6400000000000001,0.0,0.0,0.0,0.6400000000000001,0.0,0.0,0.0,2.5600000000000005,1,1,1,0.1,0.0,0.0,0.0,0.0,0.0,0.1,0.0,0.0,0.0,0.0,0.0,0.0,0.0,0.1,0.0,0.0,0.0,0.0,0.0,0.0,0.1,0.0,0.0,0.0,0.0,0.0,0.0,0.0,0.1,0.0,0.0,0.0,0.1,0.0,0.0,0.0,0.0,0.0,-0.00051583256982266,-0.0038383925818091264,9.495682800389898e-06,8,d,gps,497001979,1765332152,-58.661,-2.021,1.22,0,0,-42.6609992980957,4,f,0,4,f,0,4,f,0,4,f,0,-15.251999855041504,-16.0,False,True,100.0,59.58,gps,396300980,1765332152,36.40011885316667,127.3612437345,0.6400000000000001,0.0,0.0,0.0,0.6400000000000001,0.0,0.0,0.0,2.5600000000000005,1,1,1,0.1,0.0,0.0,0.0,0.0,0.0,0.1,0.0,0.0,0.0,0.0,0.0,0.0,0.0,0.1,0.0,0.0,0.0,0.0,0.0,0.0,0.1,0.0,0.0,0.0,0.0,0.0,0.0,0.0,0.1,0.0,0.0,0.0,0.1,0.0,0.0,0.0,0.0,0.0,-0.0005156555146985951,-0.0038385380435116416,9.496016741861527e-06,excavator_base,471494543,1765332152,True,50.0,False,96.94999694824219,-3.130000114440918,False,False,-16.670000076293945,-2.359999895095825,False,False,63.470001220703125,-11.079999923706055,False,excavator_base,471662336,1765332152,-15.375,False,0.0,0.0,0.0,0.0,0.0,0.0,0.0,0.0,0.0,excavator_base,471702757,1765332152,False,False,-15.375,0.0,0,False,,0,0,0.0,0.0,False,0.0,0.0,0.0,0,False,,0,0,False,0.0,0.0,0,default,1422.0,1310.0,False,1567.0,529.0,False,1501.0,1167.0,False,excavator_base,471612635,1765332152,0.0,0.0,-15.375,False,True,True,True,0,False,True,0,excavator_base,471760074,1765332152,0,True,0.0,0.0,0.0,0,0,False,0,True,True,24.0,True,8,d,gps,497354752,1765332152,-58.661,-2.021,1.22,0,0,0.0,59.58,0.0,0.0,0.8,gps,497215762,1765332152,-58.661,36.40011884816667,127.36124373483334,0,1,14,0.0,0.0,0,0,0.0,0.0,59.58,36.40011885316667,127.3612437345,0.0,0.0,0.0,0.0,0.0,0.0,0.0,0.0,0.0,-58.78399999999999,base_link,456323483,1765332152,66.06900024414062,19.617000579833984,111.1510009765625,-15.375,0.0,-2.032,1.169,0.0,zedx_boom_imu_link,zedx_boom_left_camera_frame,392064155,1765332152,0.999992847442627,0.003616482252255082,0.0005469119059853256,-0.0009107014629989862,0.0,-0.03564900532364845,-0.00014700002793688327
1765332152400000000,-162.63400268554688,excavator_base_link,599072978,1765332152,2.3611440287562426,0.40589545659349346,0.0,0.0,0.0,0.0,0.0,127,0,0.0,569728276,1765332152,0.0,4,f,0,4,f,0,4,f,0,59.58,gps,596392730,1765332152,36.40011884783333,127.36124374783333,0.6400000000000001,0.0,0.0,0.0,0.6400000000000001,0.0,0.0,0.0,2.5600000000000005,1,1,1,0.1,0.0,0.0,0.0,0.0,0.0,0.1,0.0,0.0,0.0,0.0,0.0,0.0,0.0,0.1,0.0,0.0,0.0,0.0,0.0,0.0,0.1,0.0,0.0,0.0,0.0,0.0,0.0,0.0,0.1,0.0,0.0,0.0,0.1,0.0,0.0,0.0,0.0,0.0,-0.0005158274316578009,-0.003837849059978022,9.495348678588594e-06,8,d,gps,597073537,1765332152,-58.49799999999999,-2.025,1.168,0,0,-42.49800109863281,4,f,0,4,f,0,4,f,0,4,f,0,-15.08899974822998,-16.0,False,True,100.0,59.58,gps,496331221,1765332152,36.40011884816667,127.36124373483334,0.6400000000000001,0.0,0.0,0.0,0.6400000000000001,0.0,0.0,0.0,2.5600000000000005,1,1,1,0.1,0.0,0.0,0.0,0.0,0.0,0.1,0.0,0.0,0.0,0.0,0.0,0.0,0.0,0.1,0.0,0.0,0.0,0.0,0.0,0.0,0.1,0.0,0.0,0.0,0.0,0.0,0.0,0.0,0.1,0.0,0.0,0.0,0.1,0.0,0.0,0.0,0.0,0.0,-0.00051583256982266,-0.0038383925818091264,9.495682800389898e-06,excavator_base,572051751,1765332152,True,50.0,False,96.16000366210938,-2.940000057220459,False,False,-17.309999465942383,-2.2799999713897705,False,False,62.900001525878906,-10.779999732971191,False,excavator_base,572169075,1765332152,-15.251999855041504,False,0.0,0.0,0.0,0.0,0.0,0.0,0.0,0.0,0.0,excavator_base,572211192,1765332152,False,False,-15.251999855041504,0.0,0,False,,0,0,0.0,0.0,False,0.0,0.0,0.0,0,False,,0,0,False,0.0,0.0,0,default,1315.0,1304.0,False,1722.0,527.0,False,1503.0,1139.0,False,excavator_base,572124239,1765332152,0.0,0.0,-15.251999855041504,False,True,True,True,0,False,True,0,excavator_base,572278527,1765332152,0,True,0.0,0.0,0.0,0,0,False,0,True,True,24.0,True,8,d,gps,597606841,1765332152,-58.49799999999999,-2.025,1.168,0,0,0.0,59.58,0.0,0.0,0.8,gps,597375457,1765332152,-58.49799999999999,36.40011884783333,127.36124374783333,0,1,14,0.0,0.0,0,0,0.0,0.0,59.58,36.40011884816667,127.36124373483334,0.0,0.0,0.0,0.0,0.0,0.0,0.0,0.0,0.0,-58.661,base_link,556354845,1765332152,65.83899688720703,20.246000289916992,110.87100219726562,-15.251999855041504,0.0,-2.021,1.22,0.0,zedx_boom_imu_link,zedx_boom_left_camera_frame,499063380,1765332152,0.999992847442627,0.003616482252255082,0.0005469119059853256,-0.0009107014629989862,0.0,-0.03564900532364845,-0.00014700002793688327
1765332152500000000,-161.8000030517578,excavator_base_link,698733997,1765332152,2.3743370820074277,0.4325735537670355,0.0,0.0,0.0,0.0,0.0,127,0,0.0,669700431,1765332152,0.0,4,f,0,4,f,0,4,f,0,59.58,gps,696449278,1765332152,36.400118840666664,127.36124376316667,0.6400000000000001,0.0,0.0,0.0,0.6400000000000001,0.0,0.0,0.0,2.5600000000000005,1,1,1,0.1,0.0,0.0,0.0,0.0,0.0,0.1,0.0,0.0,0.0,0.0,0.0,0.0,0.0,0.1,0.0,0.0,0.0,0.0,0.0,0.0,0.1,0.0,0.0,0.0,0.0,0.0,0.0,0.0,0.1,0.0,0.0,0.0,0.1,0.0,0.0,0.0,0.0,0.0,-0.0005160890268495985,-0.0038372322165182056,9.495014460088664e-06,8,d,gps,697151111,1765332152,-58.127999999999986,-2.037,1.139,0,0,-42.12799835205078,4,f,0,4,f,0,4,f,0,4,f,0,-14.718999862670898,-16.0,False,True,100.0,59.58,gps,596392730,1765332152,36.40011884783333,127.36124374783333,0.6400000000000001,0.0,0.0,0.0,0.6400000000000001,0.0,0.0,0.0,2.5600000000000005,1,1,1,0.1,0.0,0.0,0.0,0.0,0.0,0.1,0.0,0.0,0.0,0.0,0.0,0.0,0.0,0.1,0.0,0.0,0.0,0.0,0.0,0.0,0.1,0.0,0.0,0.0,0.0,0.0,0.0,0.0,0.1,0.0,0.0,0.0,0.1,0.0,0.0,0.0,0.0,0.0,-0.0005158274316578009,-0.003837849059978022,9.495348678588594e-06,excavator_base,671660893,1765332152,True,50.0,False,95.11000061035156,-2.9100000858306885,False,False,-18.350000381469727,-2.259999990463257,False,False,62.06999969482422,-10.729999542236328,False,excavator_base,671764487,1765332152,-15.08899974822998,False,0.0,0.0,0.0,0.0,0.0,0.0,0.0,0.0,0.0,excavator_base,671799947,1765332152,False,False,-15.08899974822998,0.0,0,False,,0,0,0.0,0.0,False,0.0,0.0,0.0,0,False,,0,0,False,0.0,0.0,0,default,1284.0,1310.0,False,1574.0,527.0,False,1502.0,1100.0,False,excavator_base,671724579,1765332152,0.0,0.0,-15.08899974822998,False,True,True,True,0,False,True,0,excavator_base,671851793,1765332152,0,True,0.0,0.0,0.0,0,0,False,0,True,True,24.0,True,8,d,gps,697547345,1765332152,-58.127999999999986,-2.037,1.139,0,0,0.0,59.58,0.0,0.0,0.8,gps,697379039,1765332152,-58.127999999999986,36.400118840666664,127.36124376316667,0,1,14,0.0,0.0,0,0,0.0,0.0,59.58,36.40011884783333,127.36124374783333,0.0,0.0,0.0,0.0,0.0,0.0,0.0,0.0,0.0,-58.49799999999999,base_link,656317207,1765332152,65.8489990234375,21.290000915527344,110.69100189208984,-15.08899974822998,0.0,-2.025,1.168,0.0,zedx_boom_imu_link,zedx_boom_left_camera_frame,590266876,1765332152,0.999992847442627,0.003616482252255082,0.0005469119059853256,-0.0009107014629989862,0.0,-0.03564900532364845,-0.00014700002793688327
1765332152600000000,-161.30799865722656,excavator_base_link,798818452,1765332152,2.382034808163531,0.44808821439033863,0.0,0.0,0.0,0.0,0.0,127,0,0.0,769450804,1765332152,0.0,4,f,0,4,f,0,4,f,0,59.58,gps,797143973,1765332152,36.40011882733333,127.36124377083334,0.6400000000000001,0.0,0.0,0.0,0.6400000000000001,0.0,0.0,0.0,2.5600000000000005,1,1,1,0.1,0.0,0.0,0.0,0.0,0.0,0.1,0.0,0.0,0.0,0.0,0.0,0.0,0.0,0.1,0.0,0.0,0.0,0.0,0.0,0.0,0.1,0.0,0.0,0.0,0.0,0.0,0.0,0.0,0.1,0.0,0.0,0.0,0.1,0.0,0.0,0.0,0.0,0.0,-0.0005165911840554462,-0.003836855342548463,9.494677926339227e-06,8,d,gps,798002751,1765332152,-57.67699999999999,-2.044,1.173,0,0,-41.87699890136719,4,f,0,4,f,0,4,f,0,4,f,0,-14.267999649047852,-15.800000190734863,False,True,100.0,59.58,gps,696449278,1765332152,36.400118840666664,127.36124376316667,0.6400000000000001,0.0,0.0,0.0,0.6400000000000001,0.0,0.0,0.0,2.5600000000000005,1,1,1,0.1,0.0,0.0,0.0,0.0,0.0,0.1,0.0,0.0,0.0,0.0,0.0,0.0,0.0,0.1,0.0,0.0,0.0,0.0,0.0,0.0,0.1,0.0,0.0,0.0,0.0,0.0,0.0,0.0,0.1,0.0,0.0,0.0,0.1,0.0,0.0,0.0,0.0,0.0,-0.0005160890268495985,-0.0038372322165182056,9.495014460088664e-06,excavator_base,774053173,1765332152,True,50.0,False,94.75,-2.9000000953674316,False,False,-19.1299991607666,-2.2699999809265137,False,False,61.790000915527344,-10.710000038146973,False,excavator_base,774217990,1765332152,-14.718999862670898,False,0.0,0.0,0.0,0.0,0.0,0.0,0.0,0.0,0.0,excavator_base,774269516,1765332152,False,False,-14.718999862670898,0.0,0,False,,0,0,0.0,0.0,False,0.0,0.0,0.0,0,False,,0,0,False,0.0,0.0,0,default,1261.0,1312.0,False,1434.0,527.0,False,1505.0,1113.0,False,excavator_base,774156832,1765332152,0.0,0.0,-14.718999862670898,False,True,True,True,0,False,True,0,excavator_base,774342387,1765332152,0,True,0.0,0.0,0.0,0,0,False,0,True,True,24.0,True,8,d,gps,798460847,1765332152,-57.67699999999999,-2.044,1.173,0,0,0.0,59.58,0.0,0.0,0.8,gps,798278204,1765332152,-57.67699999999999,36.40011882733333,127.36124377083334,0,1,14,0.0,0.0,0,0,0.0,0.0,59.58,36.400118840666664,127.36124376316667,0.0,0.0,0.0,0.0,0.0,0.0,0.0,0.0,0.0,-58.127999999999986,base_link,756331383,1765332152,65.91899871826172,22.082000732421875,110.49099731445312,-14.718999862670898,0.0,-2.037,1.139,0.0,zedx_boom_imu_link,zedx_boom_left_camera_frame,699428874,1765332152,0.999992847442627,0.003616482252255082,0.0005469119059853256,-0.0009107014629989862,0.0,-0.03564900532364845,-0.00014700002793688327
1765332152700000000,-161.05099487304688,excavator_base_link,899688269,1765332152,2.3854777118610446,0.45813324113718135,0.0,0.0,0.0,0.0,0.0,127,0,0.0,870224195,1765332152,0.0,4,f,0,4,f,0,4,f,0,59.579,gps,896493151,1765332152,36.400118815333336,127.36124377866666,0.6400000000000001,0.0,0.0,0.0,0.6400000000000001,0.0,0.0,0.0,2.5600000000000005,1,1,1,0.1,0.0,0.0,0.0,0.0,0.0,0.1,0.0,0.0,0.0,0.0,0.0,0.0,0.0,0.1,0.0,0.0,0.0,0.0,0.0,0.0,0.1,0.0,0.0,0.0,0.0,0.0,0.0,0.0,0.1,0.0,0.0,0.0,0.1,0.0,0.0,0.0,0.0,0.0,-0.0005170415283533009,-0.0038364752335159494,9.142703845812555e-06,8,d,gps,897285938,1765332152,-57.24799999999999,-2.053,1.22,0,0,-42.04800033569336,4,f,0,4,f,0,4,f,0,4,f,0,-13.83899974822998,-15.199999809265137,False,True,100.0,59.58,gps,797143973,1765332152,36.40011882733333,127.36124377083334,0.6400000000000001,0.0,0.0,0.0,0.6400000000000001,0.0,0.0,0.0,2.5600000000000005,1,1,1,0.1,0.0,0.0,0.0,0.0,0.0,0.1,0.0,0.0,0.0,0.0,0.0,0.0,0.0,0.1,0.0,0.0,0.0,0.0,0.0,0.0,0.1,0.0,0.0,0.0,0.0,0.0,0.0,0.0,0.1,0.0,0.0,0.0,0.1,0.0,0.0,0.0,0.0,0.0,-0.0005165911840554462,-0.003836855342548463,9.494677926339227e-06,excavator_base,871372603,1765332152,True,50.0,False,94.16999816894531,-3.069999933242798,False,False,-19.520000457763672,-2.309999942779541,False,False,61.34000015258789,-10.84000015258789,False,excavator_base,871469893,1765332152,-14.267999649047852,False,0.0,0.0,0.0,0.0,0.0,0.0,0.0,0.0,0.0,excavator_base,871503528,1765332152,False,False,-14.267999649047852,0.0,0,False,,0,0,0.0,0.0,False,0.0,0.0,0.0,0,False,,0,0,False,0.0,0.0,0,default,1263.0,1311.0,False,1478.0,527.0,False,1501.0,1125.0,False,excavator_base,871432289,1765332152,0.0,0.0,-14.267999649047852,False,True,True,True,0,False,True,0,excavator_base,871554062,1765332152,0,True,0.0,0.0,0.0,0,0,False,0,True,True,24.0,True,8,d,gps,897732097,1765332152,-57.24799999999999,-2.053,1.22,0,0,0.0,59.579,0.0,0.0,0.8,gps,897547149,1765332152,-57.24799999999999,36.400118815333336,127.36124377866666,0,1,14,0.0,0.0,0,0,0.0,0.0,59.58,36.40011882733333,127.36124377083334,0.0,0.0,0.0,0.0,0.0,0.0,0.0,0.0,0.0,-57.67699999999999,base_link,856285904,1765332152,65.95899963378906,22.479000091552734,110.39099884033203,-14.267999649047852,0.0,-2.044,1.173,0.0,zedx_boom_imu_link,zedx_boom_left_camera_frame,796190345,1765332152,0.999992847442627,0.003616482252255082,0.0005469119059853256,-0.0009107014629989862,0.0,-0.03564900532364845,-0.00014700002793688327
1765332152800000000,-160.6719970703125,excavator_base_link,999341031,1765332152,2.3888092514278068,0.472505816967392,0.0,0.0,0.0,0.0,0.0,127,0,0.0,969401483,1765332152,0.0,4,f,0,4,f,0,4,f,0,59.579,gps,996577574,1765332152,36.40011880866667,127.36124378916666,0.6400000000000001,0.0,0.0,0.0,0.6400000000000001,0.0,0.0,0.0,2.5600000000000005,1,1,1,0.1,0.0,0.0,0.0,0.0,0.0,0.1,0.0,0.0,0.0,0.0,0.0,0.0,0.0,0.1,0.0,0.0,0.0,0.0,0.0,0.0,0.1,0.0,0.0,0.0,0.0,0.0,0.0,0.0,0.1,0.0,0.0,0.0,0.1,0.0,0.0,0.0,0.0,0.0,-0.0005172835388752238,-0.003836010355292285,9.142382095181619e-06,8,d,gps,997376282,1765332152,-56.96799999999999,-2.055,1.222,0,0,-42.268001556396484,4,f,0,4,f,0,4,f,0,4,f,0,-13.559000015258789,-14.699999809265137,False,True,100.0,59.579,gps,896493151,1765332152,36.400118815333336,127.36124377866666,0.6400000000000001,0.0,0.0,0.0,0.6400000000000001,0.0,0.0,0.0,2.5600000000000005,1,1,1,0.1,0.0,0.0,0.0,0.0,0.0,0.1,0.0,0.0,0.0,0.0,0.0,0.0,0.0,0.1,0.0,0.0,0.0,0.0,0.0,0.0,0.1,0.0,0.0,0.0,0.0,0.0,0.0,0.0,0.1,0.0,0.0,0.0,0.1,0.0,0.0,0.0,0.0,0.0,-0.0005170415283533009,-0.0038364752335159494,9.142703845812555e-06,excavator_base,978309807,1765332152,True,50.0,False,93.76000213623047,-2.9800000190734863,False,False,-19.920000076293945,-2.309999942779541,False,False,60.970001220703125,-10.699999809265137,False,excavator_base,978428635,1765332152,-13.83899974822998,False,0.0,0.0,0.0,0.0,0.0,0.0,0.0,0.0,0.0,excavator_base,978466047,1765332152,False,False,-13.83899974822998,0.0,0,False,,0,0,0.0,0.0,False,0.0,0.0,0.0,0,False,,0,0,False,0.0,0.0,0,default,1263.0,1311.0,False,1565.0,527.0,False,1503.0,1123.0,False,excavator_base,978385783,1765332152,0.0,0.0,-13.83899974822998,False,True,True,True,0,False,True,0,excavator_base,978520997,1765332152,0,True,0.0,0.0,0.0,0,0,False,0,True,True,24.0,True,8,d,gps,997935604,1765332152,-56.96799999999999,-2.055,1.222,0,0,0.0,59.579,0.0,0.0,0.8,gps,997762690,1765332152,-56.96799999999999,36.40011880866667,127.36124378916666,0,1,14,0.0,0.0,0,0,0.0,0.0,59.579,36.400118815333336,127.36124377866666,0.0,0.0,0.0,0.0,0.0,0.0,0.0,0.0,0.0,-57.24799999999999,base_link,960045464,1765332152,65.88899993896484,22.88800048828125,110.34100341796875,-13.83899974822998,0.0,-2.053,1.22,0.0,zedx_boom_imu_link,zedx_boom_left_camera_frame,892735602,1765332152,0.999992847442627,0.003616482252255082,0.0005469119059853256,-0.0009107014629989862,0.0,-0.03564900532364845,-0.00014700002793688327
1765332152900000000,-160.13999938964844,excavator_base_link,99000386,1765332153,2.3954494403447635,0.48685943069616494,0.0,0.0,0.0,0.0,0.0,127,0,0.0,70228896,1765332153,0.0,4,f,0,4,f,0,4,f,0,59.579,gps,96612488,1765332153,36.400118800166666,127.36124380166666,0.6400000000000001,0.0,0.0,0.0,0.6400000000000001,0.0,0.0,0.0,2.5600000000000005,1,1,1,0.1,0.0,0.0,0.0,0.0,0.0,0.1,0.0,0.0,0.0,0.0,0.0,0.0,0.0,0.1,0.0,0.0,0.0,0.0,0.0,0.0,0.1,0.0,0.0,0.0,0.0,0.0,0.0,0.0,0.1,0.0,0.0,0.0,0.1,0.0,0.0,0.0,0.0,0.0,-0.0005175971088155105,-0.0038354828451871567,9.142060758825917e-06,8,d,gps,97321074,1765332153,-56.58600000000001,-2.062,1.213,0,0,-42.08599853515625,4,f,0,4,f,0,4,f,0,4,f,0,-13.177000045776367,-14.5,False,True,100.0,59.579,gps,996577574,1765332152,36.40011880866667,127.36124378916666,0.6400000000000001,0.0,0.0,0.0,0.6400000000000001,0.0,0.0,0.0,2.5600000000000005,1,1,1,0.1,0.0,0.0,0.0,0.0,0.0,0.1,0.0,0.0,0.0,0.0,0.0,0.0,0.0,0.1,0.0,0.0,0.0,0.0,0.0,0.0,0.1,0.0,0.0,0.0,0.0,0.0,0.0,0.0,0.1,0.0,0.0,0.0,0.1,0.0,0.0,0.0,0.0,0.0,-0.0005172835388752238,-0.003836010355292285,9.142382095181619e-06,excavator_base,71883597,1765332153,True,50.0,False,93.19000244140625,-2.799999952316284,False,False,-20.459999084472656,-2.240000009536743,False,False,60.439998626708984,-10.4399995803833,False,excavator_base,72035165,1765332153,-13.559000015258789,False,0.0,0.0,0.0,0.0,0.0,0.0,0.0,0.0,0.0,excavator_base,72099107,1765332153,False,False,-13.559000015258789,0.0,0,False,,0,0,0.0,0.0,False,0.0,0.0,0.0,0,False,,0,0,False,0.0,0.0,0,default,1256.0,1312.0,False,1550.0,531.0,False,1503.0,1129.0,False,excavator_base,71968982,1765332153,0.0,0.0,-13.559000015258789,False,True,True,True,0,False,True,0,excavator_base,72196429,1765332153,0,True,0.0,0.0,0.0,0,0,False,0,True,True,24.0,True,8,d,gps,97705434,1765332153,-56.58600000000001,-2.062,1.213,0,0,0.0,59.579,0.0,0.0,0.8,gps,97555242,1765332153,-56.58600000000001,36.400118800166666,127.36124380166666,0,1,14,0.0,0.0,0,0,0.0,0.0,59.579,36.40011880866667,127.36124378916666,0.0,0.0,0.0,0.0,0.0,0.0,0.0,0.0,0.0,-56.96799999999999,base_link,56316464,1765332153,65.85900115966797,23.43000030517578,110.31099700927734,-13.559000015258789,0.0,-2.055,1.222,0.0,zedx_boom_imu_link,zedx_boom_left_camera_frame,995953525,1765332152,0.999992847442627,0.003616482252255082,0.0005469119059853256,-0.0009107014629989862,0.0,-0.03564900532364845,-0.00014700002793688327
1765332153000000000,-159.72300720214844,excavator_base_link,198742085,1765332153,2.400394198074516,0.5010742666011874,0.0,0.0,0.0,0.0,0.0,127,0,0.0,169435755,1765332153,0.0,4,f,0,4,f,0,4,f,0,59.579,gps,196566401,1765332153,36.40011877766667,127.36124380466667,0.6400000000000001,0.0,0.0,0.0,0.6400000000000001,0.0,0.0,0.0,2.5600000000000005,1,1,1,0.1,0.0,0.0,0.0,0.0,0.0,0.1,0.0,0.0,0.0,0.0,0.0,0.0,0.0,0.1,0.0,0.0,0.0,0.0,0.0,0.0,0.1,0.0,0.0,0.0,0.0,0.0,0.0,0.0,0.1,0.0,0.0,0.0,0.1,0.0,0.0,0.0,0.0,0.0,-0.0005184570499124303,-0.003835253791021712,9.14173942206772e-06,8,d,gps,197269611,1765332153,-56.02699999999999,-2.071,1.255,0,0,-41.82699966430664,4,f,0,4,f,0,4,f,0,4,f,0,-12.618000030517578,-14.199999809265137,False,True,100.0,59.579,gps,96612488,1765332153,36.400118800166666,127.36124380166666,0.6400000000000001,0.0,0.0,0.0,0.6400000000000001,0.0,0.0,0.0,2.5600000000000005,1,1,1,0.1,0.0,0.0,0.0,0.0,0.0,0.1,0.0,0.0,0.0,0.0,0.0,0.0,0.0,0.1,0.0,0.0,0.0,0.0,0.0,0.0,0.1,0.0,0.0,0.0,0.0,0.0,0.0,0.0,0.1,0.0,0.0,0.0,0.1,0.0,0.0,0.0,0.0,0.0,-0.0005175971088155105,-0.0038354828451871567,9.142060758825917e-06,excavator_base,171199075,1765332153,True,50.0,False,92.69999694824219,-2.859999895095825,False,False,-20.989999771118164,-2.25,False,False,60.029998779296875,-10.479999542236328,False,excavator_base,171312175,1765332153,-13.177000045776367,False,0.0,0.0,0.0,0.0,0.0,0.0,0.0,0.0,0.0,excavator_base,171355444,1765332153,False,False,-13.177000045776367,0.0,0,False,,0,0,0.0,0.0,False,0.0,0.0,0.0,0,False,,0,0,False,0.0,0.0,0,default,1259.0,1313.0,False,1500.0,531.0,False,1503.0,1134.0,False,excavator_base,171266250,1765332153,0.0,0.0,-13.177000045776367,False,True,True,True,0,False,True,0,excavator_base,171419354,1765332153,0,True,0.0,0.0,0.0,0,0,False,0,True,True,24.0,True,8,d,gps,197839174,1765332153,-56.02699999999999,-2.071,1.255,0,0,0.0,59.579,0.0,0.0,0.8,gps,197650515,1765332153,-56.02699999999999,36.40011877766667,127.36124380466667,0,1,14,0.0,0.0,0,0,0.0,0.0,59.579,36.400118800166666,127.36124380166666,0.0,0.0,0.0,0.0,0.0,0.0,0.0,0.0,0.0,-56.58600000000001,base_link,156350770,1765332153,65.87899780273438,23.966999053955078,110.2509994506836,-13.177000045776367,0.0,-2.062,1.213,0.0,zedx_boom_imu_link,zedx_boom_left_camera_frame,97474091,1765332153,0.999992847442627,0.003616482252255082,0.0005469119059853256,-0.0009107014629989862,0.0,-0.03564900532364845,-0.00014700002793688327
1765332153100000000,-159.2239990234375,excavator_base_link,303092170,1765332153,2.4045265781616707,0.5197751339748876,0.0,0.0,0.0,0.0,0.0,127,0,0.0,269749578,1765332153,0.0,4,f,0,4,f,0,4,f,0,59.58,gps,296567424,1765332153,36.400118756,127.36124380666666,0.6400000000000001,0.0,0.0,0.0,0.6400000000000001,0.0,0.0,0.0,2.5600000000000005,1,1,1,0.1,0.0,0.0,0.0,0.0,0.0,0.1,0.0,0.0,0.0,0.0,0.0,0.0,0.0,0.1,0.0,0.0,0.0,0.0,0.0,0.0,0.1,0.0,0.0,0.0,0.0,0.0,0.0,0.0,0.1,0.0,0.0,0.0,0.1,0.0,0.0,0.0,0.0,0.0,-0.0005192843991475113,-0.003835056096438052,9.493010940162273e-06,8,d,gps,297299212,1765332153,-55.46799999999999,-2.08,1.293,0,0,-41.768001556396484,4,f,0,4,f,0,4,f,0,4,f,0,-12.059000015258789,-13.699999809265137,False,True,100.0,59.579,gps,196566401,1765332153,36.40011877766667,127.36124380466667,0.6400000000000001,0.0,0.0,0.0,0.6400000000000001,0.0,0.0,0.0,2.5600000000000005,1,1,1,0.1,0.0,0.0,0.0,0.0,0.0,0.1,0.0,0.0,0.0,0.0,0.0,0.0,0.0,0.1,0.0,0.0,0.0,0.0,0.0,0.0,0.1,0.0,0.0,0.0,0.0,0.0,0.0,0.0,0.1,0.0,0.0,0.0,0.1,0.0,0.0,0.0,0.0,0.0,-0.0005184570499124303,-0.003835253791021712,9.14173942206772e-06,excavator_base,271993621,1765332153,True,50.0,False,92.1500015258789,-2.890000104904175,False,False,-21.520000457763672,-2.2799999713897705,False,False,59.540000915527344,-10.489999771118164,False,excavator_base,272109953,1765332153,-12.618000030517578,False,0.0,0.0,0.0,0.0,0.0,0.0,0.0,0.0,0.0,excavator_base,272145444,1765332153,False,False,-12.618000030517578,0.0,0,False,,0,0,0.0,0.0,False,0.0,0.0,0.0,0,False,,0,0,False,0.0,0.0,0,default,1255.0,1310.0,False,1578.0,531.0,False,1504.0,1136.0,False,excavator_base,272068252,1765332153,0.0,0.0,-12.618000030517578,False,True,True,True,0,False,True,0,excavator_base,272197066,1765332153,0,True,0.0,0.0,0.0,0,0,False,0,True,True,24.0,True,8,d,gps,297725753,1765332153,-55.46799999999999,-2.08,1.293,0,0,0.0,59.58,0.0,0.0,0.8,gps,297562664,1765332153,-55.46799999999999,36.400118756,127.36124380666666,0,1,14,0.0,0.0,0,0,0.0,0.0,59.579,36.40011877766667,127.36124380466667,0.0,0.0,0.0,0.0,0.0,0.0,0.0,0.0,0.0,-56.02699999999999,base_link,256300171,1765332153,65.81900024414062,24.506000518798828,110.16100311279297,-12.618000030517578,0.0,-2.071,1.255,0.0,zedx_boom_imu_link,zedx_boom_left_camera_frame,194503672,1765332153,0.999992847442627,0.003616482252255082,0.0005469119059853256,-0.0009107014629989862,0.0,-0.03564900532364845,-0.00014700002793688327
1765332153200000000,-158.51499938964844,excavator_base_link,399536308,1765332153,2.407774248461323,0.5477665148550497,0.0,0.0,0.0,0.0,0.0,127,0,0.0,369523888,1765332153,0.0,4,f,0,4,f,0,4,f,0,59.58,gps,396553628,1765332153,36.40011873666667,127.36124381116667,0.6400000000000001,0.0,0.0,0.0,0.6400000000000001,0.0,0.0,0.0,2.5600000000000005,1,1,1,0.1,0.0,0.0,0.0,0.0,0.0,0.1,0.0,0.0,0.0,0.0,0.0,0.0,0.0,0.1,0.0,0.0,0.0,0.0,0.0,0.0,0.1,0.0,0.0,0.0,0.0,0.0,0.0,0.0,0.1,0.0,0.0,0.0,0.1,0.0,0.0,0.0,0.0,0.0,-0.0005200206366645306,-0.0038347799331849212,9.492677233931633e-06,8,d,gps,397308619,1765332153,-54.882000000000005,-2.087,1.283,0,0,-41.78200149536133,4,f,0,4,f,0,4,f,0,4,f,0,-11.472999572753906,-13.100000381469727,False,True,100.0,59.58,gps,296567424,1765332153,36.400118756,127.36124380666666,0.6400000000000001,0.0,0.0,0.0,0.6400000000000001,0.0,0.0,0.0,2.5600000000000005,1,1,1,0.1,0.0,0.0,0.0,0.0,0.0,0.1,0.0,0.0,0.0,0.0,0.0,0.0,0.0,0.1,0.0,0.0,0.0,0.0,0.0,0.0,0.1,0.0,0.0,0.0,0.0,0.0,0.0,0.0,0.1,0.0,0.0,0.0,0.1,0.0,0.0,0.0,0.0,0.0,-0.0005192843991475113,-0.003835056096438052,9.493010940162273e-06,excavator_base,371172701,1765332153,True,50.0,False,91.43000030517578,-2.680000066757202,False,False,-22.34000015258789,-2.240000009536743,False,False,58.84000015258789,-10.1899995803833,False,excavator_base,371286921,1765332153,-12.059000015258789,False,0.0,0.0,0.0,0.0,0.0,0.0,0.0,0.0,0.0,excavator_base,371337518,1765332153,False,False,-12.059000015258789,0.0,0,False,,0,0,0.0,0.0,False,0.0,0.0,0.0,0,False,,0,0,False,0.0,0.0,0,default,1258.0,1313.0,False,1623.0,531.0,False,1505.0,1135.0,False,excavator_base,371241700,1765332153,0.0,0.0,-12.059000015258789,False,True,True,True,0,False,True,0,excavator_base,371401941,1765332153,0,True,0.0,0.0,0.0,0,0,False,0,True,True,24.0,True,8,d,gps,399757003,1765332153,-54.882000000000005,-2.087,1.283,0,0,0.0,59.58,0.0,0.0,0.8,gps,399451371,1765332153,-54.882000000000005,36.40011873666667,127.36124381116667,0,1,14,0.0,0.0,0,0,0.0,0.0,59.58,36.400118756,127.36124380666666,0.0,0.0,0.0,0.0,0.0,0.0,0.0,0.0,0.0,-55.46799999999999,base_link,356317579,1765332153,65.70899963378906,25.334999084472656,110.12100219726562,-12.059000015258789,0.0,-2.08,1.293,0.0,zedx_boom_imu_link,zedx_boom_left_camera_frame,295946528,1765332153,0.999992847442627,0.003616482252255082,0.0005469119059853256,-0.0009107014629989862,0.0,-0.03564900532364845,-0.00014700002793688327
1765332153300000000,-158.54800415039062,excavator_base_link,498865676,1765332153,2.3938403742504035,0.58366275804371,0.0,0.0,0.0,0.0,0.0,127,0,0.0,469502220,1765332153,0.0,4,f,0,4,f,0,4,f,0,59.58,gps,496596671,1765332153,36.400118713,127.36124381616666,0.6400000000000001,0.0,0.0,0.0,0.6400000000000001,0.0,0.0,0.0,2.5600000000000005,1,1,1,0.1,0.0,0.0,0.0,0.0,0.0,0.1,0.0,0.0,0.0,0.0,0.0,0.0,0.0,0.1,0.0,0.0,0.0,0.0,0.0,0.0,0.1,0.0,0.0,0.0,0.0,0.0,0.0,0.0,0.1,0.0,0.0,0.0,0.1,0.0,0.0,0.0,0.0,0.0,-0.000520925923002373,-0.0038344880542223497,9.492343474779007e-06,8,d,gps,497302569,1765332153,-54.18899999999999,-2.1,1.299,0,0,-41.5890007019043,4,f,0,4,f,0,4,f,0,4,f,0,-10.779999732971191,-12.600000381469727,False,True,100.0,59.58,gps,396553628,1765332153,36.40011873666667,127.36124381116667,0.6400000000000001,0.0,0.0,0.0,0.6400000000000001,0.0,0.0,0.0,2.5600000000000005,1,1,1,0.1,0.0,0.0,0.0,0.0,0.0,0.1,0.0,0.0,0.0,0.0,0.0,0.0,0.0,0.1,0.0,0.0,0.0,0.0,0.0,0.0,0.1,0.0,0.0,0.0,0.0,0.0,0.0,0.0,0.1,0.0,0.0,0.0,0.1,0.0,0.0,0.0,0.0,0.0,-0.0005200206366645306,-0.0038347799331849212,9.492677233931633e-06,excavator_base,475104823,1765332153,True,50.0,False,91.27999877929688,-2.4800000190734863,False,False,-23.299999237060547,-2.180000066757202,False,False,58.880001068115234,-9.9399995803833,False,excavator_base,475222883,1765332153,-11.472999572753906,False,0.0,0.0,0.0,0.0,0.0,0.0,0.0,0.0,0.0,excavator_base,475260679,1765332153,False,False,-11.472999572753906,0.0,0,False,,0,0,0.0,0.0,False,0.0,0.0,0.0,0,False,,0,0,False,0.0,0.0,0,default,1285.0,1314.0,False,1521.0,531.0,False,1505.0,1098.0,False,excavator_base,475178622,1765332153,0.0,0.0,-11.472999572753906,False,True,True,True,0,False,True,0,excavator_base,475315053,1765332153,0,True,0.0,0.0,0.0,0,0,False,0,True,True,24.0,True,8,d,gps,497797437,1765332153,-54.18899999999999,-2.1,1.299,0,0,0.0,59.58,0.0,0.0,0.8,gps,497587783,1765332153,-54.18899999999999,36.400118713,127.36124381616666,0,1,14,0.0,0.0,0,0,0.0,0.0,59.58,36.40011873666667,127.36124381116667,0.0,0.0,0.0,0.0,0.0,0.0,0.0,0.0,0.0,-54.882000000000005,base_link,456635754,1765332153,65.18900299072266,26.302000045776367,110.0510025024414,-11.472999572753906,0.0,-2.087,1.283,0.0,zedx_boom_imu_link,zedx_boom_left_camera_frame,397454075,1765332153,0.999992847442627,0.003616482252255082,0.0005469119059853256,-0.0009107014629989862,0.0,-0.03564900532364845,-0.00014700002793688327
1765332153400000000,-158.5850067138672,excavator_base_link,598717627,1765332153,2.3785064390185067,0.615681002483475,0.0,0.0,0.0,0.0,0.0,127,0,0.0,569443620,1765332153,0.0,4,f,0,4,f,0,4,f,0,59.58,gps,597136470,1765332153,36.400118685,127.36124382033333,0.6400000000000001,0.0,0.0,0.0,0.6400000000000001,0.0,0.0,0.0,2.5600000000000005,1,1,1,0.1,0.0,0.0,0.0,0.0,0.0,0.1,0.0,0.0,0.0,0.0,0.0,0.0,0.0,0.1,0.0,0.0,0.0,0.0,0.0,0.0,0.1,0.0,0.0,0.0,0.0,0.0,0.0,0.0,0.1,0.0,0.0,0.0,0.1,0.0,0.0,0.0,0.0,0.0,-0.000522000106774893,-0.003834221364378071,9.49200724967551e-06,8,d,gps,598076888,1765332153,-53.39599999999999,-2.109,1.35,0,0,-41.59600067138672,4,f,0,4,f,0,4,f,0,4,f,0,-9.987000465393066,-11.800000190734863,False,True,100.0,59.58,gps,496596671,1765332153,36.400118713,127.36124381616666,0.6400000000000001,0.0,0.0,0.0,0.6400000000000001,0.0,0.0,0.0,2.5600000000000005,1,1,1,0.1,0.0,0.0,0.0,0.0,0.0,0.1,0.0,0.0,0.0,0.0,0.0,0.0,0.0,0.1,0.0,0.0,0.0,0.0,0.0,0.0,0.1,0.0,0.0,0.0,0.0,0.0,0.0,0.0,0.1,0.0,0.0,0.0,0.1,0.0,0.0,0.0,0.0,0.0,-0.000520925923002373,-0.0038344880542223497,9.492343474779007e-06,excavator_base,570913438,1765332153,True,50.0,False,91.25,-2.390000104904175,False,False,-24.149999618530273,-2.1500000953674316,False,False,58.93000030517578,-9.770000457763672,False,excavator_base,571005736,1765332153,-10.779999732971191,False,0.0,0.0,0.0,0.0,0.0,0.0,0.0,0.0,0.0,excavator_base,571038731,1765332153,False,False,-10.779999732971191,0.0,0,False,,0,0,0.0,0.0,False,0.0,0.0,0.0,0,False,,0,0,False,0.0,0.0,0,default,1247.0,1314.0,False,1517.0,529.0,False,1505.0,1150.0,False,excavator_base,570968772,1765332153,0.0,0.0,-10.779999732971191,False,True,True,True,0,False,True,0,excavator_base,571088273,1765332153,0,True,0.0,0.0,0.0,0,0,False,0,True,True,24.0,True,8,d,gps,598596494,1765332153,-53.39599999999999,-2.109,1.35,0,0,0.0,59.58,0.0,0.0,0.8,gps,598410619,1765332153,-53.39599999999999,36.400118685,127.36124382033333,0,1,14,0.0,0.0,0,0,0.0,0.0,59.58,36.400118713,127.36124381616666,0.0,0.0,0.0,0.0,0.0,0.0,0.0,0.0,0.0,-54.18899999999999,base_link,557318352,1765332153,64.37899780273438,27.165000915527344,109.87100219726562,-10.779999732971191,0.0,-2.1,1.299,0.0,zedx_boom_imu_link,zedx_boom_left_camera_frame,499030568,1765332153,0.999992847442627,0.003616482252255082,0.0005469119059853256,-0.0009107014629989862,0.0,-0.03564900532364845,-0.00014700002793688327
1765332153500000000,-158.7259979248047,excavator_base_link,698691191,1765332153,2.358810910313192,0.6509259574579869,0.0,0.0,0.0,0.0,0.0,127,0,0.0,669423265,1765332153,0.0,4,f,0,4,f,0,4,f,0,59.58,gps,696678340,1765332153,36.40011865616667,127.36124382566666,0.6400000000000001,0.0,0.0,0.0,0.6400000000000001,0.0,0.0,0.0,2.5600000000000005,1,1,1,0.1,0.0,0.0,0.0,0.0,0.0,0.1,0.0,0.0,0.0,0.0,0.0,0.0,0.0,0.1,0.0,0.0,0.0,0.0,0.0,0.0,0.1,0.0,0.0,0.0,0.0,0.0,0.0,0.0,0.1,0.0,0.0,0.0,0.1,0.0,0.0,0.0,0.0,0.0,-0.0005231069936920827,-0.0038339199656340912,9.491675789011398e-06,8,d,gps,697369260,1765332153,-52.578,-2.119,1.379,0,0,-41.577999114990234,4,f,0,4,f,0,4,f,0,4,f,0,-9.168999671936035,-11.0,False,True,100.0,59.58,gps,597136470,1765332153,36.400118685,127.36124382033333,0.6400000000000001,0.0,0.0,0.0,0.6400000000000001,0.0,0.0,0.0,2.5600000000000005,1,1,1,0.1,0.0,0.0,0.0,0.0,0.0,0.1,0.0,0.0,0.0,0.0,0.0,0.0,0.0,0.1,0.0,0.0,0.0,0.0,0.0,0.0,0.1,0.0,0.0,0.0,0.0,0.0,0.0,0.0,0.1,0.0,0.0,0.0,0.1,0.0,0.0,0.0,0.0,0.0,-0.000522000106774893,-0.003834221364378071,9.49200724967551e-06,excavator_base,671208859,1765332153,True,50.0,False,91.30999755859375,-2.3499999046325684,False,False,-24.969999313354492,-2.1500000953674316,False,False,59.08000183105469,-9.670000076293945,False,excavator_base,671346826,1765332153,-9.987000465393066,False,0.0,0.0,0.0,0.0,0.0,0.0,0.0,0.0,0.0,excavator_base,671390478,1765332153,False,False,-9.987000465393066,0.0,0,False,,0,0,0.0,0.0,False,0.0,0.0,0.0,0,False,,0,0,False,0.0,0.0,0,default,1265.0,1316.0,False,1561.0,529.0,False,1507.0,1126.0,False,excavator_base,671296741,1765332153,0.0,0.0,-9.987000465393066,False,True,True,True,0,False,True,0,excavator_base,671462198,1765332153,0,True,0.0,0.0,0.0,0,0,False,0,True,True,24.0,True,8,d,gps,697761077,1765332153,-52.578,-2.119,1.379,0,0,0.0,59.58,0.0,0.0,0.8,gps,697602341,1765332153,-52.578,36.40011865616667,127.36124382566666,0,1,14,0.0,0.0,0,0,0.0,0.0,59.58,36.400118685,127.36124382033333,0.0,0.0,0.0,0.0,0.0,0.0,0.0,0.0,0.0,-53.39599999999999,base_link,656311877,1765332153,63.57899856567383,27.993999481201172,109.82099914550781,-9.987000465393066,0.0,-2.109,1.35,0.0,zedx_boom_imu_link,zedx_boom_left_camera_frame,595561656,1765332153,0.999992847442627,0.003616482252255082,0.0005469119059853256,-0.0009107014629989862,0.0,-0.03564900532364845,-0.00014700002793688327
1765332153600000000,-158.88600158691406,excavator_base_link,798702358,1765332153,2.3367378449033205,0.6914688060349213,0.0,0.0,0.0,0.0,0.0,127,0,0.0,774299997,1765332153,0.0,4,f,0,4,f,0,4,f,0,59.58,gps,796664225,1765332153,36.4001186295,127.36124383533334,0.6400000000000001,0.0,0.0,0.0,0.6400000000000001,0.0,0.0,0.0,2.5600000000000005,1,1,1,0.1,0.0,0.0,0.0,0.0,0.0,0.1,0.0,0.0,0.0,0.0,0.0,0.0,0.0,0.1,0.0,0.0,0.0,0.0,0.0,0.0,0.1,0.0,0.0,0.0,0.0,0.0,0.0,0.0,0.1,0.0,0.0,0.0,0.1,0.0,0.0,0.0,0.0,0.0,-0.0005241291393839742,-0.003833481608079549,9.49134216550442e-06,8,d,gps,797377931,1765332153,-51.75800000000001,-2.129,1.395,0,0,-41.257999420166016,4,f,0,4,f,0,4,f,0,4,f,0,-8.348999977111816,-10.5,False,True,100.0,59.58,gps,696678340,1765332153,36.40011865616667,127.36124382566666,0.6400000000000001,0.0,0.0,0.0,0.6400000000000001,0.0,0.0,0.0,2.5600000000000005,1,1,1,0.1,0.0,0.0,0.0,0.0,0.0,0.1,0.0,0.0,0.0,0.0,0.0,0.0,0.0,0.1,0.0,0.0,0.0,0.0,0.0,0.0,0.1,0.0,0.0,0.0,0.0,0.0,0.0,0.0,0.1,0.0,0.0,0.0,0.1,0.0,0.0,0.0,0.0,0.0,-0.0005231069936920827,-0.0038339199656340912,9.491675789011398e-06,excavator_base,770985474,1765332153,True,50.0,False,91.31999969482422,-2.3299999237060547,False,False,-25.920000076293945,-2.1700000762939453,False,False,59.25,-9.600000381469727,False,excavator_base,771090797,1765332153,-9.168999671936035,False,0.0,0.0,0.0,0.0,0.0,0.0,0.0,0.0,0.0,excavator_base,771125297,1765332153,False,False,-9.168999671936035,0.0,0,False,,0,0,0.0,0.0,False,0.0,0.0,0.0,0,False,,0,0,False,0.0,0.0,0,default,1259.0,1315.0,False,1581.0,529.0,False,1509.0,1131.0,False,excavator_base,771049961,1765332153,0.0,0.0,-9.168999671936035,False,True,True,True,0,False,True,0,excavator_base,771177558,1765332153,0,True,0.0,0.0,0.0,0,0,False,0,True,True,24.0,True,8,d,gps,800789072,1765332153,-51.75800000000001,-2.129,1.395,0,0,0.0,59.58,0.0,0.0,0.8,gps,800534614,1765332153,-51.75800000000001,36.4001186295,127.36124383533334,0,1,14,0.0,0.0,0,0,0.0,0.0,59.58,36.40011865616667,127.36124382566666,0.0,0.0,0.0,0.0,0.0,0.0,0.0,0.0,0.0,-52.578,base_link,756393292,1765332153,62.51900100708008,28.95400047302246,109.6709976196289,-9.168999671936035,0.0,-2.119,1.379,0.0,zedx_boom_imu_link,zedx_boom_left_camera_frame,697017245,1765332153,0.999992847442627,0.003616482252255082,0.0005469119059853256,-0.0009107014629989862,0.0,-0.03564900532364845,-0.00014700002793688327
1765332153700000000,-158.50599670410156,excavator_base_link,898724342,1765332153,2.3275066496136567,0.7261746858517121,0.0,0.0,0.0,0.0,0.0,127,0,0.0,869444223,1765332153,0.0,4,f,0,4,f,0,4,f,0,59.58,gps,896754088,1765332153,36.400118601833334,127.36124384266667,0.6400000000000001,0.0,0.0,0.0,0.6400000000000001,0.0,0.0,0.0,2.5600000000000005,1,1,1,0.1,0.0,0.0,0.0,0.0,0.0,0.1,0.0,0.0,0.0,0.0,0.0,0.0,0.0,0.1,0.0,0.0,0.0,0.0,0.0,0.0,0.1,0.0,0.0,0.0,0.0,0.0,0.0,0.0,0.1,0.0,0.0,0.0,0.1,0.0,0.0,0.0,0.0,0.0,-0.0005251902100672465,-0.0038331164043586058,9.491008174894426e-06,8,d,gps,897613378,1765332153,-50.947,-2.14,1.416,0,0,-42.05799865722656,4,f,0,4,f,0,4,f,0,4,f,0,-8.348999977111816,-9.699999809265137,False,True,100.0,59.58,gps,796664225,1765332153,36.4001186295,127.36124383533334,0.6400000000000001,0.0,0.0,0.0,0.6400000000000001,0.0,0.0,0.0,2.5600000000000005,1,1,1,0.1,0.0,0.0,0.0,0.0,0.0,0.1,0.0,0.0,0.0,0.0,0.0,0.0,0.0,0.1,0.0,0.0,0.0,0.0,0.0,0.0,0.1,0.0,0.0,0.0,0.0,0.0,0.0,0.0,0.1,0.0,0.0,0.0,0.1,0.0,0.0,0.0,0.0,0.0,-0.0005241291393839742,-0.003833481608079549,9.49134216550442e-06,excavator_base,871417774,1765332153,True,50.0,False,90.83999633789062,-2.2300000190734863,False,False,-26.959999084472656,-2.1600000858306885,False,False,58.880001068115234,-9.390000343322754,False,excavator_base,871523353,1765332153,-8.348999977111816,False,0.0,0.0,0.0,0.0,0.0,0.0,0.0,0.0,0.0,excavator_base,871558652,1765332153,False,False,-8.348999977111816,0.0,0,False,,0,0,0.0,0.0,False,0.0,0.0,0.0,0,False,,0,0,False,0.0,0.0,0,default,1238.0,1317.0,False,1562.0,529.0,False,1510.0,1157.0,False,excavator_base,871483476,1765332153,0.0,0.0,-8.348999977111816,False,True,True,True,0,False,True,0,excavator_base,871611874,1765332153,0,True,0.0,0.0,0.0,0,0,False,0,True,True,24.0,True,8,d,gps,898072178,1765332153,-50.947,-2.14,1.416,0,0,0.0,59.58,0.0,0.0,0.8,gps,897906369,1765332153,-50.947,36.400118601833334,127.36124384266667,0,1,14,0.0,0.0,0,0,0.0,0.0,59.58,36.4001186295,127.36124383533334,0.0,0.0,0.0,0.0,0.0,0.0,0.0,0.0,0.0,-51.75800000000001,base_link,856279230,1765332153,61.67900085449219,30.003999710083008,109.5510025024414,-8.348999977111816,0.0,-2.129,1.395,0.0,zedx_boom_imu_link,zedx_boom_left_camera_frame,798517305,1765332153,0.999992847442627,0.003616482252255082,0.0005469119059853256,-0.0009107014629989862,0.0,-0.03564900532364845,-0.00014700002793688327
1765332153800000000,-157.58499145507812,excavator_base_link,998686257,1765332153,2.333905525434219,0.7517214944195527,0.0,0.0,0.0,0.0,0.0,127,0,0.0,969689303,1765332153,0.0,4,f,0,4,f,0,4,f,0,59.581,gps,996752038,1765332153,36.40011857033333,127.36124385233333,0.6400000000000001,0.0,0.0,0.0,0.6400000000000001,0.0,0.0,0.0,2.5600000000000005,1,1,1,0.1,0.0,0.0,0.0,0.0,0.0,0.1,0.0,0.0,0.0,0.0,0.0,0.0,0.0,0.1,0.0,0.0,0.0,0.0,0.0,0.0,0.1,0.0,0.0,0.0,0.0,0.0,0.0,0.0,0.1,0.0,0.0,0.0,0.1,0.0,0.0,0.0,0.0,0.0,-0.0005264008021526869,-0.0038326781672691807,9.842181220815979e-06,8,d,gps,997394122,1765332153,-50.06700000000001,-2.153,1.463,0,0,-41.367000579833984,4,f,0,4,f,0,4,f,0,4,f,0,-6.6579999923706055,-8.699999809265137,False,True,100.0,59.58,gps,896754088,1765332153,36.400118601833334,127.36124384266667,0.6400000000000001,0.0,0.0,0.0,0.6400000000000001,0.0,0.0,0.0,2.5600000000000005,1,1,1,0.1,0.0,0.0,0.0,0.0,0.0,0.1,0.0,0.0,0.0,0.0,0.0,0.0,0.0,0.1,0.0,0.0,0.0,0.0,0.0,0.0,0.1,0.0,0.0,0.0,0.0,0.0,0.0,0.0,0.1,0.0,0.0,0.0,0.1,0.0,0.0,0.0,0.0,0.0,-0.0005251902100672465,-0.0038331164043586058,9.491008174894426e-06,excavator_base,970928473,1765332153,True,50.0,False,89.8499984741211,-2.2699999809265137,False,False,-27.979999542236328,-2.1600000858306885,False,False,57.970001220703125,-9.399999618530273,False,excavator_base,971028131,1765332153,-7.538000106811523,False,0.0,0.0,0.0,0.0,0.0,0.0,0.0,0.0,0.0,excavator_base,971062855,1765332153,False,False,-7.538000106811523,0.0,0,False,,0,0,0.0,0.0,False,0.0,0.0,0.0,0,False,,0,0,False,0.0,0.0,0,default,1229.0,1315.0,False,1536.0,529.0,False,1507.0,1174.0,False,excavator_base,970988351,1765332153,0.0,0.0,-7.538000106811523,False,True,True,True,0,False,True,0,excavator_base,971114028,1765332153,0,True,0.0,0.0,0.0,0,0,False,0,True,True,24.0,True,8,d,gps,997776177,1765332153,-50.06700000000001,-2.153,1.463,0,0,0.0,59.581,0.0,0.0,0.8,gps,997633763,1765332153,-50.06700000000001,36.40011857033333,127.36124385233333,0,1,14,0.0,0.0,0,0,0.0,0.0,59.58,36.400118601833334,127.36124384266667,0.0,0.0,0.0,0.0,0.0,0.0,0.0,0.0,0.0,-50.947,base_link,959264436,1765332153,61.43899917602539,31.03499984741211,109.43099975585938,-7.538000106811523,0.0,-2.14,1.416,0.0,zedx_boom_imu_link,zedx_boom_left_camera_frame,895411649,1765332153,0.999992847442627,0.003616482252255082,0.0005469119059853256,-0.0009107014629989862,0.0,-0.03564900532364845,-0.00014700002793688327
1765332153900000000,-156.7220001220703,excavator_base_link,99840136,1765332154,2.336687568356846,0.778400194154311,0.0,0.0,0.0,0.0,0.0,127,0,0.0,69990677,1765332154,0.0,4,f,0,4,f,0,4,f,0,59.581,gps,96795817,1765332154,36.40011853866667,127.361243863,0.6400000000000001,0.0,0.0,0.0,0.6400000000000001,0.0,0.0,0.0,2.5600000000000005,1,1,1,0.1,0.0,0.0,0.0,0.0,0.0,0.1,0.0,0.0,0.0,0.0,0.0,0.0,0.0,0.1,0.0,0.0,0.0,0.0,0.0,0.0,0.1,0.0,0.0,0.0,0.0,0.0,0.0,0.0,0.1,0.0,0.0,0.0,0.1,0.0,0.0,0.0,0.0,0.0,-0.0005276177916816417,-0.003832208411495837,9.841835095290543e-06,8,d,gps,97443981,1765332154,-49.179,-2.163,1.508,0,0,-41.27899932861328,4,f,0,4,f,0,4,f,0,4,f,0,-5.769999980926514,-7.900000095367432,False,True,100.0,59.581,gps,996752038,1765332153,36.40011857033333,127.36124385233333,0.6400000000000001,0.0,0.0,0.0,0.6400000000000001,0.0,0.0,0.0,2.5600000000000005,1,1,1,0.1,0.0,0.0,0.0,0.0,0.0,0.1,0.0,0.0,0.0,0.0,0.0,0.0,0.0,0.1,0.0,0.0,0.0,0.0,0.0,0.0,0.1,0.0,0.0,0.0,0.0,0.0,0.0,0.0,0.1,0.0,0.0,0.0,0.1,0.0,0.0,0.0,0.0,0.0,-0.0005264008021526869,-0.0038326781672691807,9.842181220815979e-06,excavator_base,72406897,1765332154,True,50.0,False,88.97000122070312,-2.319999933242798,False,False,-28.959999084472656,-2.180000066757202,False,False,57.119998931884766,-9.369999885559082,False,excavator_base,72530590,1765332154,-6.6579999923706055,False,0.0,0.0,0.0,0.0,0.0,0.0,0.0,0.0,0.0,excavator_base,72570147,1765332154,False,False,-6.6579999923706055,0.0,0,False,,0,0,0.0,0.0,False,0.0,0.0,0.0,0,False,,0,0,False,0.0,0.0,0,default,1257.0,1317.0,False,1546.0,529.0,False,1510.0,1149.0,False,excavator_base,72483065,1765332154,0.0,0.0,-6.6579999923706055,False,True,True,True,0,False,True,0,excavator_base,72638506,1765332154,0,True,0.0,0.0,0.0,0,0,False,0,True,True,24.0,True,8,d,gps,97825461,1765332154,-49.179,-2.163,1.508,0,0,0.0,59.581,0.0,0.0,0.8,gps,97677861,1765332154,-49.179,36.40011853866667,127.361243863,0,1,14,0.0,0.0,0,0,0.0,0.0,59.581,36.40011857033333,127.36124385233333,0.0,0.0,0.0,0.0,0.0,0.0,0.0,0.0,0.0,-50.06700000000001,base_link,56289275,1765332154,61.479000091552734,32.02799987792969,109.4209976196289,-6.6579999923706055,0.0,-2.153,1.463,0.0,zedx_boom_imu_link,zedx_boom_left_camera_frame,997100121,1765332153,0.999992847442627,0.003616482252255082,0.0005469119059853256,-0.0009107014629989862,0.0,-0.03564900532364845,-0.00014700002793688327
1765332154000000000,-156.24200439453125,excavator_base_link,198721361,1765332154,2.330121171816917,0.8113733147690062,0.0,0.0,0.0,0.0,0.0,127,0,0.0,169389780,1765332154,0.0,4,f,0,4,f,0,4,f,0,59.581,gps,197504849,1765332154,36.400118511,127.36124387633333,0.6400000000000001,0.0,0.0,0.0,0.6400000000000001,0.0,0.0,0.0,2.5600000000000005,1,1,1,0.1,0.0,0.0,0.0,0.0,0.0,0.1,0.0,0.0,0.0,0.0,0.0,0.0,0.0,0.1,0.0,0.0,0.0,0.0,0.0,0.0,0.1,0.0,0.0,0.0,0.0,0.0,0.0,0.0,0.1,0.0,0.0,0.0,0.1,0.0,0.0,0.0,0.0,0.0,-0.0005286785065693756,-0.003831653998231163,9.841486552954405e-06,8,d,gps,198229757,1765332154,-48.230999999999995,-2.165,1.512,0,0,-41.13100051879883,4,f,0,4,f,0,4,f,0,4,f,0,-4.822000026702881,-7.099999904632568,False,True,100.0,59.581,gps,96795817,1765332154,36.40011853866667,127.361243863,0.6400000000000001,0.0,0.0,0.0,0.6400000000000001,0.0,0.0,0.0,2.5600000000000005,1,1,1,0.1,0.0,0.0,0.0,0.0,0.0,0.1,0.0,0.0,0.0,0.0,0.0,0.0,0.0,0.1,0.0,0.0,0.0,0.0,0.0,0.0,0.1,0.0,0.0,0.0,0.0,0.0,0.0,0.0,0.1,0.0,0.0,0.0,0.1,0.0,0.0,0.0,0.0,0.0,-0.0005276177916816417,-0.003832208411495837,9.841835095290543e-06,excavator_base,172228029,1765332154,True,50.0,False,88.6500015258789,-2.359999895095825,False,False,-29.989999771118164,-2.2100000381469727,False,False,56.900001525878906,-9.390000343322754,False,excavator_base,172353482,1765332154,-5.769999980926514,False,0.0,0.0,0.0,0.0,0.0,0.0,0.0,0.0,0.0,excavator_base,172397583,1765332154,False,False,-5.769999980926514,0.0,0,False,,0,0,0.0,0.0,False,0.0,0.0,0.0,0,False,,0,0,False,0.0,0.0,0,default,1258.0,1318.0,False,1563.0,529.0,False,1508.0,1124.0,False,excavator_base,172303237,1765332154,0.0,0.0,-5.769999980926514,False,True,True,True,0,False,True,0,excavator_base,172460533,1765332154,0,True,0.0,0.0,0.0,0,0,False,0,True,True,24.0,True,8,d,gps,198635880,1765332154,-48.230999999999995,-2.165,1.512,0,0,0.0,59.581,0.0,0.0,0.8,gps,198482648,1765332154,-48.230999999999995,36.400118511,127.36124387633333,0,1,14,0.0,0.0,0,0,0.0,0.0,59.581,36.40011853866667,127.361243863,0.0,0.0,0.0,0.0,0.0,0.0,0.0,0.0,0.0,-49.179,base_link,156393348,1765332154,61.159000396728516,33.06800079345703,109.28099822998047,-5.769999980926514,0.0,-2.163,1.508,0.0,zedx_boom_imu_link,zedx_boom_left_camera_frame,94572048,1765332154,0.999992847442627,0.003616482252255082,0.0005469119059853256,-0.0009107014629989862,0.0,-0.03564900532364845,-0.00014700002793688327
1765332154100000000,-155.4499969482422,excavator_base_link,298691244,1765332154,2.3335512553661237,0.8367190727046657,0.0,0.0,0.0,0.0,0.0,127,0,0.0,269391858,1765332154,0.0,4,f,0,4,f,0,4,f,0,59.581,gps,296846987,1765332154,36.40011848166667,127.36124389083334,0.6400000000000001,0.0,0.0,0.0,0.6400000000000001,0.0,0.0,0.0,2.5600000000000005,1,1,1,0.1,0.0,0.0,0.0,0.0,0.0,0.1,0.0,0.0,0.0,0.0,0.0,0.0,0.0,0.1,0.0,0.0,0.0,0.0,0.0,0.0,0.1,0.0,0.0,0.0,0.0,0.0,0.0,0.0,0.1,0.0,0.0,0.0,0.1,0.0,0.0,0.0,0.0,0.0,-0.0005298044312365229,-0.003831064890825468,9.841142919742853e-06,8,d,gps,297665761,1765332154,-47.292,-2.177,1.559,0,0,-41.29199981689453,4,f,0,4,f,0,4,f,0,4,f,0,-3.882999897003174,-6.0,False,True,100.0,59.581,gps,197504849,1765332154,36.400118511,127.36124387633333,0.6400000000000001,0.0,0.0,0.0,0.6400000000000001,0.0,0.0,0.0,2.5600000000000005,1,1,1,0.1,0.0,0.0,0.0,0.0,0.0,0.1,0.0,0.0,0.0,0.0,0.0,0.0,0.0,0.1,0.0,0.0,0.0,0.0,0.0,0.0,0.1,0.0,0.0,0.0,0.0,0.0,0.0,0.0,0.1,0.0,0.0,0.0,0.1,0.0,0.0,0.0,0.0,0.0,-0.0005286785065693756,-0.003831653998231163,9.841486552954405e-06,excavator_base,275419849,1765332154,True,50.0,False,87.4000015258789,-2.2899999618530273,False,False,-31.010000228881836,-2.200000047683716,False,False,55.86000061035156,-9.210000038146973,False,excavator_base,275572921,1765332154,-4.822000026702881,False,0.0,0.0,0.0,0.0,0.0,0.0,0.0,0.0,0.0,excavator_base,275621310,1765332154,False,False,-4.822000026702881,0.0,0,False,,0,0,0.0,0.0,False,0.0,0.0,0.0,0,False,,0,0,False,0.0,0.0,0,default,1234.0,1319.0,False,1529.0,529.0,False,1510.0,1167.0,False,excavator_base,275516595,1765332154,0.0,0.0,-4.822000026702881,False,True,True,True,0,False,True,0,excavator_base,275705191,1765332154,0,True,0.0,0.0,0.0,0,0,False,0,True,True,24.0,True,8,d,gps,298079692,1765332154,-47.292,-2.177,1.559,0,0,0.0,59.581,0.0,0.0,0.8,gps,297931260,1765332154,-47.292,36.40011848166667,127.36124389083334,0,1,14,0.0,0.0,0,0,0.0,0.0,59.581,36.400118511,127.36124387633333,0.0,0.0,0.0,0.0,0.0,0.0,0.0,0.0,0.0,-48.230999999999995,base_link,256549075,1765332154,60.888999938964844,34.09000015258789,109.12100219726562,-4.822000026702881,0.0,-2.165,1.512,0.0,zedx_boom_imu_link,zedx_boom_left_camera_frame,196434315,1765332154,0.999992847442627,0.003616482252255082,0.0005469119059853256,-0.0009107014629989862,0.0,-0.03564900532364845,-0.00014700002793688327
1765332154200000000,-154.41799926757812,excavator_base_link,398674152,1765332154,2.3469808197790787,0.8527748987012286,0.0,0.0,0.0,0.0,0.0,127,0,0.0,369412051,1765332154,0.0,4,f,0,4,f,0,4,f,0,59.581,gps,396990424,1765332154,36.40011845,127.36124390616666,0.6400000000000001,0.0,0.0,0.0,0.6400000000000001,0.0,0.0,0.0,2.5600000000000005,1,1,1,0.1,0.0,0.0,0.0,0.0,0.0,0.1,0.0,0.0,0.0,0.0,0.0,0.0,0.0,0.1,0.0,0.0,0.0,0.0,0.0,0.0,0.1,0.0,0.0,0.0,0.0,0.0,0.0,0.0,0.1,0.0,0.0,0.0,0.1,0.0,0.0,0.0,0.0,0.0,-0.000531021158371132,-0.0038304486036853454,9.840796601720572e-06,8,d,gps,397797901,1765332154,-46.218999999999994,-2.19,1.593,0,0,-41.21900177001953,4,f,0,4,f,0,4,f,0,4,f,0,-2.809999942779541,-5.0,False,True,100.0,59.581,gps,296846987,1765332154,36.40011848166667,127.36124389083334,0.6400000000000001,0.0,0.0,0.0,0.6400000000000001,0.0,0.0,0.0,2.5600000000000005,1,1,1,0.1,0.0,0.0,0.0,0.0,0.0,0.1,0.0,0.0,0.0,0.0,0.0,0.0,0.0,0.1,0.0,0.0,0.0,0.0,0.0,0.0,0.1,0.0,0.0,0.0,0.0,0.0,0.0,0.0,0.1,0.0,0.0,0.0,0.1,0.0,0.0,0.0,0.0,0.0,-0.0005298044312365229,-0.003831064890825468,9.841142919742853e-06,excavator_base,371423141,1765332154,True,50.0,False,86.30999755859375,-2.299999952316284,False,False,-31.8700008392334,-2.180000066757202,False,False,54.84000015258789,-9.140000343322754,False,excavator_base,371524112,1765332154,-3.882999897003174,False,0.0,0.0,0.0,0.0,0.0,0.0,0.0,0.0,0.0,excavator_base,371557299,1765332154,False,False,-3.882999897003174,0.0,0,False,,0,0,0.0,0.0,False,0.0,0.0,0.0,0,False,,0,0,False,0.0,0.0,0,default,1228.0,1317.0,False,1507.0,529.0,False,1511.0,1173.0,False,excavator_base,371483692,1765332154,0.0,0.0,-3.882999897003174,False,True,True,True,0,False,True,0,excavator_base,371607512,1765332154,0,True,0.0,0.0,0.0,0,0,False,0,True,True,24.0,True,8,d,gps,398312130,1765332154,-46.218999999999994,-2.19,1.593,0,0,0.0,59.581,0.0,0.0,0.8,gps,398090955,1765332154,-46.218999999999994,36.40011845,127.36124390616666,0,1,14,0.0,0.0,0,0,0.0,0.0,59.581,36.40011848166667,127.36124389083334,0.0,0.0,0.0,0.0,0.0,0.0,0.0,0.0,0.0,-47.292,base_link,370572460,1765332154,61.0989990234375,34.96200180053711,109.02100372314453,-3.882999897003174,0.0,-2.177,1.559,0.0,zedx_boom_imu_link,zedx_boom_left_camera_frame,292765189,1765332154,0.999992847442627,0.003616482252255082,0.0005469119059853256,-0.0009107014629989862,0.0,-0.03564900532364845,-0.00014700002793688327
1765332154300000000,-154.11500549316406,excavator_base_link,498682023,1765332154,2.349433100331891,0.8641949878581534,0.0,0.0,0.0,0.0,0.0,127,0,0.0,469987469,1765332154,0.0,4,f,0,4,f,0,4,f,0,59.581,gps,496850344,1765332154,36.400118417,127.36124392466667,0.6400000000000001,0.0,0.0,0.0,0.6400000000000001,0.0,0.0,0.0,2.5600000000000005,1,1,1,0.1,0.0,0.0,0.0,0.0,0.0,0.1,0.0,0.0,0.0,0.0,0.0,0.0,0.0,0.1,0.0,0.0,0.0,0.0,0.0,0.0,0.1,0.0,0.0,0.0,0.0,0.0,0.0,0.0,0.1,0.0,0.0,0.0,0.1,0.0,0.0,0.0,0.0,0.0,-0.0005322898582430092,-0.003829733249643628,9.840451131787935e-06,8,d,gps,497686591,1765332154,-45.05000000000001,-2.2,1.619,0,0,-41.150001525878906,4,f,0,4,f,0,4,f,0,4,f,0,-1.6410000324249268,-3.9000000953674316,False,True,100.0,59.581,gps,396990424,1765332154,36.40011845,127.36124390616666,0.6400000000000001,0.0,0.0,0.0,0.6400000000000001,0.0,0.0,0.0,2.5600000000000005,1,1,1,0.1,0.0,0.0,0.0,0.0,0.0,0.1,0.0,0.0,0.0,0.0,0.0,0.0,0.0,0.1,0.0,0.0,0.0,0.0,0.0,0.0,0.1,0.0,0.0,0.0,0.0,0.0,0.0,0.0,0.1,0.0,0.0,0.0,0.1,0.0,0.0,0.0,0.0,0.0,-0.000531021158371132,-0.0038304486036853454,9.840796601720572e-06,excavator_base,471688575,1765332154,True,50.0,False,85.87000274658203,-2.380000114440918,False,False,-32.470001220703125,-2.2100000381469727,False,False,54.54999923706055,-9.130000114440918,False,excavator_base,471804939,1765332154,-2.809999942779541,False,0.0,0.0,0.0,0.0,0.0,0.0,0.0,0.0,0.0,excavator_base,471841039,1765332154,False,False,-2.809999942779541,0.0,0,False,,0,0,0.0,0.0,False,0.0,0.0,0.0,0,False,,0,0,False,0.0,0.0,0,default,1266.0,1319.0,False,1439.0,529.0,False,1513.0,1133.0,False,excavator_base,471761287,1765332154,0.0,0.0,-2.809999942779541,False,True,True,True,0,False,True,0,excavator_base,471894741,1765332154,0,True,0.0,0.0,0.0,0,0,False,0,True,True,24.0,True,8,d,gps,498095850,1765332154,-45.05000000000001,-2.2,1.619,0,0,0.0,59.581,0.0,0.0,0.8,gps,497941882,1765332154,-45.05000000000001,36.400118417,127.36124392466667,0,1,14,0.0,0.0,0,0,0.0,0.0,59.581,36.40011845,127.36124390616666,0.0,0.0,0.0,0.0,0.0,0.0,0.0,0.0,0.0,-46.218999999999994,base_link,456343354,1765332154,61.35900115966797,35.57500076293945,108.95099639892578,-2.809999942779541,0.0,-2.19,1.593,0.0,zedx_boom_imu_link,zedx_boom_left_camera_frame,384613106,1765332154,0.999992847442627,0.003616482252255082,0.0005469119059853256,-0.0009107014629989862,0.0,-0.03564900532364845,-0.00014700002793688327
1765332154400000000,-154.44500732421875,excavator_base_link,598693095,1765332154,2.3431085870403017,0.8687429524872768,0.0,0.0,0.0,0.0,0.0,127,0,0.0,569513338,1765332154,0.0,4,f,0,4,f,0,4,f,0,59.581,gps,596327727,1765332154,36.4001183755,127.36124394716667,0.6400000000000001,0.0,0.0,0.0,0.6400000000000001,0.0,0.0,0.0,2.5600000000000005,1,1,1,0.1,0.0,0.0,0.0,0.0,0.0,0.1,0.0,0.0,0.0,0.0,0.0,0.0,0.0,0.1,0.0,0.0,0.0,0.0,0.0,0.0,0.1,0.0,0.0,0.0,0.0,0.0,0.0,0.0,0.1,0.0,0.0,0.0,0.1,0.0,0.0,0.0,0.0,0.0,-0.0005338901224972183,-0.0038288929058502828,9.840107104221092e-06,8,d,gps,597119010,1765332154,-43.87299999999999,-2.207,1.708,0,0,-40.972999572753906,4,f,0,4,f,0,4,f,0,4,f,0,-0.46399998664855957,-2.9000000953674316,False,True,100.0,59.581,gps,496850344,1765332154,36.400118417,127.36124392466667,0.6400000000000001,0.0,0.0,0.0,0.6400000000000001,0.0,0.0,0.0,2.5600000000000005,1,1,1,0.1,0.0,0.0,0.0,0.0,0.0,0.1,0.0,0.0,0.0,0.0,0.0,0.0,0.0,0.1,0.0,0.0,0.0,0.0,0.0,0.0,0.1,0.0,0.0,0.0,0.0,0.0,0.0,0.0,0.1,0.0,0.0,0.0,0.1,0.0,0.0,0.0,0.0,0.0,-0.0005322898582430092,-0.003829733249643628,9.840451131787935e-06,excavator_base,570976531,1765332154,True,50.0,False,86.04000091552734,-2.4800000190734863,False,False,-32.650001525878906,-2.240000009536743,False,False,54.88999938964844,-9.140000343322754,False,excavator_base,571079518,1765332154,-1.6410000324249268,False,0.0,0.0,0.0,0.0,0.0,0.0,0.0,0.0,0.0,excavator_base,571115393,1765332154,False,False,-1.6410000324249268,0.0,0,False,,0,0,0.0,0.0,False,0.0,0.0,0.0,0,False,,0,0,False,0.0,0.0,0,default,1238.0,1321.0,False,1419.0,531.0,False,1512.0,1158.0,False,excavator_base,571038873,1765332154,0.0,0.0,-1.6410000324249268,False,True,True,True,0,False,True,0,excavator_base,571167495,1765332154,0,True,0.0,0.0,0.0,0,0,False,0,True,True,24.0,True,8,d,gps,597629463,1765332154,-43.87299999999999,-2.207,1.708,0,0,0.0,59.581,0.0,0.0,0.8,gps,597402816,1765332154,-43.87299999999999,36.4001183755,127.36124394716667,0,1,14,0.0,0.0,0,0,0.0,0.0,59.581,36.400118417,127.36124392466667,0.0,0.0,0.0,0.0,0.0,0.0,0.0,0.0,0.0,-45.05000000000001,base_link,557498065,1765332154,61.21900177001953,35.76499938964844,108.7509994506836,-1.6410000324249268,0.0,-2.2,1.619,0.0,zedx_boom_imu_link,zedx_boom_left_camera_frame,496463999,1765332154,0.999992847442627,0.003616482252255082,0.0005469119059853256,-0.0009107014629989862,0.0,-0.03564900532364845,-0.00014700002793688327
1765332154500000000,-154.5679931640625,excavator_base_link,698680260,1765332154,2.341107410812878,0.8716058655578779,0.0,0.0,0.0,0.0,0.0,127,0,0.0,669497494,1765332154,0.0,4,f,0,4,f,0,4,f,0,59.581,gps,696818369,1765332154,36.400118337,127.3612439695,0.6400000000000001,0.0,0.0,0.0,0.6400000000000001,0.0,0.0,0.0,2.5600000000000005,1,1,1,0.1,0.0,0.0,0.0,0.0,0.0,0.1,0.0,0.0,0.0,0.0,0.0,0.0,0.0,0.1,0.0,0.0,0.0,0.0,0.0,0.0,0.1,0.0,0.0,0.0,0.0,0.0,0.0,0.0,0.1,0.0,0.0,0.0,0.1,0.0,0.0,0.0,0.0,0.0,-0.0005353730766093444,-0.003828056601093363,9.839759880503742e-06,8,d,gps,697503976,1765332154,-42.721000000000004,-2.218,1.759,0,0,-41.12099838256836,4,f,0,4,f,0,4,f,0,4,f,0,0.6880000233650208,-1.600000023841858,False,True,100.0,59.581,gps,596327727,1765332154,36.4001183755,127.36124394716667,0.6400000000000001,0.0,0.0,0.0,0.6400000000000001,0.0,0.0,0.0,2.5600000000000005,1,1,1,0.1,0.0,0.0,0.0,0.0,0.0,0.1,0.0,0.0,0.0,0.0,0.0,0.0,0.0,0.1,0.0,0.0,0.0,0.0,0.0,0.0,0.1,0.0,0.0,0.0,0.0,0.0,0.0,0.0,0.1,0.0,0.0,0.0,0.1,0.0,0.0,0.0,0.0,0.0,-0.0005338901224972183,-0.0038288929058502828,9.840107104221092e-06,excavator_base,672013758,1765332154,True,50.0,False,86.05999755859375,-2.430000066757202,False,False,-32.61000061035156,-2.2799999713897705,False,False,55.02000045776367,-9.0,False,excavator_base,672154380,1765332154,-0.46399998664855957,False,0.0,0.0,0.0,0.0,0.0,0.0,0.0,0.0,0.0,excavator_base,672194897,1765332154,False,False,-0.46399998664855957,0.0,0,False,,0,0,0.0,0.0,False,0.0,0.0,0.0,0,False,,0,0,False,0.0,0.0,0,default,1233.0,1313.0,False,1541.0,531.0,False,1512.0,1170.0,False,excavator_base,672103559,1765332154,0.0,0.0,-0.46399998664855957,False,True,True,True,0,False,True,0,excavator_base,672255159,1765332154,0,True,0.0,0.0,0.0,0,0,False,0,True,True,24.0,True,8,d,gps,697877904,1765332154,-42.721000000000004,-2.218,1.759,0,0,0.0,59.581,0.0,0.0,0.8,gps,697734465,1765332154,-42.721000000000004,36.400118337,127.3612439695,0,1,14,0.0,0.0,0,0,0.0,0.0,59.581,36.4001183755,127.36124394716667,0.0,0.0,0.0,0.0,0.0,0.0,0.0,0.0,0.0,-43.87299999999999,base_link,656289392,1765332154,61.07899856567383,35.731998443603516,108.62100219726562,-0.46399998664855957,0.0,-2.207,1.708,0.0,zedx_boom_imu_link,zedx_boom_left_camera_frame,593287289,1765332154,0.999992847442627,0.003616482252255082,0.0005469119059853256,-0.0009107014629989862,0.0,-0.03564900532364845,-0.00014700002793688327
1765332154600000000,-153.95700073242188,excavator_base_link,798675873,1765332154,2.345342635916947,0.8751004894121654,0.0,0.0,0.0,0.0,0.0,127,0,0.0,769440463,1765332154,0.0,4,f,0,4,f,0,4,f,0,59.581,gps,796739863,1765332154,36.400118302833334,127.36124399466667,0.6400000000000001,0.0,0.0,0.0,0.6400000000000001,0.0,0.0,0.0,2.5600000000000005,1,1,1,0.1,0.0,0.0,0.0,0.0,0.0,0.1,0.0,0.0,0.0,0.0,0.0,0.0,0.0,0.1,0.0,0.0,0.0,0.0,0.0,0.0,0.1,0.0,0.0,0.0,0.0,0.0,0.0,0.0,0.1,0.0,0.0,0.0,0.1,0.0,0.0,0.0,0.0,0.0,-0.0005366869902830147,-0.0038271320498240607,9.839414352281693e-06,8,d,gps,797369369,1765332154,-41.52099999999999,-2.232,1.796,0,0,-41.020999908447266,4,f,0,4,f,0,4,f,0,4,f,0,1.8880000114440918,-0.5,False,True,100.0,59.581,gps,696818369,1765332154,36.400118337,127.3612439695,0.6400000000000001,0.0,0.0,0.0,0.6400000000000001,0.0,0.0,0.0,2.5600000000000005,1,1,1,0.1,0.0,0.0,0.0,0.0,0.0,0.1,0.0,0.0,0.0,0.0,0.0,0.0,0.0,0.1,0.0,0.0,0.0,0.0,0.0,0.0,0.1,0.0,0.0,0.0,0.0,0.0,0.0,0.0,0.1,0.0,0.0,0.0,0.1,0.0,0.0,0.0,0.0,0.0,-0.0005353730766093444,-0.003828056601093363,9.839759880503742e-06,excavator_base,773299426,1765332154,True,50.0,False,85.7300033569336,-2.200000047683716,False,False,-32.77000045776367,-2.240000009536743,False,False,54.41999816894531,-8.670000076293945,False,excavator_base,773425520,1765332154,0.6880000233650208,False,0.0,0.0,0.0,0.0,0.0,0.0,0.0,0.0,0.0,excavator_base,773482101,1765332154,False,False,0.6880000233650208,0.0,0,False,,0,0,0.0,0.0,False,0.0,0.0,0.0,0,False,,0,0,False,0.0,0.0,0,default,1206.0,1320.0,False,1589.0,531.0,False,1516.0,1146.0,False,excavator_base,773376490,1765332154,0.0,0.0,0.6880000233650208,False,True,True,True,0,False,True,0,excavator_base,773544604,1765332154,0,True,0.0,0.0,0.0,0,0,False,0,True,True,24.0,True,8,d,gps,797763042,1765332154,-41.52099999999999,-2.232,1.796,0,0,0.0,59.581,0.0,0.0,0.8,gps,797608274,1765332154,-41.52099999999999,36.400118302833334,127.36124399466667,0,1,14,0.0,0.0,0,0,0.0,0.0,59.581,36.400118337,127.3612439695,0.0,0.0,0.0,0.0,0.0,0.0,0.0,0.0,0.0,-42.721000000000004,base_link,756440415,1765332154,61.0989990234375,35.90299987792969,108.66100311279297,0.6880000233650208,0.0,-2.218,1.759,0.0,zedx_boom_imu_link,zedx_boom_left_camera_frame,695091295,1765332154,0.999992847442627,0.003616482252255082,0.0005469119059853256,-0.0009107014629989862,0.0,-0.03564900532364845,-0.00014700002793688327
1765332154700000000,-152.3730010986328,excavator_base_link,898683808,1765332154,2.3515997411579783,0.8694279057692067,0.0,0.0,0.0,0.0,0.0,127,0,0.0,869728075,1765332154,0.0,4,f,0,4,f,0,4,f,0,59.581,gps,896888548,1765332154,36.400118269000004,127.36124401583334,0.6400000000000001,0.0,0.0,0.0,0.6400000000000001,0.0,0.0,0.0,2.5600000000000005,1,1,1,0.1,0.0,0.0,0.0,0.0,0.0,0.1,0.0,0.0,0.0,0.0,0.0,0.0,0.0,0.1,0.0,0.0,0.0,0.0,0.0,0.0,0.1,0.0,0.0,0.0,0.0,0.0,0.0,0.0,0.1,0.0,0.0,0.0,0.1,0.0,0.0,0.0,0.0,0.0,-0.0005379877650241962,-0.0038263328231462708,9.839068027313858e-06,8,d,gps,897587630,1765332154,-40.370000000000005,-2.231,1.818,0,0,-40.869998931884766,4,f,0,4,f,0,4,f,0,4,f,0,3.0390000343322754,0.5,False,True,100.0,59.581,gps,796739863,1765332154,36.400118302833334,127.36124399466667,0.6400000000000001,0.0,0.0,0.0,0.6400000000000001,0.0,0.0,0.0,2.5600000000000005,1,1,1,0.1,0.0,0.0,0.0,0.0,0.0,0.1,0.0,0.0,0.0,0.0,0.0,0.0,0.0,0.1,0.0,0.0,0.0,0.0,0.0,0.0,0.1,0.0,0.0,0.0,0.0,0.0,0.0,0.0,0.1,0.0,0.0,0.0,0.1,0.0,0.0,0.0,0.0,0.0,-0.0005366869902830147,-0.0038271320498240607,9.839414352281693e-06,excavator_base,871942899,1765332154,True,50.0,False,85.5999984741211,-2.180000066757202,False,False,-33.13999938964844,-2.259999990463257,False,False,53.619998931884766,-8.59000015258789,False,excavator_base,872065823,1765332154,1.8880000114440918,False,0.0,0.0,0.0,0.0,0.0,0.0,0.0,0.0,0.0,excavator_base,872102947,1765332154,False,False,1.8880000114440918,0.0,0,False,,0,0,0.0,0.0,False,0.0,0.0,0.0,0,False,,0,0,False,0.0,0.0,0,default,1164.0,1323.0,False,1567.0,531.0,False,1514.0,1124.0,False,excavator_base,872020219,1765332154,0.0,0.0,1.8880000114440918,False,True,True,True,0,False,True,0,excavator_base,872160393,1765332154,0,True,0.0,0.0,0.0,0,0,False,0,True,True,24.0,True,8,d,gps,897965877,1765332154,-40.370000000000005,-2.231,1.818,0,0,0.0,59.581,0.0,0.0,0.8,gps,897809925,1765332154,-40.370000000000005,36.400118269000004,127.36124401583334,0,1,14,0.0,0.0,0,0,0.0,0.0,59.581,36.400118302833334,127.36124399466667,0.0,0.0,0.0,0.0,0.0,0.0,0.0,0.0,0.0,-41.52099999999999,base_link,857982238,1765332154,61.058998107910156,36.2869987487793,109.51100158691406,1.8880000114440918,0.0,-2.232,1.796,0.0,zedx_boom_imu_link,zedx_boom_left_camera_frame,791508457,1765332154,0.999992847442627,0.003616482252255082,0.0005469119059853256,-0.0009107014629989862,0.0,-0.03564900532364845,-0.00014700002793688327
1765332154800000000,-150.83399963378906,excavator_base_link,999054053,1765332154,2.3611737482063617,0.8591261232382956,0.0,0.0,0.0,0.0,0.0,127,0,0.0,969939423,1765332154,0.0,4,f,0,4,f,0,4,f,0,59.581,gps,996736243,1765332154,36.4001182345,127.36124403966667,0.6400000000000001,0.0,0.0,0.0,0.6400000000000001,0.0,0.0,0.0,2.5600000000000005,1,1,1,0.1,0.0,0.0,0.0,0.0,0.0,0.1,0.0,0.0,0.0,0.0,0.0,0.0,0.0,0.1,0.0,0.0,0.0,0.0,0.0,0.0,0.1,0.0,0.0,0.0,0.0,0.0,0.0,0.0,0.1,0.0,0.0,0.0,0.1,0.0,0.0,0.0,0.0,0.0,-0.0005393145083316068,-0.0038254503443785437,9.838722775996342e-06,8,d,gps,997410617,1765332154,-39.241000000000014,-2.246,1.885,0,0,-40.840999603271484,4,f,0,4,f,0,4,f,0,4,f,0,4.168000221252441,1.600000023841858,False,True,100.0,59.581,gps,896888548,1765332154,36.400118269000004,127.36124401583334,0.6400000000000001,0.0,0.0,0.0,0.6400000000000001,0.0,0.0,0.0,2.5600000000000005,1,1,1,0.1,0.0,0.0,0.0,0.0,0.0,0.1,0.0,0.0,0.0,0.0,0.0,0.0,0.0,0.1,0.0,0.0,0.0,0.0,0.0,0.0,0.1,0.0,0.0,0.0,0.0,0.0,0.0,0.0,0.1,0.0,0.0,0.0,0.1,0.0,0.0,0.0,0.0,0.0,-0.0005379877650241962,-0.0038263328231462708,9.839068027313858e-06,excavator_base,971419994,1765332154,True,50.0,False,85.25,-2.180000066757202,False,False,-33.470001220703125,-2.2799999713897705,False,False,51.310001373291016,-8.4399995803833,False,excavator_base,971566473,1765332154,3.0390000343322754,False,0.0,0.0,0.0,0.0,0.0,0.0,0.0,0.0,0.0,excavator_base,971611406,1765332154,False,False,3.0390000343322754,0.0,0,False,,0,0,0.0,0.0,False,0.0,0.0,0.0,0,False,,0,0,False,0.0,0.0,0,default,1122.0,1318.0,False,1526.0,531.0,False,1512.0,1056.0,False,excavator_base,971503075,1765332154,0.0,0.0,3.0390000343322754,False,True,True,True,0,False,True,0,excavator_base,971673877,1765332154,0,True,0.0,0.0,0.0,0,0,False,0,True,True,24.0,True,8,d,gps,997790433,1765332154,-39.241000000000014,-2.246,1.885,0,0,0.0,59.581,0.0,0.0,0.8,gps,997649842,1765332154,-39.241000000000014,36.4001182345,127.36124403966667,0,1,14,0.0,0.0,0,0,0.0,0.0,59.581,36.400118269000004,127.36124401583334,0.0,0.0,0.0,0.0,0.0,0.0,0.0,0.0,0.0,-40.370000000000005,base_link,956390326,1765332154,60.96900177001953,36.61600112915039,110.82099914550781,3.0390000343322754,0.0,-2.231,1.818,0.0,zedx_boom_imu_link,zedx_boom_left_camera_frame,898352943,1765332154,0.999992847442627,0.003616482252255082,0.0005469119059853256,-0.0009107014629989862,0.0,-0.03564900532364845,-0.00014700002793688327
1765332154900000000,-149.77899169921875,excavator_base_link,99347458,1765332155,2.3684365271899495,0.8543479951992529,0.0,0.0,0.0,0.0,0.0,127,0,0.0,69429224,1765332155,0.0,4,f,0,4,f,0,4,f,0,59.581,gps,96948839,1765332155,36.40011819666667,127.36124406566667,0.6400000000000001,0.0,0.0,0.0,0.6400000000000001,0.0,0.0,0.0,2.5600000000000005,1,1,1,0.1,0.0,0.0,0.0,0.0,0.0,0.1,0.0,0.0,0.0,0.0,0.0,0.0,0.0,0.1,0.0,0.0,0.0,0.0,0.0,0.0,0.1,0.0,0.0,0.0,0.0,0.0,0.0,0.0,0.1,0.0,0.0,0.0,0.1,0.0,0.0,0.0,0.0,0.0,-0.0005407710961303712,-0.003824499420945935,9.838376288716347e-06,8,d,gps,97745019,1765332155,-38.12100000000001,-2.249,1.943,0,0,-40.72100067138672,4,f,0,4,f,0,4,f,0,4,f,0,5.288000106811523,2.5999999046325684,False,True,100.0,59.581,gps,996736243,1765332154,36.4001182345,127.36124403966667,0.6400000000000001,0.0,0.0,0.0,0.6400000000000001,0.0,0.0,0.0,2.5600000000000005,1,1,1,0.1,0.0,0.0,0.0,0.0,0.0,0.1,0.0,0.0,0.0,0.0,0.0,0.0,0.0,0.1,0.0,0.0,0.0,0.0,0.0,0.0,0.1,0.0,0.0,0.0,0.0,0.0,0.0,0.0,0.1,0.0,0.0,0.0,0.1,0.0,0.0,0.0,0.0,0.0,-0.0005393145083316068,-0.0038254503443785437,9.838722775996342e-06,excavator_base,71022991,1765332155,True,50.0,False,85.02999877929688,-2.1500000953674316,False,False,-33.68000030517578,-2.299999952316284,False,False,50.27000045776367,-8.279999732971191,False,excavator_base,71124825,1765332155,4.168000221252441,False,0.0,0.0,0.0,0.0,0.0,0.0,0.0,0.0,0.0,excavator_base,71159645,1765332155,False,False,4.168000221252441,0.0,0,False,,0,0,0.0,0.0,False,0.0,0.0,0.0,0,False,,0,0,False,0.0,0.0,0,default,1152.0,1319.0,False,1526.0,531.0,False,1512.0,1046.0,False,excavator_base,71086229,1765332155,0.0,0.0,4.168000221252441,False,True,True,True,0,False,True,0,excavator_base,71213443,1765332155,0,True,0.0,0.0,0.0,0,0,False,0,True,True,24.0,True,8,d,gps,98240206,1765332155,-38.12100000000001,-2.249,1.943,0,0,0.0,59.581,0.0,0.0,0.8,gps,98049018,1765332155,-38.12100000000001,36.40011819666667,127.36124406566667,0,1,14,0.0,0.0,0,0,0.0,0.0,59.581,36.4001182345,127.36124403966667,0.0,0.0,0.0,0.0,0.0,0.0,0.0,0.0,0.0,-39.241000000000014,base_link,56276104,1765332155,60.979000091552734,36.840999603271484,111.94100189208984,4.168000221252441,0.0,-2.246,1.885,0.0,zedx_boom_imu_link,zedx_boom_left_camera_frame,990006370,1765332154,0.999992847442627,0.003616482252255082,0.0005469119059853256,-0.0009107014629989862,0.0,-0.03564900532364845,-0.00014700002793688327
1765332155000000000,-148.88600158691406,excavator_base_link,199612636,1765332155,2.367987741059643,0.8628210014980313,0.0,0.0,0.0,0.0,0.0,127,0,0.0,169397251,1765332155,0.0,4,f,0,4,f,0,4,f,0,59.581,gps,196783028,1765332155,36.40011816966667,127.36124408816667,0.6400000000000001,0.0,0.0,0.0,0.6400000000000001,0.0,0.0,0.0,2.5600000000000005,1,1,1,0.1,0.0,0.0,0.0,0.0,0.0,0.1,0.0,0.0,0.0,0.0,0.0,0.0,0.0,0.1,0.0,0.0,0.0,0.0,0.0,0.0,0.1,0.0,0.0,0.0,0.0,0.0,0.0,0.0,0.1,0.0,0.0,0.0,0.1,0.0,0.0,0.0,0.0,0.0,-0.0005418051204682996,-0.003823658767747011,9.838030685412593e-06,8,d,gps,197853156,1765332155,-37.06100000000001,-2.266,2.025,0,0,-41.56100082397461,4,f,0,4,f,0,4,f,0,4,f,0,6.3480000495910645,4.5,False,True,100.0,59.581,gps,96948839,1765332155,36.40011819666667,127.36124406566667,0.6400000000000001,0.0,0.0,0.0,0.6400000000000001,0.0,0.0,0.0,2.5600000000000005,1,1,1,0.1,0.0,0.0,0.0,0.0,0.0,0.1,0.0,0.0,0.0,0.0,0.0,0.0,0.0,0.1,0.0,0.0,0.0,0.0,0.0,0.0,0.1,0.0,0.0,0.0,0.0,0.0,0.0,0.0,0.1,0.0,0.0,0.0,0.1,0.0,0.0,0.0,0.0,0.0,-0.0005407710961303712,-0.003824499420945935,9.838376288716347e-06,excavator_base,171639117,1765332155,True,50.0,False,84.7300033569336,-2.1500000953674316,False,False,-33.9900016784668,-2.319999933242798,False,False,49.380001068115234,-8.1899995803833,False,excavator_base,171768091,1765332155,5.288000106811523,False,0.0,0.0,0.0,0.0,0.0,0.0,0.0,0.0,0.0,excavator_base,171807359,1765332155,False,False,5.288000106811523,0.0,0,False,,0,0,0.0,0.0,False,0.0,0.0,0.0,0,False,,0,0,False,0.0,0.0,0,default,1137.0,1319.0,False,1630.0,531.0,False,1514.0,1044.0,False,excavator_base,171713237,1765332155,0.0,0.0,5.288000106811523,False,True,True,True,0,False,True,0,excavator_base,171863397,1765332155,0,True,0.0,0.0,0.0,0,0,False,0,True,True,24.0,True,8,d,gps,198473509,1765332155,-37.06100000000001,-2.266,2.025,0,0,0.0,59.581,0.0,0.0,0.8,gps,198250222,1765332155,-37.06100000000001,36.40011816966667,127.36124408816667,0,1,14,0.0,0.0,0,0,0.0,0.0,59.581,36.40011819666667,127.36124406566667,0.0,0.0,0.0,0.0,0.0,0.0,0.0,0.0,0.0,-38.12100000000001,base_link,156343405,1765332155,60.87900161743164,37.15399932861328,112.57099914550781,5.288000106811523,0.0,-2.249,1.943,0.0,zedx_boom_imu_link,zedx_boom_left_camera_frame,96589661,1765332155,0.999992847442627,0.003616482252255082,0.0005469119059853256,-0.0009107014629989862,0.0,-0.03564900532364845,-0.00014700002793688327
1765332155100000000,-147.5489959716797,excavator_base_link,298670872,1765332155,2.37077472380821,0.8864444581316214,0.0,0.0,0.0,0.0,0.0,127,0,0.0,269484490,1765332155,0.0,4,f,0,4,f,0,4,f,0,59.581,gps,296937506,1765332155,36.40011814816667,127.36124411183333,0.6400000000000001,0.0,0.0,0.0,0.6400000000000001,0.0,0.0,0.0,2.5600000000000005,1,1,1,0.1,0.0,0.0,0.0,0.0,0.0,0.1,0.0,0.0,0.0,0.0,0.0,0.0,0.0,0.1,0.0,0.0,0.0,0.0,0.0,0.0,0.1,0.0,0.0,0.0,0.0,0.0,0.0,0.0,0.1,0.0,0.0,0.0,0.1,0.0,0.0,0.0,0.0,0.0,-0.0005426245744529119,-0.0038227815439944098,9.837685086610899e-06,8,d,gps,297613449,1765332155,-36.02799999999999,-2.263,2.018,0,0,-41.327999114990234,4,f,0,4,f,0,4,f,0,4,f,0,7.38100004196167,5.300000190734863,False,True,100.0,59.581,gps,196783028,1765332155,36.40011816966667,127.36124408816667,0.6400000000000001,0.0,0.0,0.0,0.6400000000000001,0.0,0.0,0.0,2.5600000000000005,1,1,1,0.1,0.0,0.0,0.0,0.0,0.0,0.1,0.0,0.0,0.0,0.0,0.0,0.0,0.0,0.1,0.0,0.0,0.0,0.0,0.0,0.0,0.1,0.0,0.0,0.0,0.0,0.0,0.0,0.0,0.1,0.0,0.0,0.0,0.1,0.0,0.0,0.0,0.0,0.0,-0.0005418051204682996,-0.003823658767747011,9.838030685412593e-06,excavator_base,271638956,1765332155,True,50.0,False,83.83000183105469,-2.240000009536743,False,False,-34.81999969482422,-2.319999933242798,False,False,48.060001373291016,-8.180000305175781,False,excavator_base,271785115,1765332155,6.3480000495910645,False,0.0,0.0,0.0,0.0,0.0,0.0,0.0,0.0,0.0,excavator_base,271833312,1765332155,False,False,6.3480000495910645,0.0,0,False,,0,0,0.0,0.0,False,0.0,0.0,0.0,0,False,,0,0,False,0.0,0.0,0,default,1158.0,1319.0,False,1723.0,531.0,False,1514.0,1077.0,False,excavator_base,271730709,1765332155,0.0,0.0,6.3480000495910645,False,True,True,True,0,False,True,0,excavator_base,271903719,1765332155,0,True,0.0,0.0,0.0,0,0,False,0,True,True,24.0,True,8,d,gps,298072441,1765332155,-36.02799999999999,-2.263,2.018,0,0,0.0,59.581,0.0,0.0,0.8,gps,297844289,1765332155,-36.02799999999999,36.40011814816667,127.36124411183333,0,1,14,0.0,0.0,0,0,0.0,0.0,59.581,36.40011816966667,127.36124408816667,0.0,0.0,0.0,0.0,0.0,0.0,0.0,0.0,0.0,-37.06100000000001,base_link,256347724,1765332155,60.61899948120117,38.000999450683594,113.10099792480469,6.3480000495910645,0.0,-2.266,2.025,0.0,zedx_boom_imu_link,zedx_boom_left_camera_frame,187909619,1765332155,0.999992847442627,0.003616482252255082,0.0005469119059853256,-0.0009107014629989862,0.0,-0.03564900532364845,-0.00014700002793688327
1765332155200000000,-145.86199951171875,excavator_base_link,400400363,1765332155,2.380030107124924,0.9123227141056632,0.0,0.0,0.0,0.0,0.0,127,0,0.0,369422594,1765332155,0.0,4,f,0,4,f,0,4,f,0,59.581,gps,397122228,1765332155,36.4001181315,127.3612441365,0.6400000000000001,0.0,0.0,0.0,0.6400000000000001,0.0,0.0,0.0,2.5600000000000005,1,1,1,0.1,0.0,0.0,0.0,0.0,0.0,0.1,0.0,0.0,0.0,0.0,0.0,0.0,0.0,0.1,0.0,0.0,0.0,0.0,0.0,0.0,0.1,0.0,0.0,0.0,0.0,0.0,0.0,0.0,0.1,0.0,0.0,0.0,0.1,0.0,0.0,0.0,0.0,0.0,-0.0005432553642020198,-0.0038218721739027247,9.83733740672047e-06,8,d,gps,398812517,1765332155,-35.102000000000004,-2.27,2.029,0,0,-41.402000427246094,4,f,0,4,f,0,4,f,0,4,f,0,8.307000160217285,6.300000190734863,False,True,100.0,59.581,gps,296937506,1765332155,36.40011814816667,127.36124411183333,0.6400000000000001,0.0,0.0,0.0,0.6400000000000001,0.0,0.0,0.0,2.5600000000000005,1,1,1,0.1,0.0,0.0,0.0,0.0,0.0,0.1,0.0,0.0,0.0,0.0,0.0,0.0,0.0,0.1,0.0,0.0,0.0,0.0,0.0,0.0,0.1,0.0,0.0,0.0,0.0,0.0,0.0,0.0,0.1,0.0,0.0,0.0,0.1,0.0,0.0,0.0,0.0,0.0,-0.0005426245744529119,-0.0038227815439944098,9.837685086610899e-06,excavator_base,371480249,1765332155,True,50.0,False,82.55999755859375,-2.2799999713897705,False,False,-36.040000915527344,-2.3299999237060547,False,False,46.369998931884766,-8.119999885559082,False,excavator_base,371577475,1765332155,7.38100004196167,False,0.0,0.0,0.0,0.0,0.0,0.0,0.0,0.0,0.0,excavator_base,371611335,1765332155,False,False,7.38100004196167,0.0,0,False,,0,0,0.0,0.0,False,0.0,0.0,0.0,0,False,,0,0,False,0.0,0.0,0,default,1172.0,1319.0,False,1609.0,531.0,False,1514.0,1125.0,False,excavator_base,371540480,1765332155,0.0,0.0,7.38100004196167,False,True,True,True,0,False,True,0,excavator_base,371663212,1765332155,0,True,0.0,0.0,0.0,0,0,False,0,True,True,24.0,True,8,d,gps,399475658,1765332155,-35.102000000000004,-2.27,2.029,0,0,0.0,59.581,0.0,0.0,0.8,gps,399306360,1765332155,-35.102000000000004,36.4001181315,127.3612441365,0,1,14,0.0,0.0,0,0,0.0,0.0,59.581,36.40011814816667,127.36124411183333,0.0,0.0,0.0,0.0,0.0,0.0,0.0,0.0,0.0,-36.02799999999999,base_link,356307878,1765332155,60.54899978637695,39.21799850463867,113.51100158691406,7.38100004196167,0.0,-2.263,2.018,0.0,zedx_boom_imu_link,zedx_boom_left_camera_frame,299562672,1765332155,0.999992847442627,0.003616482252255082,0.0005469119059853256,-0.0009107014629989862,0.0,-0.03564900532364845,-0.00014700002793688327
1765332155300000000,-144.10499572753906,excavator_base_link,498898060,1765332155,2.3944207836592137,0.9256956225118549,0.0,0.0,0.0,0.0,0.0,127,0,0.0,469387965,1765332155,0.0,4,f,0,4,f,0,4,f,0,59.581,gps,496993253,1765332155,36.400118119333335,127.36124415633333,0.6400000000000001,0.0,0.0,0.0,0.6400000000000001,0.0,0.0,0.0,2.5600000000000005,1,1,1,0.1,0.0,0.0,0.0,0.0,0.0,0.1,0.0,0.0,0.0,0.0,0.0,0.0,0.0,0.1,0.0,0.0,0.0,0.0,0.0,0.0,0.1,0.0,0.0,0.0,0.0,0.0,0.0,0.0,0.1,0.0,0.0,0.0,0.1,0.0,0.0,0.0,0.0,0.0,-0.0005437108336319141,-0.0038211160480272183,9.836993536681271e-06,8,d,gps,497728882,1765332155,-34.29599999999999,-2.273,2.028,0,0,-41.69599914550781,4,f,0,4,f,0,4,f,0,4,f,0,9.11299991607666,7.400000095367432,False,True,100.0,59.581,gps,397122228,1765332155,36.4001181315,127.3612441365,0.6400000000000001,0.0,0.0,0.0,0.6400000000000001,0.0,0.0,0.0,2.5600000000000005,1,1,1,0.1,0.0,0.0,0.0,0.0,0.0,0.1,0.0,0.0,0.0,0.0,0.0,0.0,0.0,0.1,0.0,0.0,0.0,0.0,0.0,0.0,0.1,0.0,0.0,0.0,0.0,0.0,0.0,0.0,0.1,0.0,0.0,0.0,0.1,0.0,0.0,0.0,0.0,0.0,-0.0005432553642020198,-0.0038218721739027247,9.83733740672047e-06,excavator_base,472098584,1765332155,True,50.0,False,81.5,-2.130000114440918,False,False,-37.150001525878906,-2.319999933242798,False,False,44.619998931884766,-7.869999885559082,False,excavator_base,472211300,1765332155,8.307000160217285,False,0.0,0.0,0.0,0.0,0.0,0.0,0.0,0.0,0.0,excavator_base,472247592,1765332155,False,False,8.307000160217285,0.0,0,False,,0,0,0.0,0.0,False,0.0,0.0,0.0,0,False,,0,0,False,0.0,0.0,0,default,1195.0,1323.0,False,1501.0,531.0,False,1514.0,1183.0,False,excavator_base,472165759,1765332155,0.0,0.0,8.307000160217285,False,True,True,True,0,False,True,0,excavator_base,472298189,1765332155,0,True,0.0,0.0,0.0,0,0,False,0,True,True,24.0,True,8,d,gps,498120859,1765332155,-34.29599999999999,-2.273,2.028,0,0,0.0,59.581,0.0,0.0,0.8,gps,497964746,1765332155,-34.29599999999999,36.400118119333335,127.36124415633333,0,1,14,0.0,0.0,0,0,0.0,0.0,59.581,36.4001181315,127.3612441365,0.0,0.0,0.0,0.0,0.0,0.0,0.0,0.0,0.0,-35.102000000000004,base_link,456382124,1765332155,60.67900085449219,40.334999084472656,114.0009994506836,8.307000160217285,0.0,-2.27,2.029,0.0,zedx_boom_imu_link,zedx_boom_left_camera_frame,391071681,1765332155,0.999992847442627,0.003616482252255082,0.0005469119059853256,-0.0009107014629989862,0.0,-0.03564900532364845,-0.00014700002793688327
1765332155400000000,-141.7919921875,excavator_base_link,601375853,1765332155,2.4144448289386444,0.9090020508505442,0.0,0.0,0.0,0.0,0.0,127,0,0.0,569426591,1765332155,0.0,4,f,0,4,f,0,4,f,0,59.581,gps,597274400,1765332155,36.400118103,127.3612441725,0.6400000000000001,0.0,0.0,0.0,0.6400000000000001,0.0,0.0,0.0,2.5600000000000005,1,1,1,0.1,0.0,0.0,0.0,0.0,0.0,0.1,0.0,0.0,0.0,0.0,0.0,0.0,0.0,0.1,0.0,0.0,0.0,0.0,0.0,0.0,0.1,0.0,0.0,0.0,0.0,0.0,0.0,0.0,0.1,0.0,0.0,0.0,0.1,0.0,0.0,0.0,0.0,0.0,-0.0005443285950245849,-0.0038204739601570945,9.836646857277454e-06,8,d,gps,598165021,1765332155,-33.578,-2.276,2.065,0,0,-41.178001403808594,4,f,0,4,f,0,4,f,0,4,f,0,9.831000328063965,7.599999904632568,False,True,100.0,59.581,gps,496993253,1765332155,36.400118119333335,127.36124415633333,0.6400000000000001,0.0,0.0,0.0,0.6400000000000001,0.0,0.0,0.0,2.5600000000000005,1,1,1,0.1,0.0,0.0,0.0,0.0,0.0,0.1,0.0,0.0,0.0,0.0,0.0,0.0,0.0,0.1,0.0,0.0,0.0,0.0,0.0,0.0,0.1,0.0,0.0,0.0,0.0,0.0,0.0,0.0,0.1,0.0,0.0,0.0,0.1,0.0,0.0,0.0,0.0,0.0,-0.0005437108336319141,-0.0038211160480272183,9.836993536681271e-06,excavator_base,570993411,1765332155,True,50.0,False,81.19000244140625,-2.049999952316284,False,False,-37.75,-2.299999952316284,False,False,42.310001373291016,-7.570000171661377,False,excavator_base,571105646,1765332155,9.11299991607666,False,0.0,0.0,0.0,0.0,0.0,0.0,0.0,0.0,0.0,excavator_base,571147283,1765332155,False,False,9.11299991607666,0.0,0,False,,0,0,0.0,0.0,False,0.0,0.0,0.0,0,False,,0,0,False,0.0,0.0,0,default,1179.0,1323.0,False,1393.0,530.0,False,1517.0,1249.0,False,excavator_base,571060234,1765332155,0.0,0.0,9.11299991607666,False,True,True,True,0,False,True,0,excavator_base,571206233,1765332155,0,True,0.0,0.0,0.0,0,0,False,0,True,True,24.0,True,8,d,gps,598672275,1765332155,-33.578,-2.276,2.065,0,0,0.0,59.581,0.0,0.0,0.8,gps,598471934,1765332155,-33.578,36.400118103,127.3612441725,0,1,14,0.0,0.0,0,0,0.0,0.0,59.581,36.400118119333335,127.36124415633333,0.0,0.0,0.0,0.0,0.0,0.0,0.0,0.0,0.0,-34.29599999999999,base_link,557090292,1765332155,60.77899932861328,40.9379997253418,115.28099822998047,9.11299991607666,0.0,-2.273,2.028,0.0,zedx_boom_imu_link,zedx_boom_left_camera_frame,497508094,1765332155,0.999992847442627,0.003616482252255082,0.0005469119059853256,-0.0009107014629989862,0.0,-0.03564900532364845,-0.00014700002793688327
1765332155500000000,-138.69900512695312,excavator_base_link,698677969,1765332155,2.445804631653818,0.8667981411107615,0.0,0.0,0.0,0.0,0.0,127,0,0.0,669532840,1765332155,0.0,4,f,0,4,f,0,4,f,0,59.581,gps,696954269,1765332155,36.400118084666666,127.361244186,0.6400000000000001,0.0,0.0,0.0,0.6400000000000001,0.0,0.0,0.0,2.5600000000000005,1,1,1,0.1,0.0,0.0,0.0,0.0,0.0,0.1,0.0,0.0,0.0,0.0,0.0,0.0,0.0,0.1,0.0,0.0,0.0,0.0,0.0,0.0,0.1,0.0,0.0,0.0,0.0,0.0,0.0,0.0,0.1,0.0,0.0,0.0,0.1,0.0,0.0,0.0,0.0,0.0,-0.0005450244425646267,-0.0038199166096833256,9.836302767763023e-06,8,d,gps,697635012,1765332155,-32.870000000000005,-2.281,2.165,0,0,-41.77000045776367,4,f,0,4,f,0,4,f,0,4,f,0,10.538999557495117,8.899999618530273,False,True,100.0,59.581,gps,597274400,1765332155,36.400118103,127.3612441725,0.6400000000000001,0.0,0.0,0.0,0.6400000000000001,0.0,0.0,0.0,2.5600000000000005,1,1,1,0.1,0.0,0.0,0.0,0.0,0.0,0.1,0.0,0.0,0.0,0.0,0.0,0.0,0.0,0.1,0.0,0.0,0.0,0.0,0.0,0.0,0.1,0.0,0.0,0.0,0.0,0.0,0.0,0.0,0.1,0.0,0.0,0.0,0.1,0.0,0.0,0.0,0.0,0.0,-0.0005443285950245849,-0.0038204739601570945,9.836646857277454e-06,excavator_base,670973343,1765332155,True,50.0,False,81.33999633789062,-2.059999942779541,False,False,-37.709999084472656,-2.319999933242798,False,False,39.220001220703125,-7.659999847412109,False,excavator_base,671086891,1765332155,9.831000328063965,False,0.0,0.0,0.0,0.0,0.0,0.0,0.0,0.0,0.0,excavator_base,671141584,1765332155,False,False,9.831000328063965,0.0,0,False,,0,0,0.0,0.0,False,0.0,0.0,0.0,0,False,,0,0,False,0.0,0.0,0,default,1110.0,1324.0,False,1408.0,530.0,False,1518.0,1205.0,False,excavator_base,671038630,1765332155,0.0,0.0,9.831000328063965,False,True,True,True,0,False,True,0,excavator_base,671209208,1765332155,0,True,0.0,0.0,0.0,0,0,False,0,True,True,24.0,True,8,d,gps,698021805,1765332155,-32.870000000000005,-2.281,2.165,0,0,0.0,59.581,0.0,0.0,0.8,gps,697877630,1765332155,-32.870000000000005,36.400118084666666,127.361244186,0,1,14,0.0,0.0,0,0,0.0,0.0,59.581,36.400118103,127.3612441725,0.0,0.0,0.0,0.0,0.0,0.0,0.0,0.0,0.0,-33.578,base_link,656373095,1765332155,60.8489990234375,40.9010009765625,117.94100189208984,9.831000328063965,0.0,-2.276,2.065,0.0,zedx_boom_imu_link,zedx_boom_left_camera_frame,598783697,1765332155,0.999992847442627,0.003616482252255082,0.0005469119059853256,-0.0009107014629989862,0.0,-0.03564900532364845,-0.00014700002793688327
1765332155600000000,-135.44400024414062,excavator_base_link,798762296,1765332155,2.475609488078378,0.828165488158884,0.0,0.0,0.0,0.0,0.0,127,0,0.0,769425947,1765332155,0.0,4,f,0,4,f,0,4,f,0,59.581,gps,796419811,1765332155,36.40011807566667,127.361244198,0.6400000000000001,0.0,0.0,0.0,0.6400000000000001,0.0,0.0,0.0,2.5600000000000005,1,1,1,0.1,0.0,0.0,0.0,0.0,0.0,0.1,0.0,0.0,0.0,0.0,0.0,0.0,0.0,0.1,0.0,0.0,0.0,0.0,0.0,0.0,0.1,0.0,0.0,0.0,0.0,0.0,0.0,0.0,0.1,0.0,0.0,0.0,0.1,0.0,0.0,0.0,0.0,0.0,-0.0005453563192808053,-0.0038194064334507597,9.83595885307371e-06,8,d,gps,797199669,1765332155,-32.29900000000001,-2.281,2.191,0,0,-41.499000549316406,4,f,0,4,f,0,4,f,0,4,f,0,11.109999656677246,9.199999809265137,False,True,100.0,59.581,gps,696954269,1765332155,36.400118084666666,127.361244186,0.6400000000000001,0.0,0.0,0.0,0.6400000000000001,0.0,0.0,0.0,2.5600000000000005,1,1,1,0.1,0.0,0.0,0.0,0.0,0.0,0.1,0.0,0.0,0.0,0.0,0.0,0.0,0.0,0.1,0.0,0.0,0.0,0.0,0.0,0.0,0.1,0.0,0.0,0.0,0.0,0.0,0.0,0.0,0.1,0.0,0.0,0.0,0.1,0.0,0.0,0.0,0.0,0.0,-0.0005450244425646267,-0.0038199166096833256,9.836302767763023e-06,excavator_base,771087145,1765332155,True,50.0,False,81.55999755859375,-2.0799999237060547,False,False,-37.47999954223633,-2.3399999141693115,False,False,35.970001220703125,-7.630000114440918,False,excavator_base,771195252,1765332155,10.538999557495117,False,0.0,0.0,0.0,0.0,0.0,0.0,0.0,0.0,0.0,excavator_base,771231480,1765332155,False,False,10.538999557495117,0.0,0,False,,0,0,0.0,0.0,False,0.0,0.0,0.0,0,False,,0,0,False,0.0,0.0,0,default,1111.0,1322.0,False,1566.0,530.0,False,1514.0,1130.0,False,excavator_base,771153008,1765332155,0.0,0.0,10.538999557495117,False,True,True,True,0,False,True,0,excavator_base,771286526,1765332155,0,True,0.0,0.0,0.0,0,0,False,0,True,True,24.0,True,8,d,gps,797687560,1765332155,-32.29900000000001,-2.281,2.191,0,0,0.0,59.581,0.0,0.0,0.8,gps,797489459,1765332155,-32.29900000000001,36.40011807566667,127.361244198,0,1,14,0.0,0.0,0,0,0.0,0.0,59.581,36.400118084666666,127.361244186,0.0,0.0,0.0,0.0,0.0,0.0,0.0,0.0,0.0,-32.870000000000005,base_link,758320273,1765332155,60.86899948120117,40.67599868774414,121.34100341796875,10.538999557495117,0.0,-2.281,2.165,0.0,zedx_boom_imu_link,zedx_boom_left_camera_frame,695439375,1765332155,0.999992847442627,0.003616482252255082,0.0005469119059853256,-0.0009107014629989862,0.0,-0.03564900532364845,-0.00014700002793688327
1765332155700000000,-132.12399291992188,excavator_base_link,898685391,1765332155,2.4856686133716543,0.798074325289636,0.0,0.0,0.0,0.0,0.0,127,0,0.0,869513763,1765332155,0.0,4,f,0,4,f,0,4,f,0,59.581,gps,897099145,1765332155,36.400118072,127.36124421316667,0.6400000000000001,0.0,0.0,0.0,0.6400000000000001,0.0,0.0,0.0,2.5600000000000005,1,1,1,0.1,0.0,0.0,0.0,0.0,0.0,0.1,0.0,0.0,0.0,0.0,0.0,0.0,0.0,0.1,0.0,0.0,0.0,0.0,0.0,0.0,0.1,0.0,0.0,0.0,0.0,0.0,0.0,0.0,0.1,0.0,0.0,0.0,0.1,0.0,0.0,0.0,0.0,0.0,-0.0005454799667771374,-0.0038187951374710908,9.835610395673398e-06,8,d,gps,898820573,1765332155,-31.824000000000012,-2.278,2.18,0,0,-41.52399826049805,4,f,0,4,f,0,4,f,0,4,f,0,11.585000038146973,9.699999809265137,False,True,100.0,59.581,gps,796419811,1765332155,36.40011807566667,127.361244198,0.6400000000000001,0.0,0.0,0.0,0.6400000000000001,0.0,0.0,0.0,2.5600000000000005,1,1,1,0.1,0.0,0.0,0.0,0.0,0.0,0.1,0.0,0.0,0.0,0.0,0.0,0.0,0.0,0.1,0.0,0.0,0.0,0.0,0.0,0.0,0.1,0.0,0.0,0.0,0.0,0.0,0.0,0.0,0.1,0.0,0.0,0.0,0.1,0.0,0.0,0.0,0.0,0.0,-0.0005453563192808053,-0.0038194064334507597,9.83595885307371e-06,excavator_base,872219166,1765332155,True,50.0,False,82.37000274658203,-2.119999885559082,False,False,-37.560001373291016,-2.3399999141693115,False,False,32.650001525878906,-7.590000152587891,False,excavator_base,872373902,1765332155,11.109999656677246,False,0.0,0.0,0.0,0.0,0.0,0.0,0.0,0.0,0.0,excavator_base,872425971,1765332155,False,False,11.109999656677246,0.0,0,False,,0,0,0.0,0.0,False,0.0,0.0,0.0,0,False,,0,0,False,0.0,0.0,0,default,1106.0,1322.0,False,1590.0,530.0,False,1514.0,1109.0,False,excavator_base,872314248,1765332155,0.0,0.0,11.109999656677246,False,True,True,True,0,False,True,0,excavator_base,872491226,1765332155,0,True,0.0,0.0,0.0,0,0,False,0,True,True,24.0,True,8,d,gps,899388120,1765332155,-31.824000000000012,-2.278,2.18,0,0,0.0,59.581,0.0,0.0,0.8,gps,899227143,1765332155,-31.824000000000012,36.400118072,127.36124421316667,0,1,14,0.0,0.0,0,0,0.0,0.0,59.581,36.40011807566667,127.361244198,0.0,0.0,0.0,0.0,0.0,0.0,0.0,0.0,0.0,-32.29900000000001,base_link,856284346,1765332155,60.44900131225586,40.75600051879883,125.08100128173828,11.109999656677246,0.0,-2.281,2.191,0.0,zedx_boom_imu_link,zedx_boom_left_camera_frame,786522355,1765332155,0.999992847442627,0.003616482252255082,0.0005469119059853256,-0.0009107014629989862,0.0,-0.03564900532364845,-0.00014700002793688327
1765332155800000000,-130.2969970703125,excavator_base_link,998743955,1765332155,2.4516299870961804,0.7748306312996417,0.0,0.0,0.0,0.0,0.0,127,0,0.0,969498463,1765332155,0.0,4,f,0,4,f,0,4,f,0,59.581,gps,998260928,1765332155,36.400118066,127.36124422433333,0.6400000000000001,0.0,0.0,0.0,0.6400000000000001,0.0,0.0,0.0,2.5600000000000005,1,1,1,0.1,0.0,0.0,0.0,0.0,0.0,0.1,0.0,0.0,0.0,0.0,0.0,0.0,0.0,0.1,0.0,0.0,0.0,0.0,0.0,0.0,0.1,0.0,0.0,0.0,0.0,0.0,0.0,0.0,0.1,0.0,0.0,0.0,0.1,0.0,0.0,0.0,0.0,0.0,-0.0005456945443551328,-0.0038183091554448412,9.835261292493349e-06,8,d,gps,999091575,1765332155,-31.343999999999994,-2.272,2.175,0,0,-41.54399871826172,4,f,0,4,f,0,4,f,0,4,f,0,12.0649995803833,10.199999809265137,False,True,100.0,59.581,gps,897099145,1765332155,36.400118072,127.36124421316667,0.6400000000000001,0.0,0.0,0.0,0.6400000000000001,0.0,0.0,0.0,2.5600000000000005,1,1,1,0.1,0.0,0.0,0.0,0.0,0.0,0.1,0.0,0.0,0.0,0.0,0.0,0.0,0.0,0.1,0.0,0.0,0.0,0.0,0.0,0.0,0.1,0.0,0.0,0.0,0.0,0.0,0.0,0.0,0.1,0.0,0.0,0.0,0.1,0.0,0.0,0.0,0.0,0.0,-0.0005454799667771374,-0.0038187951374710908,9.835610395673398e-06,excavator_base,971017886,1765332155,True,50.0,False,84.58000183105469,-2.259999990463257,False,False,-37.7599983215332,-2.369999885559082,False,False,30.81999969482422,-7.710000038146973,False,excavator_base,971144459,1765332155,11.585000038146973,False,0.0,0.0,0.0,0.0,0.0,0.0,0.0,0.0,0.0,excavator_base,971191856,1765332155,False,False,11.585000038146973,0.0,0,False,,0,0,0.0,0.0,False,0.0,0.0,0.0,0,False,,0,0,False,0.0,0.0,0,default,1106.0,1321.0,False,1477.0,530.0,False,1516.0,1034.0,False,excavator_base,971091270,1765332155,0.0,0.0,11.585000038146973,False,True,True,True,0,False,True,0,excavator_base,971262616,1765332155,0,True,0.0,0.0,0.0,0,0,False,0,True,True,24.0,True,8,d,gps,999604237,1765332155,-31.343999999999994,-2.272,2.175,0,0,0.0,59.581,0.0,0.0,0.8,gps,999411705,1765332155,-31.343999999999994,36.400118066,127.36124422433333,0,1,14,0.0,0.0,0,0,0.0,0.0,59.581,36.400118072,127.36124421316667,0.0,0.0,0.0,0.0,0.0,0.0,0.0,0.0,0.0,-31.824000000000012,base_link,957141106,1765332155,58.71900177001953,40.952999114990234,129.26100158691406,11.585000038146973,0.0,-2.278,2.18,0.0,zedx_boom_imu_link,zedx_boom_left_camera_frame,898337969,1765332155,0.999992847442627,0.003616482252255082,0.0005469119059853256,-0.0009107014629989862,0.0,-0.03564900532364845,-0.00014700002793688327
1765332155900000000,-128.61300659179688,excavator_base_link,98693804,1765332156,2.4172704524014743,0.7494845708246325,0.0,0.0,0.0,0.0,0.0,127,0,0.0,69528320,1765332156,0.0,4,f,0,4,f,0,4,f,0,59.58,gps,97120615,1765332156,36.40011805983333,127.36124423333334,0.6400000000000001,0.0,0.0,0.0,0.6400000000000001,0.0,0.0,0.0,2.5600000000000005,1,1,1,0.1,0.0,0.0,0.0,0.0,0.0,0.1,0.0,0.0,0.0,0.0,0.0,0.0,0.0,0.1,0.0,0.0,0.0,0.0,0.0,0.0,0.1,0.0,0.0,0.0,0.0,0.0,0.0,0.0,0.1,0.0,0.0,0.0,0.1,0.0,0.0,0.0,0.0,0.0,-0.0005459160140045259,-0.0038178940633442943,9.483672459763477e-06,8,d,gps,98045064,1765332156,-30.93100000000001,-2.282,2.228,0,0,-41.73099899291992,4,f,0,4,f,0,4,f,0,4,f,0,12.477999687194824,10.800000190734863,False,True,100.0,59.581,gps,998260928,1765332155,36.400118066,127.36124422433333,0.6400000000000001,0.0,0.0,0.0,0.6400000000000001,0.0,0.0,0.0,2.5600000000000005,1,1,1,0.1,0.0,0.0,0.0,0.0,0.0,0.1,0.0,0.0,0.0,0.0,0.0,0.0,0.0,0.1,0.0,0.0,0.0,0.0,0.0,0.0,0.1,0.0,0.0,0.0,0.0,0.0,0.0,0.0,0.1,0.0,0.0,0.0,0.1,0.0,0.0,0.0,0.0,0.0,-0.0005456945443551328,-0.0038183091554448412,9.835261292493349e-06,excavator_base,71033214,1765332156,True,50.0,False,86.94999694824219,-2.359999895095825,False,False,-37.72999954223633,-2.369999885559082,False,False,29.1299991607666,-7.570000171661377,False,excavator_base,71930812,1765332156,12.0649995803833,False,0.0,0.0,0.0,0.0,0.0,0.0,0.0,0.0,0.0,excavator_base,71986562,1765332156,False,False,12.0649995803833,0.0,0,False,,0,0,0.0,0.0,False,0.0,0.0,0.0,0,False,,0,0,False,0.0,0.0,0,default,1140.0,1325.0,False,1481.0,529.0,False,1518.0,1295.0,False,excavator_base,71841651,1765332156,0.0,0.0,12.0649995803833,False,True,True,True,0,False,True,0,excavator_base,72092589,1765332156,0,True,0.0,0.0,0.0,0,0,False,0,True,True,24.0,True,8,d,gps,98549885,1765332156,-30.93100000000001,-2.282,2.228,0,0,0.0,59.58,0.0,0.0,0.8,gps,98380267,1765332156,-30.93100000000001,36.40011805983333,127.36124423333334,0,1,14,0.0,0.0,0,0,0.0,0.0,59.581,36.400118066,127.36124422433333,0.0,0.0,0.0,0.0,0.0,0.0,0.0,0.0,0.0,-31.343999999999994,base_link,59262895,1765332156,56.159000396728516,40.91699981689453,133.26100158691406,12.0649995803833,0.0,-2.272,2.175,0.0,zedx_boom_imu_link,zedx_boom_left_camera_frame,990237108,1765332155,0.999992847442627,0.003616482252255082,0.0005469119059853256,-0.0009107014629989862,0.0,-0.03564900532364845,-0.00014700002793688327
1765332156000000000,-124.6830062866211,excavator_base_link,198694890,1765332156,2.4360229237933484,0.7157297483948027,0.0,0.0,0.0,0.0,0.0,127,0,0.0,169640618,1765332156,0.0,4,f,0,4,f,0,4,f,0,59.58,gps,197101731,1765332156,36.40011806166667,127.36124423883334,0.6400000000000001,0.0,0.0,0.0,0.6400000000000001,0.0,0.0,0.0,2.5600000000000005,1,1,1,0.1,0.0,0.0,0.0,0.0,0.0,0.1,0.0,0.0,0.0,0.0,0.0,0.0,0.0,0.1,0.0,0.0,0.0,0.0,0.0,0.0,0.1,0.0,0.0,0.0,0.0,0.0,0.0,0.0,0.1,0.0,0.0,0.0,0.1,0.0,0.0,0.0,0.0,0.0,-0.000545825363655012,-0.0038175873767169913,9.483339368451026e-06,8,d,gps,198188981,1765332156,-30.589,-2.276,2.22,0,0,-41.888999938964844,4,f,0,4,f,0,4,f,0,4,f,0,12.819999694824219,11.300000190734863,False,True,100.0,59.58,gps,97120615,1765332156,36.40011805983333,127.36124423333334,0.6400000000000001,0.0,0.0,0.0,0.6400000000000001,0.0,0.0,0.0,2.5600000000000005,1,1,1,0.1,0.0,0.0,0.0,0.0,0.0,0.1,0.0,0.0,0.0,0.0,0.0,0.0,0.0,0.1,0.0,0.0,0.0,0.0,0.0,0.0,0.1,0.0,0.0,0.0,0.0,0.0,0.0,0.0,0.1,0.0,0.0,0.0,0.1,0.0,0.0,0.0,0.0,0.0,-0.0005459160140045259,-0.0038178940633442943,9.483672459763477e-06,excavator_base,171945532,1765332156,True,50.0,False,88.01000213623047,-2.3399999141693115,False,False,-37.70000076293945,-2.380000114440918,False,False,25.209999084472656,-7.519999980926514,False,excavator_base,172062504,1765332156,12.477999687194824,False,0.0,0.0,0.0,0.0,0.0,0.0,0.0,0.0,0.0,excavator_base,172103404,1765332156,False,False,12.477999687194824,0.0,0,False,,0,0,0.0,0.0,False,0.0,0.0,0.0,0,False,,0,0,False,0.0,0.0,0,default,1129.0,1321.0,False,1573.0,529.0,False,1516.0,1422.0,False,excavator_base,172014563,1765332156,0.0,0.0,12.477999687194824,False,True,True,True,0,False,True,0,excavator_base,172162962,1765332156,0,True,0.0,0.0,0.0,0,0,False,0,True,True,24.0,True,8,d,gps,198646533,1765332156,-30.589,-2.276,2.22,0,0,0.0,59.58,0.0,0.0,0.8,gps,198483956,1765332156,-30.589,36.40011806166667,127.36124423883334,0,1,14,0.0,0.0,0,0,0.0,0.0,59.58,36.40011805983333,127.36124423333334,0.0,0.0,0.0,0.0,0.0,0.0,0.0,0.0,0.0,-30.93100000000001,base_link,157922432,1765332156,54.46900177001953,40.89699935913086,137.75100708007812,12.477999687194824,0.0,-2.282,2.228,0.0,zedx_boom_imu_link,zedx_boom_left_camera_frame,96574503,1765332156,0.999992847442627,0.003616482252255082,0.0005469119059853256,-0.0009107014629989862,0.0,-0.03564900532364845,-0.00014700002793688327
1765332156100000000,-119.25899505615234,excavator_base_link,298674854,1765332156,2.502299468743675,0.6801905955451546,0.0,0.0,0.0,0.0,0.0,127,0,0.0,269434579,1765332156,0.0,4,f,0,4,f,0,4,f,0,59.58,gps,297102242,1765332156,36.4001180675,127.36124424616666,0.6400000000000001,0.0,0.0,0.0,0.6400000000000001,0.0,0.0,0.0,2.5600000000000005,1,1,1,0.1,0.0,0.0,0.0,0.0,0.0,0.1,0.0,0.0,0.0,0.0,0.0,0.0,0.0,0.1,0.0,0.0,0.0,0.0,0.0,0.0,0.1,0.0,0.0,0.0,0.0,0.0,0.0,0.0,0.1,0.0,0.0,0.0,0.1,0.0,0.0,0.0,0.0,0.0,-0.0005455788123419188,-0.0038172234309373637,9.483006916747833e-06,8,d,gps,297750726,1765332156,-30.268,-2.276,2.206,0,0,-42.06800079345703,4,f,0,4,f,0,4,f,0,4,f,0,13.140999794006348,11.800000190734863,False,True,100.0,59.58,gps,197101731,1765332156,36.40011806166667,127.36124423883334,0.6400000000000001,0.0,0.0,0.0,0.6400000000000001,0.0,0.0,0.0,2.5600000000000005,1,1,1,0.1,0.0,0.0,0.0,0.0,0.0,0.1,0.0,0.0,0.0,0.0,0.0,0.0,0.0,0.1,0.0,0.0,0.0,0.0,0.0,0.0,0.1,0.0,0.0,0.0,0.0,0.0,0.0,0.0,0.1,0.0,0.0,0.0,0.1,0.0,0.0,0.0,0.0,0.0,-0.000545825363655012,-0.0038175873767169913,9.483339368451026e-06,excavator_base,271589813,1765332156,True,50.0,False,87.80999755859375,-2.299999952316284,False,False,-37.86000061035156,-2.380000114440918,False,False,19.780000686645508,-7.480000019073486,False,excavator_base,271734724,1765332156,12.819999694824219,False,0.0,0.0,0.0,0.0,0.0,0.0,0.0,0.0,0.0,excavator_base,271778024,1765332156,False,False,12.819999694824219,0.0,0,False,,0,0,0.0,0.0,False,0.0,0.0,0.0,0,False,,0,0,False,0.0,0.0,0,default,1186.0,1324.0,False,1564.0,529.0,False,1517.0,1510.0,False,excavator_base,271681854,1765332156,0.0,0.0,12.819999694824219,False,True,True,True,0,False,True,0,excavator_base,271921239,1765332156,0,True,0.0,0.0,0.0,0,0,False,0,True,True,24.0,True,8,d,gps,298269660,1765332156,-30.268,-2.276,2.206,0,0,0.0,59.58,0.0,0.0,0.8,gps,298039972,1765332156,-30.268,36.4001180675,127.36124424616666,0,1,14,0.0,0.0,0,0,0.0,0.0,59.58,36.40011806166667,127.36124423883334,0.0,0.0,0.0,0.0,0.0,0.0,0.0,0.0,0.0,-30.589,base_link,256303957,1765332156,53.93899917602539,41.05099868774414,142.9709930419922,12.819999694824219,0.0,-2.276,2.22,0.0,zedx_boom_imu_link,zedx_boom_left_camera_frame,197926256,1765332156,0.999992847442627,0.003616482252255082,0.0005469119059853256,-0.0009107014629989862,0.0,-0.03564900532364845,-0.00014700002793688327
1765332156200000000,-114.57899475097656,excavator_base_link,398706728,1765332156,2.5632502429778716,0.6492033485150718,0.0,0.0,0.0,0.0,0.0,127,0,0.0,369386540,1765332156,0.0,4,f,0,4,f,0,4,f,0,59.58,gps,397166855,1765332156,36.40011806733333,127.36124424883333,0.6400000000000001,0.0,0.0,0.0,0.6400000000000001,0.0,0.0,0.0,2.5600000000000005,1,1,1,0.1,0.0,0.0,0.0,0.0,0.0,0.1,0.0,0.0,0.0,0.0,0.0,0.0,0.0,0.1,0.0,0.0,0.0,0.0,0.0,0.0,0.1,0.0,0.0,0.0,0.0,0.0,0.0,0.0,0.1,0.0,0.0,0.0,0.1,0.0,0.0,0.0,0.0,0.0,-0.0005455660440608147,-0.0038170049591996604,9.482672045911071e-06,8,d,gps,398566041,1765332156,-29.937999999999988,-2.276,2.239,0,0,-41.538002014160156,4,f,0,4,f,0,4,f,0,4,f,0,13.470999717712402,11.600000381469727,False,True,100.0,59.58,gps,297102242,1765332156,36.4001180675,127.36124424616666,0.6400000000000001,0.0,0.0,0.0,0.6400000000000001,0.0,0.0,0.0,2.5600000000000005,1,1,1,0.1,0.0,0.0,0.0,0.0,0.0,0.1,0.0,0.0,0.0,0.0,0.0,0.0,0.0,0.1,0.0,0.0,0.0,0.0,0.0,0.0,0.1,0.0,0.0,0.0,0.0,0.0,0.0,0.0,0.1,0.0,0.0,0.0,0.1,0.0,0.0,0.0,0.0,0.0,-0.0005455788123419188,-0.0038172234309373637,9.483006916747833e-06,excavator_base,371000117,1765332156,True,50.0,False,87.80000305175781,-2.2300000190734863,False,False,-37.970001220703125,-2.369999885559082,False,False,15.100000381469727,-7.46999979019165,False,excavator_base,371102336,1765332156,13.140999794006348,False,0.0,0.0,0.0,0.0,0.0,0.0,0.0,0.0,0.0,excavator_base,371138532,1765332156,False,False,13.140999794006348,0.0,0,False,,0,0,0.0,0.0,False,0.0,0.0,0.0,0,False,,0,0,False,0.0,0.0,0,default,1216.0,1322.0,False,1467.0,529.0,False,1521.0,1434.0,False,excavator_base,371063228,1765332156,0.0,0.0,13.140999794006348,False,True,True,True,0,False,True,0,excavator_base,371193641,1765332156,0,True,0.0,0.0,0.0,0,0,False,0,True,True,24.0,True,8,d,gps,399228958,1765332156,-29.937999999999988,-2.276,2.239,0,0,0.0,59.58,0.0,0.0,0.8,gps,398845046,1765332156,-29.937999999999988,36.40011806733333,127.36124424883333,0,1,14,0.0,0.0,0,0,0.0,0.0,59.58,36.4001180675,127.36124424616666,0.0,0.0,0.0,0.0,0.0,0.0,0.0,0.0,0.0,-30.268,base_link,356692092,1765332156,54.16899871826172,41.1609992980957,147.9409942626953,13.140999794006348,0.0,-2.276,2.206,0.0,zedx_boom_imu_link,zedx_boom_left_camera_frame,294093648,1765332156,0.999992847442627,0.003616482252255082,0.0005469119059853256,-0.0009107014629989862,0.0,-0.03564900532364845,-0.00014700002793688327
1765332156300000000,-112.71900177001953,excavator_base_link,498707014,1765332156,2.5639903619709683,0.6326457170387261,0.0,0.0,0.0,0.0,0.0,127,0,0.0,469763698,1765332156,0.0,4,f,0,4,f,0,4,f,0,59.58,gps,497944726,1765332156,36.400118069,127.361244254,0.6400000000000001,0.0,0.0,0.0,0.6400000000000001,0.0,0.0,0.0,2.5600000000000005,1,1,1,0.1,0.0,0.0,0.0,0.0,0.0,0.1,0.0,0.0,0.0,0.0,0.0,0.0,0.0,0.1,0.0,0.0,0.0,0.0,0.0,0.0,0.1,0.0,0.0,0.0,0.0,0.0,0.0,0.0,0.1,0.0,0.0,0.0,0.1,0.0,0.0,0.0,0.0,0.0,-0.0005454817641206888,-0.003816707755796917,9.482336442859229e-06,8,d,gps,499123634,1765332156,-29.610000000000014,-2.28,2.252,0,0,-42.0099983215332,4,f,0,4,f,0,4,f,0,4,f,0,13.798999786376953,12.399999618530273,False,True,100.0,59.58,gps,397166855,1765332156,36.40011806733333,127.36124424883333,0.6400000000000001,0.0,0.0,0.0,0.6400000000000001,0.0,0.0,0.0,2.5600000000000005,1,1,1,0.1,0.0,0.0,0.0,0.0,0.0,0.1,0.0,0.0,0.0,0.0,0.0,0.0,0.0,0.1,0.0,0.0,0.0,0.0,0.0,0.0,0.1,0.0,0.0,0.0,0.0,0.0,0.0,0.0,0.1,0.0,0.0,0.0,0.1,0.0,0.0,0.0,0.0,0.0,-0.0005455660440608147,-0.0038170049591996604,9.482672045911071e-06,excavator_base,471332918,1765332156,True,50.0,False,88.94999694824219,-2.299999952316284,False,False,-37.880001068115234,-2.380000114440918,False,False,13.239999771118164,-7.369999885559082,False,excavator_base,471497223,1765332156,13.470999717712402,False,0.0,0.0,0.0,0.0,0.0,0.0,0.0,0.0,0.0,excavator_base,471543244,1765332156,False,False,13.470999717712402,0.0,0,False,,0,0,0.0,0.0,False,0.0,0.0,0.0,0,False,,0,0,False,0.0,0.0,0,default,1151.0,1324.0,False,1459.0,529.0,False,1515.0,1201.0,False,excavator_base,471442370,1765332156,0.0,0.0,13.470999717712402,False,True,True,True,0,False,True,0,excavator_base,471605427,1765332156,0,True,0.0,0.0,0.0,0,0,False,0,True,True,24.0,True,8,d,gps,499544094,1765332156,-29.610000000000014,-2.28,2.252,0,0,0.0,59.58,0.0,0.0,0.8,gps,499379116,1765332156,-29.610000000000014,36.400118069,127.361244254,0,1,14,0.0,0.0,0,0,0.0,0.0,59.58,36.40011806733333,127.36124424883333,0.0,0.0,0.0,0.0,0.0,0.0,0.0,0.0,0.0,-29.937999999999988,base_link,456367416,1765332156,53.5989990234375,41.07099914550781,151.9709930419922,13.470999717712402,0.0,-2.276,2.239,0.0,zedx_boom_imu_link,zedx_boom_left_camera_frame,395563618,1765332156,0.999992847442627,0.003616482252255082,0.0005469119059853256,-0.0009107014629989862,0.0,-0.03564900532364845,-0.00014700002793688327
1765332156400000000,-109.68500518798828,excavator_base_link,601218827,1765332156,2.6044255762770216,0.6189185034681439,0.0,0.0,0.0,0.0,0.0,127,0,0.0,570332076,1765332156,0.0,4,f,0,4,f,0,4,f,0,59.579,gps,598317532,1765332156,36.40011807283334,127.361244256,0.6400000000000001,0.0,0.0,0.0,0.6400000000000001,0.0,0.0,0.0,2.5600000000000005,1,1,1,0.1,0.0,0.0,0.0,0.0,0.0,0.1,0.0,0.0,0.0,0.0,0.0,0.0,0.0,0.1,0.0,0.0,0.0,0.0,0.0,0.0,0.1,0.0,0.0,0.0,0.0,0.0,0.0,0.0,0.1,0.0,0.0,0.0,0.1,0.0,0.0,0.0,0.0,0.0,-0.0005453128904939194,-0.0038165089528831514,9.130813307743056e-06,8,d,gps,601231596,1765332156,-29.276999999999987,-2.278,2.268,0,0,-41.37699890136719,4,f,0,4,f,0,4,f,0,4,f,0,14.131999969482422,12.100000381469727,False,True,100.0,59.58,gps,497944726,1765332156,36.400118069,127.361244254,0.6400000000000001,0.0,0.0,0.0,0.6400000000000001,0.0,0.0,0.0,2.5600000000000005,1,1,1,0.1,0.0,0.0,0.0,0.0,0.0,0.1,0.0,0.0,0.0,0.0,0.0,0.0,0.0,0.1,0.0,0.0,0.0,0.0,0.0,0.0,0.1,0.0,0.0,0.0,0.0,0.0,0.0,0.0,0.1,0.0,0.0,0.0,0.1,0.0,0.0,0.0,0.0,0.0,-0.0005454817641206888,-0.003816707755796917,9.482336442859229e-06,excavator_base,571996250,1765332156,True,50.0,False,89.26000213623047,-2.2899999618530273,False,False,-37.81999969482422,-2.380000114440918,False,False,12.180000305175781,-7.429999828338623,False,excavator_base,572147306,1765332156,13.798999786376953,False,0.0,0.0,0.0,0.0,0.0,0.0,0.0,0.0,0.0,excavator_base,572192878,1765332156,False,False,13.798999786376953,0.0,0,False,,0,0,0.0,0.0,False,0.0,0.0,0.0,0,False,,0,0,False,0.0,0.0,0,default,1099.0,1322.0,False,1524.0,528.0,False,1516.0,1399.0,False,excavator_base,572096164,1765332156,0.0,0.0,13.798999786376953,False,True,True,True,0,False,True,0,excavator_base,572260981,1765332156,0,True,0.0,0.0,0.0,0,0,False,0,True,True,24.0,True,8,d,gps,601763332,1765332156,-29.276999999999987,-2.278,2.268,0,0,0.0,59.579,0.0,0.0,0.8,gps,601604979,1765332156,-29.276999999999987,36.40011807283334,127.361244256,0,1,14,0.0,0.0,0,0,0.0,0.0,59.58,36.400118069,127.361244254,0.0,0.0,0.0,0.0,0.0,0.0,0.0,0.0,0.0,-29.610000000000014,base_link,560763651,1765332156,52.71900177001953,41.01499938964844,154.61099243164062,13.798999786376953,0.0,-2.28,2.252,0.0,zedx_boom_imu_link,zedx_boom_left_camera_frame,496784356,1765332156,0.999992847442627,0.003616482252255082,0.0005469119059853256,-0.0009107014629989862,0.0,-0.03564900532364845,-0.00014700002793688327
1765332156500000000,-106.49700927734375,excavator_base_link,698953756,1765332156,2.6576909787963605,0.6072923878811652,0.0,0.0,0.0,0.0,0.0,127,0,0.0,669422859,1765332156,0.0,4,f,0,4,f,0,4,f,0,59.579,gps,697049589,1765332156,36.40011807716667,127.36124425933333,0.6400000000000001,0.0,0.0,0.0,0.6400000000000001,0.0,0.0,0.0,2.5600000000000005,1,1,1,0.1,0.0,0.0,0.0,0.0,0.0,0.1,0.0,0.0,0.0,0.0,0.0,0.0,0.0,0.1,0.0,0.0,0.0,0.0,0.0,0.0,0.1,0.0,0.0,0.0,0.0,0.0,0.0,0.0,0.1,0.0,0.0,0.0,0.1,0.0,0.0,0.0,0.0,0.0,-0.0005451253605740957,-0.003816274082828101,9.130501602160889e-06,8,d,gps,698491020,1765332156,-29.007000000000005,-2.272,2.244,0,0,-41.90700149536133,4,f,0,4,f,0,4,f,0,4,f,0,14.402000427246094,12.899999618530273,False,True,100.0,59.579,gps,598317532,1765332156,36.40011807283334,127.361244256,0.6400000000000001,0.0,0.0,0.0,0.6400000000000001,0.0,0.0,0.0,2.5600000000000005,1,1,1,0.1,0.0,0.0,0.0,0.0,0.0,0.1,0.0,0.0,0.0,0.0,0.0,0.0,0.0,0.1,0.0,0.0,0.0,0.0,0.0,0.0,0.1,0.0,0.0,0.0,0.0,0.0,0.0,0.0,0.1,0.0,0.0,0.0,0.1,0.0,0.0,0.0,0.0,0.0,-0.0005453128904939194,-0.0038165089528831514,9.130813307743056e-06,excavator_base,671436317,1765332156,True,50.0,False,88.43000030517578,-2.319999933242798,False,False,-37.93000030517578,-2.369999885559082,False,False,7.019999980926514,-7.460000038146973,False,excavator_base,671580748,1765332156,14.131999969482422,False,0.0,0.0,0.0,0.0,0.0,0.0,0.0,0.0,0.0,excavator_base,671623505,1765332156,False,False,14.131999969482422,0.0,0,False,,0,0,0.0,0.0,False,0.0,0.0,0.0,0,False,,0,0,False,0.0,0.0,0,default,1133.0,1324.0,False,1469.0,528.0,False,1516.0,1295.0,False,excavator_base,671530023,1765332156,0.0,0.0,14.131999969482422,False,True,True,True,0,False,True,0,excavator_base,671682359,1765332156,0,True,0.0,0.0,0.0,0,0,False,0,True,True,24.0,True,8,d,gps,699082762,1765332156,-29.007000000000005,-2.272,2.244,0,0,0.0,59.579,0.0,0.0,0.8,gps,698880501,1765332156,-29.007000000000005,36.40011807716667,127.36124425933333,0,1,14,0.0,0.0,0,0,0.0,0.0,59.579,36.40011807283334,127.361244256,0.0,0.0,0.0,0.0,0.0,0.0,0.0,0.0,0.0,-29.276999999999987,base_link,656373685,1765332156,53.26900100708008,41.12300109863281,157.781005859375,14.131999969482422,0.0,-2.278,2.268,0.0,zedx_boom_imu_link,zedx_boom_left_camera_frame,592865909,1765332156,0.999992847442627,0.003616482252255082,0.0005469119059853256,-0.0009107014629989862,0.0,-0.03564900532364845,-0.00014700002793688327
1765332156600000000,-106.15299224853516,excavator_base_link,798704096,1765332156,2.6609980257394588,0.6045286160386906,0.0,0.0,0.0,0.0,0.0,127,0,0.0,769503729,1765332156,0.0,4,f,0,4,f,0,4,f,0,59.579,gps,797153630,1765332156,36.4001180785,127.36124426666666,0.6400000000000001,0.0,0.0,0.0,0.6400000000000001,0.0,0.0,0.0,2.5600000000000005,1,1,1,0.1,0.0,0.0,0.0,0.0,0.0,0.1,0.0,0.0,0.0,0.0,0.0,0.0,0.0,0.1,0.0,0.0,0.0,0.0,0.0,0.0,0.1,0.0,0.0,0.0,0.0,0.0,0.0,0.0,0.1,0.0,0.0,0.0,0.1,0.0,0.0,0.0,0.0,0.0,-0.0005450542196549606,-0.0038159098107723483,9.130180531678893e-06,8,d,gps,797960275,1765332156,-28.763000000000005,-2.278,2.287,0,0,-41.862998962402344,4,f,0,4,f,0,4,f,0,4,f,0,14.645999908447266,13.100000381469727,False,True,100.0,59.579,gps,697049589,1765332156,36.40011807716667,127.36124425933333,0.6400000000000001,0.0,0.0,0.0,0.6400000000000001,0.0,0.0,0.0,2.5600000000000005,1,1,1,0.1,0.0,0.0,0.0,0.0,0.0,0.1,0.0,0.0,0.0,0.0,0.0,0.0,0.0,0.1,0.0,0.0,0.0,0.0,0.0,0.0,0.1,0.0,0.0,0.0,0.0,0.0,0.0,0.0,0.1,0.0,0.0,0.0,0.1,0.0,0.0,0.0,0.0,0.0,-0.0005451253605740957,-0.003816274082828101,9.130501602160889e-06,excavator_base,771623727,1765332156,True,50.0,False,88.52999877929688,-2.3399999141693115,False,False,-37.93000030517578,-2.369999885559082,False,False,6.670000076293945,-7.380000114440918,False,excavator_base,771730586,1765332156,14.402000427246094,False,0.0,0.0,0.0,0.0,0.0,0.0,0.0,0.0,0.0,excavator_base,771768638,1765332156,False,False,14.402000427246094,0.0,0,False,,0,0,0.0,0.0,False,0.0,0.0,0.0,0,False,,0,0,False,0.0,0.0,0,default,1199.0,1322.0,False,1429.0,528.0,False,1516.0,1244.0,False,excavator_base,771687766,1765332156,0.0,0.0,14.402000427246094,False,True,True,True,0,False,True,0,excavator_base,771821508,1765332156,0,True,0.0,0.0,0.0,0,0,False,0,True,True,24.0,True,8,d,gps,798362653,1765332156,-28.763000000000005,-2.278,2.287,0,0,0.0,59.579,0.0,0.0,0.8,gps,798211757,1765332156,-28.763000000000005,36.4001180785,127.36124426666666,0,1,14,0.0,0.0,0,0,0.0,0.0,59.579,36.40011807716667,127.36124425933333,0.0,0.0,0.0,0.0,0.0,0.0,0.0,0.0,0.0,-29.007000000000005,base_link,756340688,1765332156,53.45899963378906,41.117000579833984,159.42100524902344,14.402000427246094,0.0,-2.272,2.244,0.0,zedx_boom_imu_link,zedx_boom_left_camera_frame,699191503,1765332156,0.999992847442627,0.003616482252255082,0.0005469119059853256,-0.0009107014629989862,0.0,-0.03564900532364845,-0.00014700002793688327
1765332156700000000,-106.55699157714844,excavator_base_link,898718176,1765332156,2.644811806318283,0.6035377175271708,0.0,0.0,0.0,0.0,0.0,127,0,0.0,869560342,1765332156,0.0,4,f,0,4,f,0,4,f,0,59.579,gps,897138587,1765332156,36.40011808283333,127.36124426433334,0.6400000000000001,0.0,0.0,0.0,0.6400000000000001,0.0,0.0,0.0,2.5600000000000005,1,1,1,0.1,0.0,0.0,0.0,0.0,0.0,0.1,0.0,0.0,0.0,0.0,0.0,0.0,0.0,0.1,0.0,0.0,0.0,0.0,0.0,0.0,0.1,0.0,0.0,0.0,0.0,0.0,0.0,0.0,0.1,0.0,0.0,0.0,0.1,0.0,0.0,0.0,0.0,0.0,-0.00054486617232895,-0.003815848979227375,9.129859833851199e-06,8,d,gps,898123714,1765332156,-28.589,-2.273,2.271,0,0,-41.68899917602539,4,f,0,4,f,0,4,f,0,4,f,0,14.819999694824219,13.100000381469727,False,True,100.0,59.579,gps,797153630,1765332156,36.4001180785,127.36124426666666,0.6400000000000001,0.0,0.0,0.0,0.6400000000000001,0.0,0.0,0.0,2.5600000000000005,1,1,1,0.1,0.0,0.0,0.0,0.0,0.0,0.1,0.0,0.0,0.0,0.0,0.0,0.0,0.0,0.1,0.0,0.0,0.0,0.0,0.0,0.0,0.1,0.0,0.0,0.0,0.0,0.0,0.0,0.0,0.1,0.0,0.0,0.0,0.1,0.0,0.0,0.0,0.0,0.0,-0.0005450542196549606,-0.0038159098107723483,9.130180531678893e-06,excavator_base,871324174,1765332156,True,50.0,False,89.05000305175781,-2.299999952316284,False,False,-37.86000061035156,-2.369999885559082,False,False,7.079999923706055,-7.28000020980835,False,excavator_base,872142244,1765332156,14.645999908447266,False,0.0,0.0,0.0,0.0,0.0,0.0,0.0,0.0,0.0,excavator_base,872236686,1765332156,False,False,14.645999908447266,0.0,0,False,,0,0,0.0,0.0,False,0.0,0.0,0.0,0,False,,0,0,False,0.0,0.0,0,default,1186.0,1323.0,False,1433.0,528.0,False,1517.0,1308.0,False,excavator_base,872022999,1765332156,0.0,0.0,14.645999908447266,False,True,True,True,0,False,True,0,excavator_base,872419137,1765332156,0,True,0.0,0.0,0.0,0,0,False,0,True,True,24.0,True,8,d,gps,898697982,1765332156,-28.589,-2.273,2.271,0,0,0.0,59.579,0.0,0.0,0.8,gps,898514123,1765332156,-28.589,36.40011808283333,127.36124426433334,0,1,14,0.0,0.0,0,0,0.0,0.0,59.579,36.4001180785,127.36124426666666,0.0,0.0,0.0,0.0,0.0,0.0,0.0,0.0,0.0,-28.763000000000005,base_link,856666961,1765332156,53.07899856567383,41.053001403808594,159.4810028076172,14.645999908447266,0.0,-2.278,2.287,0.0,zedx_boom_imu_link,zedx_boom_left_camera_frame,795376268,1765332156,0.999992847442627,0.003616482252255082,0.0005469119059853256,-0.0009107014629989862,0.0,-0.03564900532364845,-0.00014700002793688327
1765332156800000000,-105.69200134277344,excavator_base_link,998676666,1765332156,2.6600733122177695,0.6025232862443151,0.0,0.0,0.0,0.0,0.0,127,0,0.0,969411236,1765332156,0.0,4,f,0,4,f,0,4,f,0,59.579,gps,997154779,1765332156,36.40011809316667,127.361244265,0.6400000000000001,0.0,0.0,0.0,0.6400000000000001,0.0,0.0,0.0,2.5600000000000005,1,1,1,0.1,0.0,0.0,0.0,0.0,0.0,0.1,0.0,0.0,0.0,0.0,0.0,0.0,0.0,0.1,0.0,0.0,0.0,0.0,0.0,0.0,0.1,0.0,0.0,0.0,0.0,0.0,0.0,0.0,0.1,0.0,0.0,0.0,0.1,0.0,0.0,0.0,0.0,0.0,-0.0005444442847692284,-0.003815694062064123,9.129539217402933e-06,8,d,gps,998079195,1765332156,-28.522999999999996,-2.274,2.269,0,0,-41.62300109863281,4,f,0,4,f,0,4,f,0,4,f,0,14.88599967956543,13.100000381469727,False,True,100.0,59.579,gps,897138587,1765332156,36.40011808283333,127.36124426433334,0.6400000000000001,0.0,0.0,0.0,0.6400000000000001,0.0,0.0,0.0,2.5600000000000005,1,1,1,0.1,0.0,0.0,0.0,0.0,0.0,0.1,0.0,0.0,0.0,0.0,0.0,0.0,0.0,0.1,0.0,0.0,0.0,0.0,0.0,0.0,0.1,0.0,0.0,0.0,0.0,0.0,0.0,0.0,0.1,0.0,0.0,0.0,0.1,0.0,0.0,0.0,0.0,0.0,-0.00054486617232895,-0.003815848979227375,9.129859833851199e-06,excavator_base,970949701,1765332156,True,50.0,False,88.83000183105469,-2.200000047683716,False,False,-37.88999938964844,-2.390000104904175,False,False,6.210000038146973,-7.130000114440918,False,excavator_base,971050800,1765332156,14.819999694824219,False,0.0,0.0,0.0,0.0,0.0,0.0,0.0,0.0,0.0,excavator_base,971085491,1765332156,False,False,14.819999694824219,0.0,0,False,,0,0,0.0,0.0,False,0.0,0.0,0.0,0,False,,0,0,False,0.0,0.0,0,default,1116.0,1323.0,False,1460.0,528.0,False,1514.0,1300.0,False,excavator_base,971012332,1765332156,0.0,0.0,14.819999694824219,False,True,True,True,0,False,True,0,excavator_base,971138649,1765332156,0,True,0.0,0.0,0.0,0,0,False,0,True,True,24.0,True,8,d,gps,998468164,1765332156,-28.522999999999996,-2.274,2.269,0,0,0.0,59.579,0.0,0.0,0.8,gps,998318100,1765332156,-28.522999999999996,36.40011809316667,127.361244265,0,1,14,0.0,0.0,0,0,0.0,0.0,59.579,36.40011808283333,127.36124426433334,0.0,0.0,0.0,0.0,0.0,0.0,0.0,0.0,0.0,-28.589,base_link,956355886,1765332156,52.95899963378906,41.077999114990234,159.64100646972656,14.819999694824219,0.0,-2.273,2.271,0.0,zedx_boom_imu_link,zedx_boom_left_camera_frame,892835344,1765332156,0.999992847442627,0.003616482252255082,0.0005469119059853256,-0.0009107014629989862,0.0,-0.03564900532364845,-0.00014700002793688327
1765332156900000000,-104.01100158691406,excavator_base_link,98831176,1765332157,2.6834176096037026,0.5959577535657713,0.0,0.0,0.0,0.0,0.0,127,0,0.0,69653788,1765332157,0.0,4,f,0,4,f,0,4,f,0,59.578,gps,97264740,1765332157,36.40011810466667,127.361244259,0.6400000000000001,0.0,0.0,0.0,0.6400000000000001,0.0,0.0,0.0,2.5600000000000005,1,1,1,0.1,0.0,0.0,0.0,0.0,0.0,0.1,0.0,0.0,0.0,0.0,0.0,0.0,0.0,0.1,0.0,0.0,0.0,0.0,0.0,0.0,0.1,0.0,0.0,0.0,0.0,0.0,0.0,0.0,0.1,0.0,0.0,0.0,0.1,0.0,0.0,0.0,0.0,0.0,-0.0005439769594723424,-0.0038157483125894147,8.77809487802813e-06,8,d,gps,97965006,1765332157,-28.557999999999993,-2.278,2.264,0,0,-41.65800094604492,4,f,0,4,f,0,4,f,0,4,f,0,14.85099983215332,13.100000381469727,False,True,100.0,59.579,gps,997154779,1765332156,36.40011809316667,127.361244265,0.6400000000000001,0.0,0.0,0.0,0.6400000000000001,0.0,0.0,0.0,2.5600000000000005,1,1,1,0.1,0.0,0.0,0.0,0.0,0.0,0.1,0.0,0.0,0.0,0.0,0.0,0.0,0.0,0.1,0.0,0.0,0.0,0.0,0.0,0.0,0.1,0.0,0.0,0.0,0.0,0.0,0.0,0.0,0.1,0.0,0.0,0.0,0.1,0.0,0.0,0.0,0.0,0.0,-0.0005444442847692284,-0.003815694062064123,9.129539217402933e-06,excavator_base,70997192,1765332157,True,50.0,False,88.8499984741211,-2.0899999141693115,False,False,-37.91999816894531,-2.359999895095825,False,False,4.53000020980835,-6.96999979019165,False,excavator_base,71100499,1765332157,14.88599967956543,False,0.0,0.0,0.0,0.0,0.0,0.0,0.0,0.0,0.0,excavator_base,71138359,1765332157,False,False,14.88599967956543,0.0,0,False,,0,0,0.0,0.0,False,0.0,0.0,0.0,0,False,,0,0,False,0.0,0.0,0,default,1077.0,1324.0,False,1421.0,529.0,False,1516.0,1196.0,False,excavator_base,71059023,1765332157,0.0,0.0,14.88599967956543,False,True,True,True,0,False,True,0,excavator_base,71191933,1765332157,0,True,0.0,0.0,0.0,0,0,False,0,True,True,24.0,True,8,d,gps,98340085,1765332157,-28.557999999999993,-2.278,2.264,0,0,0.0,59.578,0.0,0.0,0.8,gps,98188101,1765332157,-28.557999999999993,36.40011810466667,127.361244259,0,1,14,0.0,0.0,0,0,0.0,0.0,59.579,36.40011809316667,127.361244265,0.0,0.0,0.0,0.0,0.0,0.0,0.0,0.0,0.0,-28.522999999999996,base_link,56304935,1765332157,53.058998107910156,41.10900115966797,160.9010009765625,14.88599967956543,0.0,-2.274,2.269,0.0,zedx_boom_imu_link,zedx_boom_left_camera_frame,994710674,1765332156,0.999992847442627,0.003616482252255082,0.0005469119059853256,-0.0009107014629989862,0.0,-0.03564900532364845,-0.00014700002793688327
1765332157000000000,-101.75699615478516,excavator_base_link,198687127,1765332157,2.7181925148718844,0.5879967448105192,0.0,0.0,0.0,0.0,0.0,127,0,0.0,169420193,1765332157,0.0,4,f,0,4,f,0,4,f,0,59.579,gps,197318152,1765332157,36.400118109833336,127.36124424783333,0.6400000000000001,0.0,0.0,0.0,0.6400000000000001,0.0,0.0,0.0,2.5600000000000005,1,1,1,0.1,0.0,0.0,0.0,0.0,0.0,0.1,0.0,0.0,0.0,0.0,0.0,0.0,0.0,0.1,0.0,0.0,0.0,0.0,0.0,0.0,0.1,0.0,0.0,0.0,0.0,0.0,0.0,0.0,0.1,0.0,0.0,0.0,0.1,0.0,0.0,0.0,0.0,0.0,-0.00054375648357702,-0.003815964532393231,9.12889790533166e-06,8,d,gps,198047156,1765332157,-28.680000000000007,-2.278,2.264,0,0,-41.779998779296875,4,f,0,4,f,0,4,f,0,4,f,0,14.729000091552734,13.100000381469727,False,True,100.0,59.578,gps,97264740,1765332157,36.40011810466667,127.361244259,0.6400000000000001,0.0,0.0,0.0,0.6400000000000001,0.0,0.0,0.0,2.5600000000000005,1,1,1,0.1,0.0,0.0,0.0,0.0,0.0,0.1,0.0,0.0,0.0,0.0,0.0,0.0,0.0,0.1,0.0,0.0,0.0,0.0,0.0,0.0,0.1,0.0,0.0,0.0,0.0,0.0,0.0,0.0,0.1,0.0,0.0,0.0,0.1,0.0,0.0,0.0,0.0,0.0,-0.0005439769594723424,-0.0038157483125894147,8.77809487802813e-06,excavator_base,173075776,1765332157,True,50.0,False,88.76000213623047,-2.25,False,False,-37.88999938964844,-2.380000114440918,False,False,2.2799999713897705,-7.190000057220459,False,excavator_base,173191532,1765332157,14.85099983215332,False,0.0,0.0,0.0,0.0,0.0,0.0,0.0,0.0,0.0,excavator_base,173233232,1765332157,False,False,14.85099983215332,0.0,0,False,,0,0,0.0,0.0,False,0.0,0.0,0.0,0,False,,0,0,False,0.0,0.0,0,default,1097.0,1320.0,False,1426.0,529.0,False,1515.0,1267.0,False,excavator_base,173146663,1765332157,0.0,0.0,14.85099983215332,False,True,True,True,0,False,True,0,excavator_base,173294647,1765332157,0,True,0.0,0.0,0.0,0,0,False,0,True,True,24.0,True,8,d,gps,198448959,1765332157,-28.680000000000007,-2.278,2.264,0,0,0.0,59.579,0.0,0.0,0.8,gps,198282061,1765332157,-28.680000000000007,36.400118109833336,127.36124424783333,0,1,14,0.0,0.0,0,0,0.0,0.0,59.578,36.40011810466667,127.361244259,0.0,0.0,0.0,0.0,0.0,0.0,0.0,0.0,0.0,-28.557999999999993,base_link,157913710,1765332157,53.01900100708008,41.08300018310547,162.87100219726562,14.85099983215332,0.0,-2.278,2.264,0.0,zedx_boom_imu_link,zedx_boom_left_camera_frame,96262612,1765332157,0.999992847442627,0.003616482252255082,0.0005469119059853256,-0.0009107014629989862,0.0,-0.03564900532364845,-0.00014700002793688327
1765332157100000000,-98.29701232910156,excavator_base_link,298718905,1765332157,2.7965051481512244,0.5831326637741142,0.0,0.0,0.0,0.0,0.0,127,0,0.0,269387228,1765332157,0.0,4,f,0,4,f,0,4,f,0,59.579,gps,297184952,1765332157,36.400118118500004,127.36124423466667,0.6400000000000001,0.0,0.0,0.0,0.6400000000000001,0.0,0.0,0.0,2.5600000000000005,1,1,1,0.1,0.0,0.0,0.0,0.0,0.0,0.1,0.0,0.0,0.0,0.0,0.0,0.0,0.0,0.1,0.0,0.0,0.0,0.0,0.0,0.0,0.1,0.0,0.0,0.0,0.0,0.0,0.0,0.0,0.1,0.0,0.0,0.0,0.1,0.0,0.0,0.0,0.0,0.0,-0.0005433996545659492,-0.0038162437068771206,9.12857772017007e-06,8,d,gps,297971595,1765332157,-28.960000000000008,-2.273,2.251,0,0,-41.86000061035156,4,f,0,4,f,0,4,f,0,4,f,0,14.449000358581543,12.899999618530273,False,True,100.0,59.579,gps,197318152,1765332157,36.400118109833336,127.36124424783333,0.6400000000000001,0.0,0.0,0.0,0.6400000000000001,0.0,0.0,0.0,2.5600000000000005,1,1,1,0.1,0.0,0.0,0.0,0.0,0.0,0.1,0.0,0.0,0.0,0.0,0.0,0.0,0.0,0.1,0.0,0.0,0.0,0.0,0.0,0.0,0.1,0.0,0.0,0.0,0.0,0.0,0.0,0.0,0.1,0.0,0.0,0.0,0.1,0.0,0.0,0.0,0.0,0.0,-0.00054375648357702,-0.003815964532393231,9.12889790533166e-06,excavator_base,271191321,1765332157,True,50.0,False,87.4800033569336,-2.299999952316284,False,False,-37.900001525878906,-2.390000104904175,False,False,-1.1799999475479126,-7.289999961853027,False,excavator_base,271318022,1765332157,14.729000091552734,False,0.0,0.0,0.0,0.0,0.0,0.0,0.0,0.0,0.0,excavator_base,271365835,1765332157,False,False,14.729000091552734,0.0,0,False,,0,0,0.0,0.0,False,0.0,0.0,0.0,0,False,,0,0,False,0.0,0.0,0,default,1105.0,1322.0,False,1438.0,529.0,False,1514.0,1329.0,False,excavator_base,271264865,1765332157,0.0,0.0,14.729000091552734,False,True,True,True,0,False,True,0,excavator_base,271432914,1765332157,0,True,0.0,0.0,0.0,0,0,False,0,True,True,24.0,True,8,d,gps,298454109,1765332157,-28.960000000000008,-2.273,2.251,0,0,0.0,59.579,0.0,0.0,0.8,gps,298239815,1765332157,-28.960000000000008,36.400118118500004,127.36124423466667,0,1,14,0.0,0.0,0,0,0.0,0.0,59.579,36.400118109833336,127.36124424783333,0.0,0.0,0.0,0.0,0.0,0.0,0.0,0.0,0.0,-28.680000000000007,base_link,256292994,1765332157,53.61899948120117,41.09299850463867,165.13099670410156,14.729000091552734,0.0,-2.278,2.264,0.0,zedx_boom_imu_link,zedx_boom_left_camera_frame,197352149,1765332157,0.999992847442627,0.003616482252255082,0.0005469119059853256,-0.0009107014629989862,0.0,-0.03564900532364845,-0.00014700002793688327
1765332157200000000,-93.79199981689453,excavator_base_link,400683941,1765332157,2.9162974253586476,0.5821525692091191,0.0,0.0,0.0,0.0,0.0,127,0,0.0,369866029,1765332157,0.0,4,f,0,4,f,0,4,f,0,59.58,gps,397284129,1765332157,36.400118127166664,127.36124421683333,0.6400000000000001,0.0,0.0,0.0,0.6400000000000001,0.0,0.0,0.0,2.5600000000000005,1,1,1,0.1,0.0,0.0,0.0,0.0,0.0,0.1,0.0,0.0,0.0,0.0,0.0,0.0,0.0,0.1,0.0,0.0,0.0,0.0,0.0,0.0,0.1,0.0,0.0,0.0,0.0,0.0,0.0,0.0,0.1,0.0,0.0,0.0,0.1,0.0,0.0,0.0,0.0,0.0,-0.0005430426279922017,-0.003816667676225475,9.479340496196914e-06,8,d,gps,399121889,1765332157,-29.286,-2.272,2.252,0,0,-41.88600158691406,4,f,0,4,f,0,4,f,0,4,f,0,14.123000144958496,12.600000381469727,False,True,100.0,59.579,gps,297184952,1765332157,36.400118118500004,127.36124423466667,0.6400000000000001,0.0,0.0,0.0,0.6400000000000001,0.0,0.0,0.0,2.5600000000000005,1,1,1,0.1,0.0,0.0,0.0,0.0,0.0,0.1,0.0,0.0,0.0,0.0,0.0,0.0,0.0,0.1,0.0,0.0,0.0,0.0,0.0,0.0,0.1,0.0,0.0,0.0,0.0,0.0,0.0,0.0,0.1,0.0,0.0,0.0,0.1,0.0,0.0,0.0,0.0,0.0,-0.0005433996545659492,-0.0038162437068771206,9.12857772017007e-06,excavator_base,371981674,1765332157,True,50.0,False,85.1500015258789,-2.309999942779541,False,False,-37.91999816894531,-2.390000104904175,False,False,-3.319999933242798,-7.300000190734863,False,excavator_base,372083028,1765332157,14.449000358581543,False,0.0,0.0,0.0,0.0,0.0,0.0,0.0,0.0,0.0,excavator_base,372120312,1765332157,False,False,14.449000358581543,0.0,0,False,,0,0,0.0,0.0,False,0.0,0.0,0.0,0,False,,0,0,False,0.0,0.0,0,default,1092.0,1319.0,False,1429.0,529.0,False,1514.0,1298.0,False,excavator_base,372042672,1765332157,0.0,0.0,14.449000358581543,False,True,True,True,0,False,True,0,excavator_base,372174782,1765332157,0,True,0.0,0.0,0.0,0,0,False,0,True,True,24.0,True,8,d,gps,399596115,1765332157,-29.286,-2.272,2.252,0,0,0.0,59.58,0.0,0.0,0.8,gps,399416576,1765332157,-29.286,36.400118127166664,127.36124421683333,0,1,14,0.0,0.0,0,0,0.0,0.0,59.579,36.400118118500004,127.36124423466667,0.0,0.0,0.0,0.0,0.0,0.0,0.0,0.0,0.0,-28.960000000000008,base_link,356598016,1765332157,55.499000549316406,41.108001708984375,167.2310028076172,14.449000358581543,0.0,-2.273,2.251,0.0,zedx_boom_imu_link,zedx_boom_left_camera_frame,293521207,1765332157,0.999992847442627,0.003616482252255082,0.0005469119059853256,-0.0009107014629989862,0.0,-0.03564900532364845,-0.00014700002793688327
1765332157300000000,-89.54300689697266,excavator_base_link,498707220,1765332157,3.0090505550885736,0.5886959226661158,0.0,0.0,0.0,0.0,0.0,127,0,0.0,469411707,1765332157,0.0,4,f,0,4,f,0,4,f,0,59.58,gps,497209463,1765332157,36.4001181395,127.3612442085,0.6400000000000001,0.0,0.0,0.0,0.6400000000000001,0.0,0.0,0.0,2.5600000000000005,1,1,1,0.1,0.0,0.0,0.0,0.0,0.0,0.1,0.0,0.0,0.0,0.0,0.0,0.0,0.0,0.1,0.0,0.0,0.0,0.0,0.0,0.0,0.1,0.0,0.0,0.0,0.0,0.0,0.0,0.0,0.1,0.0,0.0,0.0,0.1,0.0,0.0,0.0,0.0,0.0,-0.0005425429963314604,-0.003816795446915912,9.479008646929586e-06,8,d,gps,499004179,1765332157,-29.56899999999999,-2.284,2.227,0,0,-41.968997955322266,4,f,0,4,f,0,4,f,0,4,f,0,13.84000015258789,12.399999618530273,False,True,100.0,59.58,gps,397284129,1765332157,36.400118127166664,127.36124421683333,0.6400000000000001,0.0,0.0,0.0,0.6400000000000001,0.0,0.0,0.0,2.5600000000000005,1,1,1,0.1,0.0,0.0,0.0,0.0,0.0,0.1,0.0,0.0,0.0,0.0,0.0,0.0,0.0,0.1,0.0,0.0,0.0,0.0,0.0,0.0,0.1,0.0,0.0,0.0,0.0,0.0,0.0,0.0,0.1,0.0,0.0,0.0,0.1,0.0,0.0,0.0,0.0,0.0,-0.0005430426279922017,-0.003816667676225475,9.479340496196914e-06,excavator_base,471088139,1765332157,True,50.0,False,83.69000244140625,-2.369999885559082,False,False,-37.93000030517578,-2.390000104904175,False,False,-9.9399995803833,-7.550000190734863,False,excavator_base,471218296,1765332157,14.123000144958496,False,0.0,0.0,0.0,0.0,0.0,0.0,0.0,0.0,0.0,excavator_base,471259036,1765332157,False,False,14.123000144958496,0.0,0,False,,0,0,0.0,0.0,False,0.0,0.0,0.0,0,False,,0,0,False,0.0,0.0,0,default,1142.0,1322.0,False,1426.0,529.0,False,1514.0,1295.0,False,excavator_base,471167827,1765332157,0.0,0.0,14.123000144958496,False,True,True,True,0,False,True,0,excavator_base,471315746,1765332157,0,True,0.0,0.0,0.0,0,0,False,0,True,True,24.0,True,8,d,gps,499550604,1765332157,-29.56899999999999,-2.284,2.227,0,0,0.0,59.58,0.0,0.0,0.8,gps,499351544,1765332157,-29.56899999999999,36.4001181395,127.3612442085,0,1,14,0.0,0.0,0,0,0.0,0.0,59.58,36.400118127166664,127.36124421683333,0.0,0.0,0.0,0.0,0.0,0.0,0.0,0.0,0.0,-29.286,base_link,456301344,1765332157,57.75899887084961,41.117000579833984,169.77099609375,14.123000144958496,0.0,-2.272,2.252,0.0,zedx_boom_imu_link,zedx_boom_left_camera_frame,394913181,1765332157,0.999992847442627,0.003616482252255082,0.0005469119059853256,-0.0009107014629989862,0.0,-0.03564900532364845,-0.00014700002793688327
1765332157400000000,-89.60099792480469,excavator_base_link,599311346,1765332157,2.9977470370797583,0.5885634289876486,0.0,0.0,0.0,0.0,0.0,127,0,0.0,569596077,1765332157,0.0,4,f,0,4,f,0,4,f,0,59.581,gps,597229688,1765332157,36.40011814533333,127.36124418983333,0.6400000000000001,0.0,0.0,0.0,0.6400000000000001,0.0,0.0,0.0,2.5600000000000005,1,1,1,0.1,0.0,0.0,0.0,0.0,0.0,0.1,0.0,0.0,0.0,0.0,0.0,0.0,0.0,0.1,0.0,0.0,0.0,0.0,0.0,0.0,0.1,0.0,0.0,0.0,0.0,0.0,0.0,0.0,0.1,0.0,0.0,0.0,0.1,0.0,0.0,0.0,0.0,0.0,-0.0005422967748899405,-0.0038172479019935673,9.829740440051745e-06,8,d,gps,598021835,1765332157,-29.876000000000005,-2.272,2.177,0,0,-41.97600173950195,4,f,0,4,f,0,4,f,0,4,f,0,13.532999992370605,12.100000381469727,False,True,100.0,59.58,gps,497209463,1765332157,36.4001181395,127.3612442085,0.6400000000000001,0.0,0.0,0.0,0.6400000000000001,0.0,0.0,0.0,2.5600000000000005,1,1,1,0.1,0.0,0.0,0.0,0.0,0.0,0.1,0.0,0.0,0.0,0.0,0.0,0.0,0.0,0.1,0.0,0.0,0.0,0.0,0.0,0.0,0.1,0.0,0.0,0.0,0.0,0.0,0.0,0.0,0.1,0.0,0.0,0.0,0.1,0.0,0.0,0.0,0.0,0.0,-0.0005425429963314604,-0.003816795446915912,9.479008646929586e-06,excavator_base,571123405,1765332157,True,50.0,False,84.0999984741211,-2.5199999809265137,False,False,-38.08000183105469,-2.4000000953674316,False,False,-9.869999885559082,-7.610000133514404,False,excavator_base,571220503,1765332157,13.84000015258789,False,0.0,0.0,0.0,0.0,0.0,0.0,0.0,0.0,0.0,excavator_base,571254298,1765332157,False,False,13.84000015258789,0.0,0,False,,0,0,0.0,0.0,False,0.0,0.0,0.0,0,False,,0,0,False,0.0,0.0,0,default,1237.0,1319.0,False,1377.0,533.0,False,1514.0,1319.0,False,excavator_base,571183507,1765332157,0.0,0.0,13.84000015258789,False,True,True,True,0,False,True,0,excavator_base,571305344,1765332157,0,True,0.0,0.0,0.0,0,0,False,0,True,True,24.0,True,8,d,gps,598449463,1765332157,-29.876000000000005,-2.272,2.177,0,0,0.0,59.581,0.0,0.0,0.8,gps,598286438,1765332157,-29.876000000000005,36.40011814533333,127.36124418983333,0,1,14,0.0,0.0,0,0,0.0,0.0,59.58,36.4001181395,127.3612442085,0.0,0.0,0.0,0.0,0.0,0.0,0.0,0.0,0.0,-29.56899999999999,base_link,556563001,1765332157,57.95899963378906,41.27899932861328,171.55099487304688,13.84000015258789,0.0,-2.284,2.227,0.0,zedx_boom_imu_link,zedx_boom_left_camera_frame,496336347,1765332157,0.999992847442627,0.003616482252255082,0.0005469119059853256,-0.0009107014629989862,0.0,-0.03564900532364845,-0.00014700002793688327
1765332157500000000,-88.99299621582031,excavator_base_link,698745653,1765332157,3.0230875837724422,0.5827551733382937,0.0,0.0,0.0,0.0,0.0,127,0,0.0,671618879,1765332157,0.0,4,f,0,4,f,0,4,f,0,59.582,gps,697236887,1765332157,36.400118155166666,127.36124417166667,0.6400000000000001,0.0,0.0,0.0,0.6400000000000001,0.0,0.0,0.0,2.5600000000000005,1,1,1,0.1,0.0,0.0,0.0,0.0,0.0,0.1,0.0,0.0,0.0,0.0,0.0,0.0,0.0,0.1,0.0,0.0,0.0,0.0,0.0,0.0,0.1,0.0,0.0,0.0,0.0,0.0,0.0,0.0,0.1,0.0,0.0,0.0,0.1,0.0,0.0,0.0,0.0,0.0,-0.0005418945741223519,-0.0038176837270309173,1.0180445343501924e-05,8,d,gps,697965187,1765332157,-30.262,-2.283,2.254,0,0,-42.0620002746582,4,f,0,4,f,0,4,f,0,4,f,0,13.147000312805176,11.800000190734863,False,True,100.0,59.581,gps,597229688,1765332157,36.40011814533333,127.36124418983333,0.6400000000000001,0.0,0.0,0.0,0.6400000000000001,0.0,0.0,0.0,2.5600000000000005,1,1,1,0.1,0.0,0.0,0.0,0.0,0.0,0.1,0.0,0.0,0.0,0.0,0.0,0.0,0.0,0.1,0.0,0.0,0.0,0.0,0.0,0.0,0.1,0.0,0.0,0.0,0.0,0.0,0.0,0.0,0.1,0.0,0.0,0.0,0.1,0.0,0.0,0.0,0.0,0.0,-0.0005422967748899405,-0.0038172479019935673,9.829740440051745e-06,excavator_base,671447053,1765332157,True,50.0,False,83.66000366210938,-2.3399999141693115,False,False,-37.91999816894531,-2.390000104904175,False,False,-10.489999771118164,-7.5,False,excavator_base,671712680,1765332157,13.532999992370605,False,0.0,0.0,0.0,0.0,0.0,0.0,0.0,0.0,0.0,excavator_base,671766638,1765332157,False,False,13.532999992370605,0.0,0,False,,0,0,0.0,0.0,False,0.0,0.0,0.0,0,False,,0,0,False,0.0,0.0,0,default,1123.0,1319.0,False,1405.0,533.0,False,1511.0,1384.0,False,excavator_base,671633664,1765332157,0.0,0.0,13.532999992370605,False,True,True,True,0,False,True,0,excavator_base,671856087,1765332157,0,True,0.0,0.0,0.0,0,0,False,0,True,True,24.0,True,8,d,gps,698408081,1765332157,-30.262,-2.283,2.254,0,0,0.0,59.582,0.0,0.0,0.8,gps,698218589,1765332157,-30.262,36.400118155166666,127.36124417166667,0,1,14,0.0,0.0,0,0,0.0,0.0,59.581,36.40011814533333,127.36124418983333,0.0,0.0,0.0,0.0,0.0,0.0,0.0,0.0,0.0,-29.876000000000005,base_link,656321150,1765332157,57.67900085449219,41.106998443603516,171.63099670410156,13.532999992370605,0.0,-2.272,2.177,0.0,zedx_boom_imu_link,zedx_boom_left_camera_frame,587317077,1765332157,0.999992847442627,0.003616482252255082,0.0005469119059853256,-0.0009107014629989862,0.0,-0.03564900532364845,-0.00014700002793688327
1765332157600000000,-86.09199523925781,excavator_base_link,798963818,1765332157,3.1284071326670713,0.5996333416546131,0.0,0.0,0.0,0.0,0.0,127,0,0.0,769410358,1765332157,0.0,4,f,0,4,f,0,4,f,0,59.582,gps,798334856,1765332157,36.400118166,127.36124415766666,0.6400000000000001,0.0,0.0,0.0,0.6400000000000001,0.0,0.0,0.0,2.5600000000000005,1,1,1,0.1,0.0,0.0,0.0,0.0,0.0,0.1,0.0,0.0,0.0,0.0,0.0,0.0,0.0,0.1,0.0,0.0,0.0,0.0,0.0,0.0,0.1,0.0,0.0,0.0,0.0,0.0,0.0,0.0,0.1,0.0,0.0,0.0,0.1,0.0,0.0,0.0,0.0,0.0,-0.0005414530977214312,-0.0038179864544917418,1.0180081742969941e-05,8,d,gps,799906156,1765332157,-30.610000000000014,-2.28,2.186,0,0,-41.90999984741211,4,f,0,4,f,0,4,f,0,4,f,0,12.798999786376953,11.300000190734863,False,True,100.0,59.582,gps,697236887,1765332157,36.400118155166666,127.36124417166667,0.6400000000000001,0.0,0.0,0.0,0.6400000000000001,0.0,0.0,0.0,2.5600000000000005,1,1,1,0.1,0.0,0.0,0.0,0.0,0.0,0.1,0.0,0.0,0.0,0.0,0.0,0.0,0.0,0.1,0.0,0.0,0.0,0.0,0.0,0.0,0.1,0.0,0.0,0.0,0.0,0.0,0.0,0.0,0.1,0.0,0.0,0.0,0.1,0.0,0.0,0.0,0.0,0.0,-0.0005418945741223519,-0.0038176837270309173,1.0180445343501924e-05,excavator_base,770939606,1765332157,True,50.0,False,80.83999633789062,-2.3299999237060547,False,False,-37.810001373291016,-2.380000114440918,False,False,-13.380000114440918,-7.510000228881836,False,excavator_base,771040320,1765332157,13.147000312805176,False,0.0,0.0,0.0,0.0,0.0,0.0,0.0,0.0,0.0,excavator_base,771074980,1765332157,False,False,13.147000312805176,0.0,0,False,,0,0,0.0,0.0,False,0.0,0.0,0.0,0,False,,0,0,False,0.0,0.0,0,default,1145.0,1320.0,False,1513.0,533.0,False,1510.0,1387.0,False,excavator_base,771000604,1765332157,0.0,0.0,13.147000312805176,False,True,True,True,0,False,True,0,excavator_base,771126313,1765332157,0,True,0.0,0.0,0.0,0,0,False,0,True,True,24.0,True,8,d,gps,800357980,1765332157,-30.610000000000014,-2.28,2.186,0,0,0.0,59.582,0.0,0.0,0.8,gps,800204235,1765332157,-30.610000000000014,36.400118166,127.36124415766666,0,1,14,0.0,0.0,0,0,0.0,0.0,59.582,36.400118155166666,127.36124417166667,0.0,0.0,0.0,0.0,0.0,0.0,0.0,0.0,0.0,-30.262,base_link,757310564,1765332157,59.50899887084961,41.007999420166016,171.7010040283203,13.147000312805176,0.0,-2.283,2.254,0.0,zedx_boom_imu_link,zedx_boom_left_camera_frame,698730514,1765332157,0.999992847442627,0.003616482252255082,0.0005469119059853256,-0.0009107014629989862,0.0,-0.03564900532364845,-0.00014700002793688327
1765332157700000000,-82.76499938964844,excavator_base_link,899094678,1765332157,3.2448502839074664,0.6280391784408165,0.0,0.0,0.0,0.0,0.0,127,0,0.0,869404211,1765332157,0.0,4,f,0,4,f,0,4,f,0,59.583,gps,897293401,1765332157,36.400118178666666,127.36124414633333,0.6400000000000001,0.0,0.0,0.0,0.6400000000000001,0.0,0.0,0.0,2.5600000000000005,1,1,1,0.1,0.0,0.0,0.0,0.0,0.0,0.1,0.0,0.0,0.0,0.0,0.0,0.0,0.0,0.1,0.0,0.0,0.0,0.0,0.0,0.0,0.1,0.0,0.0,0.0,0.0,0.0,0.0,0.0,0.1,0.0,0.0,0.0,0.1,0.0,0.0,0.0,0.0,0.0,-0.0005409408687994852,-0.0038182101136587858,1.05307555781253e-05,8,d,gps,898029862,1765332157,-30.989000000000004,-2.283,2.134,0,0,-41.98899841308594,4,f,0,4,f,0,4,f,0,4,f,0,12.420000076293945,11.0,False,True,100.0,59.582,gps,798334856,1765332157,36.400118166,127.36124415766666,0.6400000000000001,0.0,0.0,0.0,0.6400000000000001,0.0,0.0,0.0,2.5600000000000005,1,1,1,0.1,0.0,0.0,0.0,0.0,0.0,0.1,0.0,0.0,0.0,0.0,0.0,0.0,0.0,0.1,0.0,0.0,0.0,0.0,0.0,0.0,0.1,0.0,0.0,0.0,0.0,0.0,0.0,0.0,0.1,0.0,0.0,0.0,0.1,0.0,0.0,0.0,0.0,0.0,-0.0005414530977214312,-0.0038179864544917418,1.0180081742969941e-05,excavator_base,871655103,1765332157,True,50.0,False,77.62999725341797,-2.3299999237060547,False,False,-38.02000045776367,-2.380000114440918,False,False,-16.709999084472656,-7.510000228881836,False,excavator_base,871762890,1765332157,12.798999786376953,False,0.0,0.0,0.0,0.0,0.0,0.0,0.0,0.0,0.0,excavator_base,871800046,1765332157,False,False,12.798999786376953,0.0,0,False,,0,0,0.0,0.0,False,0.0,0.0,0.0,0,False,,0,0,False,0.0,0.0,0,default,1192.0,1317.0,False,1467.0,533.0,False,1513.0,1362.0,False,excavator_base,871721638,1765332157,0.0,0.0,12.798999786376953,False,True,True,True,0,False,True,0,excavator_base,871851891,1765332157,0,True,0.0,0.0,0.0,0,0,False,0,True,True,24.0,True,8,d,gps,898476117,1765332157,-30.989000000000004,-2.283,2.134,0,0,0.0,59.583,0.0,0.0,0.8,gps,898320517,1765332157,-30.989000000000004,36.400118178666666,127.36124414633333,0,1,14,0.0,0.0,0,0,0.0,0.0,59.582,36.400118166,127.36124415766666,0.0,0.0,0.0,0.0,0.0,0.0,0.0,0.0,0.0,-30.610000000000014,base_link,856300344,1765332157,62.64899826049805,41.21500015258789,171.8509979248047,12.798999786376953,0.0,-2.28,2.186,0.0,zedx_boom_imu_link,zedx_boom_left_camera_frame,789945982,1765332157,0.999992847442627,0.003616482252255082,0.0005469119059853256,-0.0009107014629989862,0.0,-0.03564900532364845,-0.00014700002793688327
1765332157800000000,-79.82200622558594,excavator_base_link,1224467,1765332158,3.3581192143950136,0.6495959315711386,0.0,0.0,0.0,0.0,0.0,127,0,0.0,969475225,1765332157,0.0,4,f,0,4,f,0,4,f,0,59.583,gps,997487916,1765332157,36.4001181855,127.36124413033333,0.6400000000000001,0.0,0.0,0.0,0.6400000000000001,0.0,0.0,0.0,2.5600000000000005,1,1,1,0.1,0.0,0.0,0.0,0.0,0.0,0.1,0.0,0.0,0.0,0.0,0.0,0.0,0.0,0.1,0.0,0.0,0.0,0.0,0.0,0.0,0.1,0.0,0.0,0.0,0.0,0.0,0.0,0.0,0.1,0.0,0.0,0.0,0.1,0.0,0.0,0.0,0.0,0.0,-0.0005406555733653188,-0.003818577402802437,1.0530384678723392e-05,8,d,gps,998457937,1765332157,-31.32499999999999,-2.285,2.196,0,0,-42.125,4,f,0,4,f,0,4,f,0,4,f,0,12.083999633789062,10.800000190734863,False,True,100.0,59.583,gps,897293401,1765332157,36.400118178666666,127.36124414633333,0.6400000000000001,0.0,0.0,0.0,0.6400000000000001,0.0,0.0,0.0,2.5600000000000005,1,1,1,0.1,0.0,0.0,0.0,0.0,0.0,0.1,0.0,0.0,0.0,0.0,0.0,0.0,0.0,0.1,0.0,0.0,0.0,0.0,0.0,0.0,0.1,0.0,0.0,0.0,0.0,0.0,0.0,0.0,0.1,0.0,0.0,0.0,0.1,0.0,0.0,0.0,0.0,0.0,-0.0005409408687994852,-0.0038182101136587858,1.05307555781253e-05,excavator_base,970937362,1765332157,True,50.0,False,74.68000030517578,-2.359999895095825,False,False,-38.0099983215332,-2.369999885559082,False,False,-19.649999618530273,-7.630000114440918,False,excavator_base,971041469,1765332157,12.420000076293945,False,0.0,0.0,0.0,0.0,0.0,0.0,0.0,0.0,0.0,excavator_base,971075456,1765332157,False,False,12.420000076293945,0.0,0,False,,0,0,0.0,0.0,False,0.0,0.0,0.0,0,False,,0,0,False,0.0,0.0,0,default,1192.0,1319.0,False,1418.0,533.0,False,1511.0,1353.0,False,excavator_base,971001817,1765332157,0.0,0.0,12.420000076293945,False,True,True,True,0,False,True,0,excavator_base,971125926,1765332157,0,True,0.0,0.0,0.0,0,0,False,0,True,True,24.0,True,8,d,gps,999501758,1765332157,-31.32499999999999,-2.285,2.196,0,0,0.0,59.583,0.0,0.0,0.8,gps,999136856,1765332157,-31.32499999999999,36.4001181855,127.36124413033333,0,1,14,0.0,0.0,0,0,0.0,0.0,59.583,36.400118178666666,127.36124414633333,0.0,0.0,0.0,0.0,0.0,0.0,0.0,0.0,0.0,-30.989000000000004,base_link,956350716,1765332157,65.55899810791016,41.20800018310547,171.8509979248047,12.420000076293945,0.0,-2.283,2.134,0.0,zedx_boom_imu_link,zedx_boom_left_camera_frame,896927070,1765332157,0.999992847442627,0.003616482252255082,0.0005469119059853256,-0.0009107014629989862,0.0,-0.03564900532364845,-0.00014700002793688327
1765332157900000000,-76.16999816894531,excavator_base_link,100179331,1765332158,3.4885302067277753,0.6907753783359204,0.0,0.0,0.0,0.0,0.0,127,0,0.0,69503130,1765332158,0.0,4,f,0,4,f,0,4,f,0,59.584,gps,97558353,1765332158,36.400118196166666,127.36124410966667,0.6400000000000001,0.0,0.0,0.0,0.6400000000000001,0.0,0.0,0.0,2.5600000000000005,1,1,1,0.1,0.0,0.0,0.0,0.0,0.0,0.1,0.0,0.0,0.0,0.0,0.0,0.0,0.0,0.1,0.0,0.0,0.0,0.0,0.0,0.0,0.1,0.0,0.0,0.0,0.0,0.0,0.0,0.0,0.1,0.0,0.0,0.0,0.1,0.0,0.0,0.0,0.0,0.0,-0.0005402210216626646,-0.003819091535888186,1.088101576444201e-05,8,d,gps,98296158,1765332158,-31.710000000000008,-2.281,2.152,0,0,-41.90999984741211,4,f,0,4,f,0,4,f,0,4,f,0,11.699000358581543,10.199999809265137,False,True,100.0,59.583,gps,997487916,1765332157,36.4001181855,127.36124413033333,0.6400000000000001,0.0,0.0,0.0,0.6400000000000001,0.0,0.0,0.0,2.5600000000000005,1,1,1,0.1,0.0,0.0,0.0,0.0,0.0,0.1,0.0,0.0,0.0,0.0,0.0,0.0,0.0,0.1,0.0,0.0,0.0,0.0,0.0,0.0,0.1,0.0,0.0,0.0,0.0,0.0,0.0,0.0,0.1,0.0,0.0,0.0,0.1,0.0,0.0,0.0,0.0,0.0,-0.0005406555733653188,-0.003818577402802437,1.0530384678723392e-05,excavator_base,71128228,1765332158,True,50.0,False,71.08999633789062,-2.4100000858306885,False,False,-37.88999938964844,-2.390000104904175,False,False,-23.299999237060547,-7.699999809265137,False,excavator_base,71229039,1765332158,12.083999633789062,False,0.0,0.0,0.0,0.0,0.0,0.0,0.0,0.0,0.0,excavator_base,71264754,1765332158,False,False,12.083999633789062,0.0,0,False,,0,0,0.0,0.0,False,0.0,0.0,0.0,0,False,,0,0,False,0.0,0.0,0,default,1187.0,1318.0,False,1491.0,532.0,False,1507.0,1358.0,False,excavator_base,71189066,1765332158,0.0,0.0,12.083999633789062,False,True,True,True,0,False,True,0,excavator_base,71314712,1765332158,0,True,0.0,0.0,0.0,0,0,False,0,True,True,24.0,True,8,d,gps,98657188,1765332158,-31.710000000000008,-2.281,2.152,0,0,0.0,59.584,0.0,0.0,0.8,gps,98517366,1765332158,-31.710000000000008,36.400118196166666,127.36124410966667,0,1,14,0.0,0.0,0,0,0.0,0.0,59.583,36.4001181855,127.36124413033333,0.0,0.0,0.0,0.0,0.0,0.0,0.0,0.0,0.0,-31.32499999999999,base_link,56326807,1765332158,68.95899963378906,41.09000015258789,171.89100646972656,12.083999633789062,0.0,-2.285,2.196,0.0,zedx_boom_imu_link,zedx_boom_left_camera_frame,998243729,1765332157,0.999992847442627,0.003616482252255082,0.0005469119059853256,-0.0009107014629989862,0.0,-0.03564900532364845,-0.00014700002793688327
1765332158000000000,-72.51399993896484,excavator_base_link,198783120,1765332158,3.612636386521764,0.74507380067827,0.0,0.0,0.0,0.0,0.0,127,0,0.0,169440338,1765332158,0.0,4,f,0,4,f,0,4,f,0,59.583,gps,198107689,1765332158,36.400118212833334,127.361244112,0.6400000000000001,0.0,0.0,0.0,0.6400000000000001,0.0,0.0,0.0,2.5600000000000005,1,1,1,0.1,0.0,0.0,0.0,0.0,0.0,0.1,0.0,0.0,0.0,0.0,0.0,0.0,0.0,0.1,0.0,0.0,0.0,0.0,0.0,0.0,0.1,0.0,0.0,0.0,0.0,0.0,0.0,0.0,0.1,0.0,0.0,0.0,0.1,0.0,0.0,0.0,0.0,0.0,-0.0005395526307231974,-0.003818883601049302,1.0529643681711837e-05,8,d,gps,198864344,1765332158,-32.22399999999999,-2.285,2.094,0,0,-42.2239990234375,4,f,0,4,f,0,4,f,0,4,f,0,11.1850004196167,10.0,False,True,100.0,59.584,gps,97558353,1765332158,36.400118196166666,127.36124410966667,0.6400000000000001,0.0,0.0,0.0,0.6400000000000001,0.0,0.0,0.0,2.5600000000000005,1,1,1,0.1,0.0,0.0,0.0,0.0,0.0,0.1,0.0,0.0,0.0,0.0,0.0,0.0,0.0,0.1,0.0,0.0,0.0,0.0,0.0,0.0,0.1,0.0,0.0,0.0,0.0,0.0,0.0,0.0,0.1,0.0,0.0,0.0,0.1,0.0,0.0,0.0,0.0,0.0,-0.0005402210216626646,-0.003819091535888186,1.088101576444201e-05,excavator_base,170962961,1765332158,True,50.0,False,67.47000122070312,-2.3299999237060547,False,False,-38.040000915527344,-2.369999885559082,False,False,-26.959999084472656,-7.630000114440918,False,excavator_base,171083102,1765332158,11.699000358581543,False,0.0,0.0,0.0,0.0,0.0,0.0,0.0,0.0,0.0,excavator_base,171126114,1765332158,False,False,11.699000358581543,0.0,0,False,,0,0,0.0,0.0,False,0.0,0.0,0.0,0,False,,0,0,False,0.0,0.0,0,default,1190.0,1317.0,False,1476.0,532.0,False,1508.0,1355.0,False,excavator_base,171034264,1765332158,0.0,0.0,11.699000358581543,False,True,True,True,0,False,True,0,excavator_base,171186568,1765332158,0,True,0.0,0.0,0.0,0,0,False,0,True,True,24.0,True,8,d,gps,199235999,1765332158,-32.22399999999999,-2.285,2.094,0,0,0.0,59.583,0.0,0.0,0.8,gps,199081423,1765332158,-32.22399999999999,36.400118212833334,127.361244112,0,1,14,0.0,0.0,0,0,0.0,0.0,59.584,36.400118196166666,127.36124410966667,0.0,0.0,0.0,0.0,0.0,0.0,0.0,0.0,0.0,-31.710000000000008,base_link,156373435,1765332158,72.51899719238281,41.236000061035156,171.93099975585938,11.699000358581543,0.0,-2.281,2.152,0.0,zedx_boom_imu_link,zedx_boom_left_camera_frame,95032923,1765332158,0.999992847442627,0.003616482252255082,0.0005469119059853256,-0.0009107014629989862,0.0,-0.03564900532364845,-0.00014700002793688327
1765332158100000000,-69.44998931884766,excavator_base_link,298731336,1765332158,3.720018499761713,0.7898356324227336,0.0,0.0,0.0,0.0,0.0,127,0,0.0,269438128,1765332158,0.0,4,f,0,4,f,0,4,f,0,59.583,gps,297352952,1765332158,36.400118225166665,127.361244107,0.6400000000000001,0.0,0.0,0.0,0.6400000000000001,0.0,0.0,0.0,2.5600000000000005,1,1,1,0.1,0.0,0.0,0.0,0.0,0.0,0.1,0.0,0.0,0.0,0.0,0.0,0.0,0.0,0.1,0.0,0.0,0.0,0.0,0.0,0.0,0.1,0.0,0.0,0.0,0.0,0.0,0.0,0.0,0.1,0.0,0.0,0.0,0.1,0.0,0.0,0.0,0.0,0.0,-0.0005390533441521604,-0.0038189073177250267,1.0529276777032093e-05,8,d,gps,298100486,1765332158,-32.81,-2.289,2.103,0,0,-42.5099983215332,4,f,0,4,f,0,4,f,0,4,f,0,10.598999977111816,9.699999809265137,False,True,100.0,59.583,gps,198107689,1765332158,36.400118212833334,127.361244112,0.6400000000000001,0.0,0.0,0.0,0.6400000000000001,0.0,0.0,0.0,2.5600000000000005,1,1,1,0.1,0.0,0.0,0.0,0.0,0.0,0.1,0.0,0.0,0.0,0.0,0.0,0.0,0.0,0.1,0.0,0.0,0.0,0.0,0.0,0.0,0.1,0.0,0.0,0.0,0.0,0.0,0.0,0.0,0.1,0.0,0.0,0.0,0.1,0.0,0.0,0.0,0.0,0.0,-0.0005395526307231974,-0.003818883601049302,1.0529643681711837e-05,excavator_base,270985490,1765332158,True,50.0,False,64.44999694824219,-2.2300000190734863,False,False,-38.11000061035156,-2.359999895095825,False,False,-30.020000457763672,-7.559999942779541,False,excavator_base,271099549,1765332158,11.1850004196167,False,0.0,0.0,0.0,0.0,0.0,0.0,0.0,0.0,0.0,excavator_base,271141442,1765332158,False,False,11.1850004196167,0.0,0,False,,0,0,0.0,0.0,False,0.0,0.0,0.0,0,False,,0,0,False,0.0,0.0,0,default,1204.0,1318.0,False,1421.0,532.0,False,1511.0,1347.0,False,excavator_base,271053401,1765332158,0.0,0.0,11.1850004196167,False,True,True,True,0,False,True,0,excavator_base,271199656,1765332158,0,True,0.0,0.0,0.0,0,0,False,0,True,True,24.0,True,8,d,gps,298487247,1765332158,-32.81,-2.289,2.103,0,0,0.0,59.583,0.0,0.0,0.8,gps,298335839,1765332158,-32.81,36.400118225166665,127.361244107,0,1,14,0.0,0.0,0,0,0.0,0.0,59.583,36.400118212833334,127.361244112,0.0,0.0,0.0,0.0,0.0,0.0,0.0,0.0,0.0,-32.22399999999999,base_link,256277615,1765332158,75.81900024414062,41.310001373291016,171.9810028076172,11.1850004196167,0.0,-2.285,2.094,0.0,zedx_boom_imu_link,zedx_boom_left_camera_frame,186297886,1765332158,0.999992847442627,0.003616482252255082,0.0005469119059853256,-0.0009107014629989862,0.0,-0.03564900532364845,-0.00014700002793688327
1765332158200000000,-66.73600769042969,excavator_base_link,398736807,1765332158,3.8129009688821482,0.834697032545384,0.0,0.0,0.0,0.0,0.0,127,0,0.0,369440462,1765332158,0.0,4,f,0,4,f,0,4,f,0,59.582,gps,398035582,1765332158,36.40011824183333,127.36124410266666,0.6400000000000001,0.0,0.0,0.0,0.6400000000000001,0.0,0.0,0.0,2.5600000000000005,1,1,1,0.1,0.0,0.0,0.0,0.0,0.0,0.1,0.0,0.0,0.0,0.0,0.0,0.0,0.0,0.1,0.0,0.0,0.0,0.0,0.0,0.0,0.1,0.0,0.0,0.0,0.0,0.0,0.0,0.0,0.1,0.0,0.0,0.0,0.1,0.0,0.0,0.0,0.0,0.0,-0.0005383850164644167,-0.0038189082689743573,1.0177941277191268e-05,8,d,gps,398885527,1765332158,-33.429,-2.292,2.094,0,0,-42.62900161743164,4,f,0,4,f,0,4,f,0,4,f,0,9.979999542236328,9.199999809265137,False,True,100.0,59.583,gps,297352952,1765332158,36.400118225166665,127.361244107,0.6400000000000001,0.0,0.0,0.0,0.6400000000000001,0.0,0.0,0.0,2.5600000000000005,1,1,1,0.1,0.0,0.0,0.0,0.0,0.0,0.1,0.0,0.0,0.0,0.0,0.0,0.0,0.0,0.1,0.0,0.0,0.0,0.0,0.0,0.0,0.1,0.0,0.0,0.0,0.0,0.0,0.0,0.0,0.1,0.0,0.0,0.0,0.1,0.0,0.0,0.0,0.0,0.0,-0.0005390533441521604,-0.0038189073177250267,1.0529276777032093e-05,excavator_base,370944555,1765332158,True,50.0,False,61.7599983215332,-2.3499999046325684,False,False,-38.0,-2.380000114440918,False,False,-32.72999954223633,-7.710000038146973,False,excavator_base,371053143,1765332158,10.598999977111816,False,0.0,0.0,0.0,0.0,0.0,0.0,0.0,0.0,0.0,excavator_base,371089563,1765332158,False,False,10.598999977111816,0.0,0,False,,0,0,0.0,0.0,False,0.0,0.0,0.0,0,False,,0,0,False,0.0,0.0,0,default,1197.0,1317.0,False,1466.0,532.0,False,1513.0,1348.0,False,excavator_base,371010898,1765332158,0.0,0.0,10.598999977111816,False,True,True,True,0,False,True,0,excavator_base,371146497,1765332158,0,True,0.0,0.0,0.0,0,0,False,0,True,True,24.0,True,8,d,gps,399703628,1765332158,-33.429,-2.292,2.094,0,0,0.0,59.582,0.0,0.0,0.8,gps,399155251,1765332158,-33.429,36.40011824183333,127.36124410266666,0,1,14,0.0,0.0,0,0,0.0,0.0,59.583,36.400118225166665,127.361244107,0.0,0.0,0.0,0.0,0.0,0.0,0.0,0.0,0.0,-32.81,base_link,356324178,1765332158,78.67900085449219,41.20399856567383,172.01100158691406,10.598999977111816,0.0,-2.289,2.103,0.0,zedx_boom_imu_link,zedx_boom_left_camera_frame,295403141,1765332158,0.999992847442627,0.003616482252255082,0.0005469119059853256,-0.0009107014629989862,0.0,-0.03564900532364845,-0.00014700002793688327
1765332158300000000,-63.68300247192383,excavator_base_link,498758568,1765332158,3.9085670471219234,0.8951409450160642,0.0,0.0,0.0,0.0,0.0,127,0,0.0,469480400,1765332158,0.0,4,f,0,4,f,0,4,f,0,59.582,gps,497432733,1765332158,36.40011826883333,127.36124409366667,0.6400000000000001,0.0,0.0,0.0,0.6400000000000001,0.0,0.0,0.0,2.5600000000000005,1,1,1,0.1,0.0,0.0,0.0,0.0,0.0,0.1,0.0,0.0,0.0,0.0,0.0,0.0,0.0,0.1,0.0,0.0,0.0,0.0,0.0,0.0,0.1,0.0,0.0,0.0,0.0,0.0,0.0,0.0,0.1,0.0,0.0,0.0,0.1,0.0,0.0,0.0,0.0,0.0,-0.0005373143798475456,-0.003819056854962992,1.0177585192814141e-05,8,d,gps,498930714,1765332158,-34.298,-2.284,2.031,0,0,-42.697998046875,4,f,0,4,f,0,4,f,0,4,f,0,9.111000061035156,8.399999618530273,False,True,100.0,59.582,gps,398035582,1765332158,36.40011824183333,127.36124410266666,0.6400000000000001,0.0,0.0,0.0,0.6400000000000001,0.0,0.0,0.0,2.5600000000000005,1,1,1,0.1,0.0,0.0,0.0,0.0,0.0,0.1,0.0,0.0,0.0,0.0,0.0,0.0,0.0,0.1,0.0,0.0,0.0,0.0,0.0,0.0,0.1,0.0,0.0,0.0,0.0,0.0,0.0,0.0,0.1,0.0,0.0,0.0,0.1,0.0,0.0,0.0,0.0,0.0,-0.0005383850164644167,-0.0038189082689743573,1.0177941277191268e-05,excavator_base,472110756,1765332158,True,50.0,False,58.790000915527344,-2.359999895095825,False,False,-38.04999923706055,-2.390000104904175,False,False,-35.779998779296875,-7.789999961853027,False,excavator_base,472247218,1765332158,9.979999542236328,False,0.0,0.0,0.0,0.0,0.0,0.0,0.0,0.0,0.0,excavator_base,472286198,1765332158,False,False,9.979999542236328,0.0,0,False,,0,0,0.0,0.0,False,0.0,0.0,0.0,0,False,,0,0,False,0.0,0.0,0,default,1188.0,1317.0,False,1486.0,532.0,False,1508.0,1351.0,False,excavator_base,472197389,1765332158,0.0,0.0,9.979999542236328,False,True,True,True,0,False,True,0,excavator_base,472343100,1765332158,0,True,0.0,0.0,0.0,0,0,False,0,True,True,24.0,True,8,d,gps,499417101,1765332158,-34.298,-2.284,2.031,0,0,0.0,59.582,0.0,0.0,0.8,gps,499240058,1765332158,-34.298,36.40011826883333,127.36124409366667,0,1,14,0.0,0.0,0,0,0.0,0.0,59.582,36.40011824183333,127.36124410266666,0.0,0.0,0.0,0.0,0.0,0.0,0.0,0.0,0.0,-33.429,base_link,456454910,1765332158,81.43900299072266,41.25699996948242,172.06100463867188,9.979999542236328,0.0,-2.292,2.094,0.0,zedx_boom_imu_link,zedx_boom_left_camera_frame,386695683,1765332158,0.999992847442627,0.003616482252255082,0.0005469119059853256,-0.0009107014629989862,0.0,-0.03564900532364845,-0.00014700002793688327
1765332158400000000,-60.72099685668945,excavator_base_link,598685150,1765332158,3.9997277967036275,0.9560399306130006,0.0,0.0,0.0,0.0,0.0,127,0,0.0,569452236,1765332158,0.0,4,f,0,4,f,0,4,f,0,59.581,gps,597551848,1765332158,36.4001182985,127.3612440825,0.6400000000000001,0.0,0.0,0.0,0.6400000000000001,0.0,0.0,0.0,2.5600000000000005,1,1,1,0.1,0.0,0.0,0.0,0.0,0.0,0.1,0.0,0.0,0.0,0.0,0.0,0.0,0.0,0.1,0.0,0.0,0.0,0.0,0.0,0.0,0.1,0.0,0.0,0.0,0.0,0.0,0.0,0.0,0.1,0.0,0.0,0.0,0.1,0.0,0.0,0.0,0.0,0.0,-0.0005361399179587958,-0.0038192732061287284,9.826289789924098e-06,8,d,gps,598298326,1765332158,-35.31299999999999,-2.288,1.989,0,0,-42.91299819946289,4,f,0,4,f,0,4,f,0,4,f,0,8.095999717712402,7.599999904632568,False,True,100.0,59.582,gps,497432733,1765332158,36.40011826883333,127.36124409366667,0.6400000000000001,0.0,0.0,0.0,0.6400000000000001,0.0,0.0,0.0,2.5600000000000005,1,1,1,0.1,0.0,0.0,0.0,0.0,0.0,0.1,0.0,0.0,0.0,0.0,0.0,0.0,0.0,0.1,0.0,0.0,0.0,0.0,0.0,0.0,0.1,0.0,0.0,0.0,0.0,0.0,0.0,0.0,0.1,0.0,0.0,0.0,0.1,0.0,0.0,0.0,0.0,0.0,-0.0005373143798475456,-0.003819056854962992,1.0177585192814141e-05,excavator_base,570985516,1765332158,True,50.0,False,55.93000030517578,-2.319999933242798,False,False,-38.16999816894531,-2.380000114440918,False,False,-38.75,-7.820000171661377,False,excavator_base,571098968,1765332158,9.111000061035156,False,0.0,0.0,0.0,0.0,0.0,0.0,0.0,0.0,0.0,excavator_base,571134588,1765332158,False,False,9.111000061035156,0.0,0,False,,0,0,0.0,0.0,False,0.0,0.0,0.0,0,False,,0,0,False,0.0,0.0,0,default,1192.0,1320.0,False,1451.0,529.0,False,1513.0,1347.0,False,excavator_base,571054067,1765332158,0.0,0.0,9.111000061035156,False,True,True,True,0,False,True,0,excavator_base,571283435,1765332158,0,True,0.0,0.0,0.0,0,0,False,0,True,True,24.0,True,8,d,gps,598770343,1765332158,-35.31299999999999,-2.288,1.989,0,0,0.0,59.581,0.0,0.0,0.8,gps,598614743,1765332158,-35.31299999999999,36.4001182985,127.3612440825,0,1,14,0.0,0.0,0,0,0.0,0.0,59.582,36.40011826883333,127.36124409366667,0.0,0.0,0.0,0.0,0.0,0.0,0.0,0.0,0.0,-34.298,base_link,556410007,1765332158,84.31900024414062,41.36899948120117,172.1510009765625,9.111000061035156,0.0,-2.284,2.031,0.0,zedx_boom_imu_link,zedx_boom_left_camera_frame,492753565,1765332158,0.999992847442627,0.003616482252255082,0.0005469119059853256,-0.0009107014629989862,0.0,-0.03564900532364845,-0.00014700002793688327
1765332158500000000,-59.457000732421875,excavator_base_link,648706415,1765332158,4.038442577184425,0.982484573281677,0.0,0.0,0.0,0.0,0.0,127,0,0.0,669483501,1765332158,0.0,4,f,0,4,f,0,4,f,0,59.581,gps,597551848,1765332158,36.4001182985,127.3612440825,0.6400000000000001,0.0,0.0,0.0,0.6400000000000001,0.0,0.0,0.0,2.5600000000000005,1,1,1,0.1,0.0,0.0,0.0,0.0,0.0,0.1,0.0,0.0,0.0,0.0,0.0,0.0,0.0,0.1,0.0,0.0,0.0,0.0,0.0,0.0,0.1,0.0,0.0,0.0,0.0,0.0,0.0,0.0,0.1,0.0,0.0,0.0,0.1,0.0,0.0,0.0,0.0,0.0,-0.0005361399179587958,-0.0038192732061287284,9.826289789924098e-06,8,d,gps,598298326,1765332158,-35.31299999999999,-2.288,1.989,0,0,-42.112998962402344,4,f,0,4,f,0,4,f,0,4,f,0,8.095999717712402,6.800000190734863,False,True,100.0,59.581,gps,597551848,1765332158,36.4001182985,127.3612440825,0.6400000000000001,0.0,0.0,0.0,0.6400000000000001,0.0,0.0,0.0,2.5600000000000005,1,1,1,0.1,0.0,0.0,0.0,0.0,0.0,0.1,0.0,0.0,0.0,0.0,0.0,0.0,0.0,0.1,0.0,0.0,0.0,0.0,0.0,0.0,0.1,0.0,0.0,0.0,0.0,0.0,0.0,0.0,0.1,0.0,0.0,0.0,0.1,0.0,0.0,0.0,0.0,0.0,-0.0005361399179587958,-0.0038192732061287284,9.826289789924098e-06,excavator_base,671046257,1765332158,True,50.0,False,53.66999816894531,-2.4000000953674316,False,False,-38.16999816894531,-2.369999885559082,False,False,-41.099998474121094,-8.010000228881836,False,excavator_base,671181759,1765332158,8.095999717712402,False,0.0,0.0,0.0,0.0,0.0,0.0,0.0,0.0,0.0,excavator_base,671231972,1765332158,False,False,8.095999717712402,0.0,0,False,,0,0,0.0,0.0,False,0.0,0.0,0.0,0,False,,0,0,False,0.0,0.0,0,default,1201.0,1321.0,False,1445.0,529.0,False,1512.0,1342.0,False,excavator_base,671121689,1765332158,0.0,0.0,8.095999717712402,False,True,True,True,0,False,True,0,excavator_base,671308172,1765332158,0,True,0.0,0.0,0.0,0,0,False,0,True,True,24.0,True,8,d,gps,598770343,1765332158,-35.31299999999999,-2.288,1.989,0,0,0.0,59.581,0.0,0.0,0.8,gps,598614743,1765332158,-35.31299999999999,36.4001182985,127.3612440825,0,1,14,0.0,0.0,0,0,0.0,0.0,59.581,36.4001182985,127.3612440825,0.0,0.0,0.0,0.0,0.0,0.0,0.0,0.0,0.0,-35.31299999999999,base_link,656367953,1765332158,86.90899658203125,41.37300109863281,172.26100158691406,8.095999717712402,0.0,-2.288,1.989,0.0,zedx_boom_imu_link,zedx_boom_left_camera_frame,588793403,1765332158,0.999992847442627,0.003616482252255082,0.0005469119059853256,-0.0009107014629989862,0.0,-0.03564900532364845,-0.00014700002793688327
1765332158600000000,-56.581993103027344,excavator_base_link,798824457,1765332158,4.121532277039558,1.0471816571554542,0.0,0.0,0.0,0.0,0.0,127,0,0.0,769327323,1765332158,0.0,4,f,0,4,f,0,4,f,0,59.58,gps,797501055,1765332158,36.400118365666664,127.36124405716667,0.6400000000000001,0.0,0.0,0.0,0.6400000000000001,0.0,0.0,0.0,2.5600000000000005,1,1,1,0.1,0.0,0.0,0.0,0.0,0.0,0.1,0.0,0.0,0.0,0.0,0.0,0.0,0.0,0.1,0.0,0.0,0.0,0.0,0.0,0.0,0.1,0.0,0.0,0.0,0.0,0.0,0.0,0.0,0.1,0.0,0.0,0.0,0.1,0.0,0.0,0.0,0.0,0.0,-0.0005334860482542153,-0.0038197993969546124,9.47468585514693e-06,8,d,gps,798293618,1765332158,-37.641999999999996,-2.276,1.904,0,0,-43.44200134277344,4,f,0,4,f,0,4,f,0,4,f,0,5.767000198364258,5.800000190734863,False,True,100.0,59.581,gps,697534948,1765332158,36.400118329166666,127.36124407083334,0.6400000000000001,0.0,0.0,0.0,0.6400000000000001,0.0,0.0,0.0,2.5600000000000005,1,1,1,0.1,0.0,0.0,0.0,0.0,0.0,0.1,0.0,0.0,0.0,0.0,0.0,0.0,0.0,0.1,0.0,0.0,0.0,0.0,0.0,0.0,0.1,0.0,0.0,0.0,0.0,0.0,0.0,0.0,0.1,0.0,0.0,0.0,0.1,0.0,0.0,0.0,0.0,0.0,-0.0005349265623389377,-0.0038195050536524717,9.82594520212359e-06,excavator_base,771017708,1765332158,True,50.0,False,52.0,-2.4200000762939453,False,False,-38.20000076293945,-2.3499999046325684,False,False,-42.88999938964844,-8.149999618530273,False,excavator_base,771133720,1765332158,7.006999969482422,False,0.0,0.0,0.0,0.0,0.0,0.0,0.0,0.0,0.0,excavator_base,771175740,1765332158,False,False,7.006999969482422,0.0,0,False,,0,0,0.0,0.0,False,0.0,0.0,0.0,0,False,,0,0,False,0.0,0.0,0,default,1202.0,1320.0,False,1457.0,529.0,False,1512.0,1340.0,False,excavator_base,771084659,1765332158,0.0,0.0,7.006999969482422,False,True,True,True,0,False,True,0,excavator_base,771239555,1765332158,0,True,0.0,0.0,0.0,0,0,False,0,True,True,24.0,True,8,d,gps,798681562,1765332158,-37.641999999999996,-2.276,1.904,0,0,0.0,59.58,0.0,0.0,0.8,gps,798531627,1765332158,-37.641999999999996,36.400118365666664,127.36124405716667,0,1,14,0.0,0.0,0,0,0.0,0.0,59.581,36.400118329166666,127.36124407083334,0.0,0.0,0.0,0.0,0.0,0.0,0.0,0.0,0.0,-36.40199999999999,base_link,756294568,1765332158,88.8290023803711,41.39799880981445,172.36099243164062,7.006999969482422,0.0,-2.283,1.961,0.0,zedx_boom_imu_link,zedx_boom_left_camera_frame,690109587,1765332158,0.999992847442627,0.003616482252255082,0.0005469119059853256,-0.0009107014629989862,0.0,-0.03564900532364845,-0.00014700002793688327
1765332158700000000,-55.338993072509766,excavator_base_link,898695802,1765332158,4.154947674263616,1.0767061651920926,0.0,0.0,0.0,0.0,0.0,127,0,0.0,869394368,1765332158,0.0,4,f,0,4,f,0,4,f,0,59.579,gps,897531296,1765332158,36.40011840366667,127.3612440425,0.6400000000000001,0.0,0.0,0.0,0.6400000000000001,0.0,0.0,0.0,2.5600000000000005,1,1,1,0.1,0.0,0.0,0.0,0.0,0.0,0.1,0.0,0.0,0.0,0.0,0.0,0.0,0.0,0.1,0.0,0.0,0.0,0.0,0.0,0.0,0.1,0.0,0.0,0.0,0.0,0.0,0.0,0.0,0.1,0.0,0.0,0.0,0.1,0.0,0.0,0.0,0.0,0.0,-0.000531987227929158,-0.0038201251994029474,9.123451485901703e-06,8,d,gps,898256428,1765332158,-38.92500000000001,-2.27,1.854,0,0,-43.42499923706055,4,f,0,4,f,0,4,f,0,4,f,0,4.484000205993652,4.5,False,True,100.0,59.58,gps,797501055,1765332158,36.400118365666664,127.36124405716667,0.6400000000000001,0.0,0.0,0.0,0.6400000000000001,0.0,0.0,0.0,2.5600000000000005,1,1,1,0.1,0.0,0.0,0.0,0.0,0.0,0.1,0.0,0.0,0.0,0.0,0.0,0.0,0.0,0.1,0.0,0.0,0.0,0.0,0.0,0.0,0.1,0.0,0.0,0.0,0.0,0.0,0.0,0.0,0.1,0.0,0.0,0.0,0.1,0.0,0.0,0.0,0.0,0.0,-0.0005334860482542153,-0.0038197993969546124,9.47468585514693e-06,excavator_base,871063823,1765332158,True,50.0,False,50.86000061035156,-2.440000057220459,False,False,-38.27000045776367,-2.3499999046325684,False,False,-44.13999938964844,-8.270000457763672,False,excavator_base,871158841,1765332158,5.767000198364258,False,0.0,0.0,0.0,0.0,0.0,0.0,0.0,0.0,0.0,excavator_base,871193213,1765332158,False,False,5.767000198364258,0.0,0,False,,0,0,0.0,0.0,False,0.0,0.0,0.0,0,False,,0,0,False,0.0,0.0,0,default,1202.0,1322.0,False,1454.0,529.0,False,1517.0,1340.0,False,excavator_base,871121365,1765332158,0.0,0.0,5.767000198364258,False,True,True,True,0,False,True,0,excavator_base,871245282,1765332158,0,True,0.0,0.0,0.0,0,0,False,0,True,True,24.0,True,8,d,gps,898609105,1765332158,-38.92500000000001,-2.27,1.854,0,0,0.0,59.579,0.0,0.0,0.8,gps,898468162,1765332158,-38.92500000000001,36.40011840366667,127.3612440425,0,1,14,0.0,0.0,0,0,0.0,0.0,59.58,36.400118365666664,127.36124405716667,0.0,0.0,0.0,0.0,0.0,0.0,0.0,0.0,0.0,-37.641999999999996,base_link,856276836,1765332158,90.15899658203125,41.46099853515625,172.4709930419922,5.767000198364258,0.0,-2.276,1.904,0.0,zedx_boom_imu_link,zedx_boom_left_camera_frame,795982833,1765332158,0.999992847442627,0.003616482252255082,0.0005469119059853256,-0.0009107014629989862,0.0,-0.03564900532364845,-0.00014700002793688327
1765332158800000000,-54.465003967285156,excavator_base_link,998721083,1765332158,4.178420350818539,1.095653491255592,0.0,0.0,0.0,0.0,0.0,127,0,0.0,969395935,1765332158,0.0,4,f,0,4,f,0,4,f,0,59.579,gps,997402705,1765332158,36.40011844066667,127.36124402833333,0.6400000000000001,0.0,0.0,0.0,0.6400000000000001,0.0,0.0,0.0,2.5600000000000005,1,1,1,0.1,0.0,0.0,0.0,0.0,0.0,0.1,0.0,0.0,0.0,0.0,0.0,0.0,0.0,0.1,0.0,0.0,0.0,0.0,0.0,0.0,0.1,0.0,0.0,0.0,0.0,0.0,0.0,0.0,0.1,0.0,0.0,0.0,0.1,0.0,0.0,0.0,0.0,0.0,-0.0005305274874446825,-0.003820435490120736,9.123131873479883e-06,8,d,gps,998078744,1765332158,-40.202,-2.263,1.825,0,0,-43.402000427246094,4,f,0,4,f,0,4,f,0,4,f,0,3.2070000171661377,3.200000047683716,False,True,100.0,59.579,gps,897531296,1765332158,36.40011840366667,127.3612440425,0.6400000000000001,0.0,0.0,0.0,0.6400000000000001,0.0,0.0,0.0,2.5600000000000005,1,1,1,0.1,0.0,0.0,0.0,0.0,0.0,0.1,0.0,0.0,0.0,0.0,0.0,0.0,0.0,0.1,0.0,0.0,0.0,0.0,0.0,0.0,0.1,0.0,0.0,0.0,0.0,0.0,0.0,0.0,0.1,0.0,0.0,0.0,0.1,0.0,0.0,0.0,0.0,0.0,-0.000531987227929158,-0.0038201251994029474,9.123451485901703e-06,excavator_base,973657181,1765332158,True,50.0,False,50.470001220703125,-2.4600000381469727,False,False,-38.290000915527344,-2.3399999141693115,False,False,-44.599998474121094,-8.359999656677246,False,excavator_base,973785226,1765332158,4.484000205993652,False,0.0,0.0,0.0,0.0,0.0,0.0,0.0,0.0,0.0,excavator_base,973824174,1765332158,False,False,4.484000205993652,0.0,0,False,,0,0,0.0,0.0,False,0.0,0.0,0.0,0,False,,0,0,False,0.0,0.0,0,default,1201.0,1322.0,False,1451.0,529.0,False,1513.0,1342.0,False,excavator_base,973737893,1765332158,0.0,0.0,4.484000205993652,False,True,True,True,0,False,True,0,excavator_base,973880948,1765332158,0,True,0.0,0.0,0.0,0,0,False,0,True,True,24.0,True,8,d,gps,998489411,1765332158,-40.202,-2.263,1.825,0,0,0.0,59.579,0.0,0.0,0.8,gps,998338771,1765332158,-40.202,36.40011844066667,127.36124402833333,0,1,14,0.0,0.0,0,0,0.0,0.0,59.579,36.40011840366667,127.3612440425,0.0,0.0,0.0,0.0,0.0,0.0,0.0,0.0,0.0,-38.92500000000001,base_link,956306213,1765332158,91.03900146484375,41.474998474121094,172.6009979248047,4.484000205993652,0.0,-2.27,1.854,0.0,zedx_boom_imu_link,zedx_boom_left_camera_frame,897029886,1765332158,0.999992847442627,0.003616482252255082,0.0005469119059853256,-0.0009107014629989862,0.0,-0.03564900532364845,-0.00014700002793688327
1765332158900000000,-53.64200210571289,excavator_base_link,99782472,1765332159,4.197679984068564,1.1153916013217036,0.0,0.0,0.0,0.0,0.0,127,0,0.0,19381420,1765332159,0.0,4,f,0,4,f,0,4,f,0,59.578,gps,97689101,1765332159,36.40011848183333,127.36124401666666,0.6400000000000001,0.0,0.0,0.0,0.6400000000000001,0.0,0.0,0.0,2.5600000000000005,1,1,1,0.1,0.0,0.0,0.0,0.0,0.0,0.1,0.0,0.0,0.0,0.0,0.0,0.0,0.0,0.1,0.0,0.0,0.0,0.0,0.0,0.0,0.1,0.0,0.0,0.0,0.0,0.0,0.0,0.0,0.1,0.0,0.0,0.0,0.1,0.0,0.0,0.0,0.0,0.0,-0.0005289054867698302,-0.0038206667973286414,8.771933532564596e-06,8,d,gps,98384918,1765332159,-41.518,-2.256,1.763,0,0,-43.61800003051758,4,f,0,4,f,0,4,f,0,4,f,0,1.8910000324249268,2.0999999046325684,False,True,100.0,59.579,gps,997402705,1765332158,36.40011844066667,127.36124402833333,0.6400000000000001,0.0,0.0,0.0,0.6400000000000001,0.0,0.0,0.0,2.5600000000000005,1,1,1,0.1,0.0,0.0,0.0,0.0,0.0,0.1,0.0,0.0,0.0,0.0,0.0,0.0,0.0,0.1,0.0,0.0,0.0,0.0,0.0,0.0,0.1,0.0,0.0,0.0,0.0,0.0,0.0,0.0,0.1,0.0,0.0,0.0,0.1,0.0,0.0,0.0,0.0,0.0,-0.0005305274874446825,-0.003820435490120736,9.123131873479883e-06,excavator_base,70929533,1765332159,True,50.0,False,49.439998626708984,-2.549999952316284,False,False,-38.290000915527344,-2.3299999237060547,False,False,-45.849998474121094,-8.59000015258789,False,excavator_base,71029672,1765332159,3.2070000171661377,False,0.0,0.0,0.0,0.0,0.0,0.0,0.0,0.0,0.0,excavator_base,71064748,1765332159,False,False,3.2070000171661377,0.0,0,False,,0,0,0.0,0.0,False,0.0,0.0,0.0,0,False,,0,0,False,0.0,0.0,0,default,1193.0,1322.0,False,1469.0,531.0,False,1514.0,1341.0,False,excavator_base,70988676,1765332159,0.0,0.0,3.2070000171661377,False,True,True,True,0,False,True,0,excavator_base,71116785,1765332159,0,True,0.0,0.0,0.0,0,0,False,0,True,True,24.0,True,8,d,gps,98768574,1765332159,-41.518,-2.256,1.763,0,0,0.0,59.578,0.0,0.0,0.8,gps,98616366,1765332159,-41.518,36.40011848183333,127.36124401666666,0,1,14,0.0,0.0,0,0,0.0,0.0,59.579,36.40011844066667,127.36124402833333,0.0,0.0,0.0,0.0,0.0,0.0,0.0,0.0,0.0,-40.202,base_link,59101736,1765332159,91.76899719238281,41.46799850463867,172.7310028076172,3.2070000171661377,0.0,-2.263,1.825,0.0,odom,map,517921000,1765332158,0.9537078504945978,0.05798439475367049,0.2921986366074347,-0.04122017266801062,-35.30853952375247,36.37631421963369,0.38537394436519856
1765332159000000000,-53.42900466918945,excavator_base_link,201808090,1765332159,4.199040523815134,1.1210827656356452,0.0,0.0,0.0,0.0,0.0,127,0,0.0,169408348,1765332159,0.0,4,f,0,4,f,0,4,f,0,59.578,gps,198877928,1765332159,36.40011852166667,127.361244002,0.6400000000000001,0.0,0.0,0.0,0.6400000000000001,0.0,0.0,0.0,2.5600000000000005,1,1,1,0.1,0.0,0.0,0.0,0.0,0.0,0.1,0.0,0.0,0.0,0.0,0.0,0.0,0.0,0.1,0.0,0.0,0.0,0.0,0.0,0.0,0.1,0.0,0.0,0.0,0.0,0.0,0.0,0.0,0.1,0.0,0.0,0.0,0.1,0.0,0.0,0.0,0.0,0.0,-0.0005273353540411871,-0.003820990869523198,8.771622007553568e-06,8,d,gps,201144469,1765332159,-42.81299999999999,-2.243,1.691,0,0,-43.612998962402344,4,f,0,4,f,0,4,f,0,4,f,0,0.5960000157356262,0.800000011920929,False,True,100.0,59.578,gps,97689101,1765332159,36.40011848183333,127.36124401666666,0.6400000000000001,0.0,0.0,0.0,0.6400000000000001,0.0,0.0,0.0,2.5600000000000005,1,1,1,0.1,0.0,0.0,0.0,0.0,0.0,0.1,0.0,0.0,0.0,0.0,0.0,0.0,0.0,0.1,0.0,0.0,0.0,0.0,0.0,0.0,0.1,0.0,0.0,0.0,0.0,0.0,0.0,0.0,0.1,0.0,0.0,0.0,0.1,0.0,0.0,0.0,0.0,0.0,-0.0005289054867698302,-0.0038206667973286414,8.771933532564596e-06,excavator_base,174365763,1765332159,True,50.0,False,49.380001068115234,-2.5199999809265137,False,False,-38.439998626708984,-2.2899999618530273,False,False,-45.97999954223633,-8.609999656677246,False,excavator_base,174474926,1765332159,1.8910000324249268,False,0.0,0.0,0.0,0.0,0.0,0.0,0.0,0.0,0.0,excavator_base,174510034,1765332159,False,False,1.8910000324249268,0.0,0,False,,0,0,0.0,0.0,False,0.0,0.0,0.0,0,False,,0,0,False,0.0,0.0,0,default,1201.0,1322.0,False,1451.0,531.0,False,1516.0,1337.0,False,excavator_base,174434698,1765332159,0.0,0.0,1.8910000324249268,False,True,True,True,0,False,True,0,excavator_base,174562552,1765332159,0,True,0.0,0.0,0.0,0,0,False,0,True,True,24.0,True,8,d,gps,203083424,1765332159,-42.81299999999999,-2.243,1.691,0,0,0.0,59.578,0.0,0.0,0.8,gps,202829765,1765332159,-42.81299999999999,36.40011852166667,127.361244002,0,1,14,0.0,0.0,0,0,0.0,0.0,59.578,36.40011848183333,127.36124401666666,0.0,0.0,0.0,0.0,0.0,0.0,0.0,0.0,0.0,-41.518,base_link,157446617,1765332159,91.97899627685547,41.611000061035156,172.89100646972656,1.8910000324249268,0.0,-2.256,1.763,0.0,zedx_boom_imu_link,zedx_boom_left_camera_frame,98018960,1765332159,0.999992847442627,0.003616482252255082,0.0005469119059853256,-0.0009107014629989862,0.0,-0.03564900532364845,-0.00014700002793688327
1765332159100000000,-53.37199783325195,excavator_base_link,298724406,1765332159,4.200539164946232,1.118039714570501,0.0,0.0,0.0,0.0,0.0,127,0,0.0,269546057,1765332159,0.0,4,f,0,4,f,0,4,f,0,59.577,gps,297640612,1765332159,36.400118558,127.36124399316667,0.6400000000000001,0.0,0.0,0.0,0.6400000000000001,0.0,0.0,0.0,2.5600000000000005,1,1,1,0.1,0.0,0.0,0.0,0.0,0.0,0.1,0.0,0.0,0.0,0.0,0.0,0.0,0.0,0.1,0.0,0.0,0.0,0.0,0.0,0.0,0.1,0.0,0.0,0.0,0.0,0.0,0.0,0.0,0.1,0.0,0.0,0.0,0.1,0.0,0.0,0.0,0.0,0.0,-0.0005259020980476056,-0.003821135400250413,8.420465431056342e-06,8,d,gps,298366096,1765332159,-44.053,-2.235,1.688,0,0,-43.25299835205078,4,f,0,4,f,0,4,f,0,4,f,0,-0.6439999938011169,-0.800000011920929,False,True,100.0,59.578,gps,198877928,1765332159,36.40011852166667,127.361244002,0.6400000000000001,0.0,0.0,0.0,0.6400000000000001,0.0,0.0,0.0,2.5600000000000005,1,1,1,0.1,0.0,0.0,0.0,0.0,0.0,0.1,0.0,0.0,0.0,0.0,0.0,0.0,0.0,0.1,0.0,0.0,0.0,0.0,0.0,0.0,0.1,0.0,0.0,0.0,0.0,0.0,0.0,0.0,0.1,0.0,0.0,0.0,0.1,0.0,0.0,0.0,0.0,0.0,-0.0005273353540411871,-0.003820990869523198,8.771622007553568e-06,excavator_base,277607796,1765332159,True,50.0,False,49.41999816894531,-2.569999933242798,False,False,-38.41999816894531,-2.2899999618530273,False,False,-46.130001068115234,-8.75,False,excavator_base,277804681,1765332159,0.5960000157356262,False,0.0,0.0,0.0,0.0,0.0,0.0,0.0,0.0,0.0,excavator_base,277868880,1765332159,False,False,0.5960000157356262,0.0,0,False,,0,0,0.0,0.0,False,0.0,0.0,0.0,0,False,,0,0,False,0.0,0.0,0,default,1197.0,1320.0,False,1446.0,531.0,False,1514.0,1338.0,False,excavator_base,277726721,1765332159,0.0,0.0,0.5960000157356262,False,True,True,True,0,False,True,0,excavator_base,277980507,1765332159,0,True,0.0,0.0,0.0,0,0,False,0,True,True,24.0,True,8,d,gps,298836033,1765332159,-44.053,-2.235,1.688,0,0,0.0,59.577,0.0,0.0,0.8,gps,298633388,1765332159,-44.053,36.400118558,127.36124399316667,0,1,14,0.0,0.0,0,0,0.0,0.0,59.578,36.40011852166667,127.361244002,0.0,0.0,0.0,0.0,0.0,0.0,0.0,0.0,0.0,-42.81299999999999,base_link,256330946,1765332159,92.00900268554688,41.577999114990234,173.031005859375,0.5960000157356262,0.0,-2.243,1.691,0.0,zedx_boom_imu_link,zedx_boom_left_camera_frame,194771398,1765332159,0.999992847442627,0.003616482252255082,0.0005469119059853256,-0.0009107014629989862,0.0,-0.03564900532364845,-0.00014700002793688327
1765332159200000000,-53.209999084472656,excavator_base_link,398808701,1765332159,4.201027259524674,1.121794653277742,0.0,0.0,0.0,0.0,0.0,127,0,0.0,369514564,1765332159,0.0,4,f,0,4,f,0,4,f,0,59.577,gps,397663685,1765332159,36.400118593,127.361243987,0.6400000000000001,0.0,0.0,0.0,0.6400000000000001,0.0,0.0,0.0,2.5600000000000005,1,1,1,0.1,0.0,0.0,0.0,0.0,0.0,0.1,0.0,0.0,0.0,0.0,0.0,0.0,0.0,0.1,0.0,0.0,0.0,0.0,0.0,0.0,0.1,0.0,0.0,0.0,0.0,0.0,0.0,0.0,0.1,0.0,0.0,0.0,0.1,0.0,0.0,0.0,0.0,0.0,-0.0005245206117664283,-0.0038211944835435173,8.420169677755618e-06,8,d,gps,398433365,1765332159,-45.147999999999996,-2.222,1.624,0,0,-43.04800033569336,4,f,0,4,f,0,4,f,0,4,f,0,-1.7389999628067017,-2.0999999046325684,False,True,100.0,59.577,gps,297640612,1765332159,36.400118558,127.36124399316667,0.6400000000000001,0.0,0.0,0.0,0.6400000000000001,0.0,0.0,0.0,2.5600000000000005,1,1,1,0.1,0.0,0.0,0.0,0.0,0.0,0.1,0.0,0.0,0.0,0.0,0.0,0.0,0.0,0.1,0.0,0.0,0.0,0.0,0.0,0.0,0.1,0.0,0.0,0.0,0.0,0.0,0.0,0.0,0.1,0.0,0.0,0.0,0.1,0.0,0.0,0.0,0.0,0.0,-0.0005259020980476056,-0.003821135400250413,8.420465431056342e-06,excavator_base,371167377,1765332159,True,50.0,False,49.38999938964844,-2.549999952316284,False,False,-38.400001525878906,-2.259999990463257,False,False,-46.310001373291016,-8.869999885559082,False,excavator_base,371270300,1765332159,-0.6439999938011169,False,0.0,0.0,0.0,0.0,0.0,0.0,0.0,0.0,0.0,excavator_base,371305823,1765332159,False,False,-0.6439999938011169,0.0,0,False,,0,0,0.0,0.0,False,0.0,0.0,0.0,0,False,,0,0,False,0.0,0.0,0,default,1188.0,1320.0,False,1483.0,531.0,False,1512.0,1338.0,False,excavator_base,371230872,1765332159,0.0,0.0,-0.6439999938011169,False,True,True,True,0,False,True,0,excavator_base,371357797,1765332159,0,True,0.0,0.0,0.0,0,0,False,0,True,True,24.0,True,8,d,gps,398823326,1765332159,-45.147999999999996,-2.222,1.624,0,0,0.0,59.577,0.0,0.0,0.8,gps,398672527,1765332159,-45.147999999999996,36.400118593,127.361243987,0,1,14,0.0,0.0,0,0,0.0,0.0,59.577,36.400118558,127.36124399316667,0.0,0.0,0.0,0.0,0.0,0.0,0.0,0.0,0.0,-44.053,base_link,356558808,1765332159,91.96900177001953,41.54999923706055,173.16099548339844,-0.6439999938011169,0.0,-2.235,1.688,0.0,zedx_boom_imu_link,zedx_boom_left_camera_frame,297388708,1765332159,0.999992847442627,0.003616482252255082,0.0005469119059853256,-0.0009107014629989862,0.0,-0.03564900532364845,-0.00014700002793688327
1765332159300000000,-52.922996520996094,excavator_base_link,501796660,1765332159,4.2052325339370356,1.1285184203725311,0.0,0.0,0.0,0.0,0.0,127,0,0.0,469496480,1765332159,0.0,4,f,0,4,f,0,4,f,0,59.576,gps,497860376,1765332159,36.4001186265,127.36124398266666,0.6400000000000001,0.0,0.0,0.0,0.6400000000000001,0.0,0.0,0.0,2.5600000000000005,1,1,1,0.1,0.0,0.0,0.0,0.0,0.0,0.1,0.0,0.0,0.0,0.0,0.0,0.0,0.0,0.1,0.0,0.0,0.0,0.0,0.0,0.0,0.1,0.0,0.0,0.0,0.0,0.0,0.0,0.0,0.1,0.0,0.0,0.0,0.1,0.0,0.0,0.0,0.0,0.0,-0.0005231976359499781,-0.0038211961028422285,8.069045873628308e-06,8,d,gps,498552864,1765332159,-46.09800000000001,-2.215,1.562,0,0,-42.89799880981445,4,f,0,4,f,0,4,f,0,4,f,0,-2.688999891281128,-3.200000047683716,False,True,100.0,59.577,gps,397663685,1765332159,36.400118593,127.361243987,0.6400000000000001,0.0,0.0,0.0,0.6400000000000001,0.0,0.0,0.0,2.5600000000000005,1,1,1,0.1,0.0,0.0,0.0,0.0,0.0,0.1,0.0,0.0,0.0,0.0,0.0,0.0,0.0,0.1,0.0,0.0,0.0,0.0,0.0,0.0,0.1,0.0,0.0,0.0,0.0,0.0,0.0,0.0,0.1,0.0,0.0,0.0,0.1,0.0,0.0,0.0,0.0,0.0,-0.0005245206117664283,-0.0038211944835435173,8.420169677755618e-06,excavator_base,471126123,1765332159,True,50.0,False,49.22999954223633,-2.6500000953674316,False,False,-38.529998779296875,-2.240000009536743,False,False,-46.61000061035156,-9.0600004196167,False,excavator_base,471263193,1765332159,-1.7389999628067017,False,0.0,0.0,0.0,0.0,0.0,0.0,0.0,0.0,0.0,excavator_base,471301021,1765332159,False,False,-1.7389999628067017,0.0,0,False,,0,0,0.0,0.0,False,0.0,0.0,0.0,0,False,,0,0,False,0.0,0.0,0,default,1186.0,1320.0,False,1472.0,531.0,False,1511.0,1336.0,False,excavator_base,471216276,1765332159,0.0,0.0,-1.7389999628067017,False,True,True,True,0,False,True,0,excavator_base,471358563,1765332159,0,True,0.0,0.0,0.0,0,0,False,0,True,True,24.0,True,8,d,gps,498924775,1765332159,-46.09800000000001,-2.215,1.562,0,0,0.0,59.576,0.0,0.0,0.8,gps,498776152,1765332159,-46.09800000000001,36.4001186265,127.36124398266666,0,1,14,0.0,0.0,0,0,0.0,0.0,59.577,36.400118593,127.361243987,0.0,0.0,0.0,0.0,0.0,0.0,0.0,0.0,0.0,-45.147999999999996,base_link,456728008,1765332159,91.96900177001953,41.66699981689453,173.30099487304688,-1.7389999628067017,0.0,-2.222,1.624,0.0,zedx_boom_imu_link,zedx_boom_left_camera_frame,399007301,1765332159,0.999992847442627,0.003616482252255082,0.0005469119059853256,-0.0009107014629989862,0.0,-0.03564900532364845,-0.00014700002793688327
1765332159400000000,-52.83000183105469,excavator_base_link,598960457,1765332159,4.205930806555296,1.1291505608430599,0.0,0.0,0.0,0.0,0.0,127,0,0.0,569837698,1765332159,0.0,4,f,0,4,f,0,4,f,0,59.576,gps,597693957,1765332159,36.40011865466667,127.36124397966667,0.6400000000000001,0.0,0.0,0.0,0.6400000000000001,0.0,0.0,0.0,2.5600000000000005,1,1,1,0.1,0.0,0.0,0.0,0.0,0.0,0.1,0.0,0.0,0.0,0.0,0.0,0.0,0.0,0.1,0.0,0.0,0.0,0.0,0.0,0.0,0.1,0.0,0.0,0.0,0.0,0.0,0.0,0.0,0.1,0.0,0.0,0.0,0.1,0.0,0.0,0.0,0.0,0.0,-0.0005220824821183751,-0.0038211562691772916,8.068763205318418e-06,8,d,gps,598410640,1765332159,-47.02600000000001,-2.208,1.554,0,0,-42.82600021362305,4,f,0,4,f,0,4,f,0,4,f,0,-3.617000102996826,-4.199999809265137,False,True,100.0,59.576,gps,497860376,1765332159,36.4001186265,127.36124398266666,0.6400000000000001,0.0,0.0,0.0,0.6400000000000001,0.0,0.0,0.0,2.5600000000000005,1,1,1,0.1,0.0,0.0,0.0,0.0,0.0,0.1,0.0,0.0,0.0,0.0,0.0,0.0,0.0,0.1,0.0,0.0,0.0,0.0,0.0,0.0,0.1,0.0,0.0,0.0,0.0,0.0,0.0,0.0,0.1,0.0,0.0,0.0,0.1,0.0,0.0,0.0,0.0,0.0,-0.0005231976359499781,-0.0038211961028422285,8.069045873628308e-06,excavator_base,570890480,1765332159,True,50.0,False,49.2400016784668,-2.630000114440918,False,False,-38.560001373291016,-2.2100000381469727,False,False,-46.709999084472656,-9.100000381469727,False,excavator_base,570989243,1765332159,-2.688999891281128,False,0.0,0.0,0.0,0.0,0.0,0.0,0.0,0.0,0.0,excavator_base,571025182,1765332159,False,False,-2.688999891281128,0.0,0,False,,0,0,0.0,0.0,False,0.0,0.0,0.0,0,False,,0,0,False,0.0,0.0,0,default,1191.0,1317.0,False,1414.0,528.0,False,1514.0,1335.0,False,excavator_base,570950775,1765332159,0.0,0.0,-2.688999891281128,False,True,True,True,0,False,True,0,excavator_base,571079908,1765332159,0,True,0.0,0.0,0.0,0,0,False,0,True,True,24.0,True,8,d,gps,598797912,1765332159,-47.02600000000001,-2.208,1.554,0,0,0.0,59.576,0.0,0.0,0.8,gps,598646728,1765332159,-47.02600000000001,36.40011865466667,127.36124397966667,0,1,14,0.0,0.0,0,0,0.0,0.0,59.576,36.4001186265,127.36124398266666,0.0,0.0,0.0,0.0,0.0,0.0,0.0,0.0,0.0,-46.09800000000001,base_link,558792863,1765332159,92.01899719238281,41.689998626708984,173.42100524902344,-2.688999891281128,0.0,-2.215,1.562,0.0,zedx_boom_imu_link,zedx_boom_left_camera_frame,490313504,1765332159,0.999992847442627,0.003616482252255082,0.0005469119059853256,-0.0009107014629989862,0.0,-0.03564900532364845,-0.00014700002793688327
1765332159500000000,-52.87699890136719,excavator_base_link,698685835,1765332159,4.203704800431942,1.1261257241887948,0.0,0.0,0.0,0.0,0.0,127,0,0.0,669740662,1765332159,0.0,4,f,0,4,f,0,4,f,0,59.576,gps,697763466,1765332159,36.400118682333336,127.36124397866666,0.6400000000000001,0.0,0.0,0.0,0.6400000000000001,0.0,0.0,0.0,2.5600000000000005,1,1,1,0.1,0.0,0.0,0.0,0.0,0.0,0.1,0.0,0.0,0.0,0.0,0.0,0.0,0.0,0.1,0.0,0.0,0.0,0.0,0.0,0.0,0.1,0.0,0.0,0.0,0.0,0.0,0.0,0.0,0.1,0.0,0.0,0.0,0.1,0.0,0.0,0.0,0.0,0.0,-0.000520986845577508,-0.0038210535311079302,8.068480084429765e-06,8,d,gps,698410574,1765332159,-47.881,-2.2,1.511,0,0,-42.88100051879883,4,f,0,4,f,0,4,f,0,4,f,0,-4.4720001220703125,-5.0,False,True,100.0,59.576,gps,597693957,1765332159,36.40011865466667,127.36124397966667,0.6400000000000001,0.0,0.0,0.0,0.6400000000000001,0.0,0.0,0.0,2.5600000000000005,1,1,1,0.1,0.0,0.0,0.0,0.0,0.0,0.1,0.0,0.0,0.0,0.0,0.0,0.0,0.0,0.1,0.0,0.0,0.0,0.0,0.0,0.0,0.1,0.0,0.0,0.0,0.0,0.0,0.0,0.0,0.1,0.0,0.0,0.0,0.1,0.0,0.0,0.0,0.0,0.0,-0.0005220824821183751,-0.0038211562691772916,8.068763205318418e-06,excavator_base,671174476,1765332159,True,50.0,False,49.279998779296875,-2.5999999046325684,False,False,-38.529998779296875,-2.200000047683716,False,False,-46.709999084472656,-9.100000381469727,False,excavator_base,671286232,1765332159,-3.617000102996826,False,0.0,0.0,0.0,0.0,0.0,0.0,0.0,0.0,0.0,excavator_base,671322972,1765332159,False,False,-3.617000102996826,0.0,0,False,,0,0,0.0,0.0,False,0.0,0.0,0.0,0,False,,0,0,False,0.0,0.0,0,default,1188.0,1319.0,False,1399.0,528.0,False,1511.0,1332.0,False,excavator_base,671241683,1765332159,0.0,0.0,-3.617000102996826,False,True,True,True,0,False,True,0,excavator_base,671376353,1765332159,0,True,0.0,0.0,0.0,0,0,False,0,True,True,24.0,True,8,d,gps,698776052,1765332159,-47.881,-2.2,1.511,0,0,0.0,59.576,0.0,0.0,0.8,gps,698627172,1765332159,-47.881,36.400118682333336,127.36124397866666,0,1,14,0.0,0.0,0,0,0.0,0.0,59.576,36.40011865466667,127.36124397966667,0.0,0.0,0.0,0.0,0.0,0.0,0.0,0.0,0.0,-47.02600000000001,base_link,656711427,1765332159,91.98899841308594,41.65299987792969,173.52099609375,-3.617000102996826,0.0,-2.208,1.554,0.0,zedx_boom_imu_link,zedx_boom_left_camera_frame,596640939,1765332159,0.999992847442627,0.003616482252255082,0.0005469119059853256,-0.0009107014629989862,0.0,-0.03564900532364845,-0.00014700002793688327
1765332159600000000,-53.17499923706055,excavator_base_link,798706219,1765332159,4.196978745656812,1.1223161590342747,0.0,0.0,0.0,0.0,0.0,127,0,0.0,769682350,1765332159,0.0,4,f,0,4,f,0,4,f,0,59.575,gps,797850961,1765332159,36.400118707666664,127.361243983,0.6400000000000001,0.0,0.0,0.0,0.6400000000000001,0.0,0.0,0.0,2.5600000000000005,1,1,1,0.1,0.0,0.0,0.0,0.0,0.0,0.1,0.0,0.0,0.0,0.0,0.0,0.0,0.0,0.1,0.0,0.0,0.0,0.0,0.0,0.0,0.1,0.0,0.0,0.0,0.0,0.0,0.0,0.0,0.1,0.0,0.0,0.0,0.1,0.0,0.0,0.0,0.0,0.0,-0.0005199821016248235,-0.0038207833604234844,7.717405226089343e-06,8,d,gps,798831672,1765332159,-48.64500000000001,-2.196,1.472,0,0,-42.845001220703125,4,f,0,4,f,0,4,f,0,4,f,0,-5.236000061035156,-5.800000190734863,False,True,100.0,59.576,gps,697763466,1765332159,36.400118682333336,127.36124397866666,0.6400000000000001,0.0,0.0,0.0,0.6400000000000001,0.0,0.0,0.0,2.5600000000000005,1,1,1,0.1,0.0,0.0,0.0,0.0,0.0,0.1,0.0,0.0,0.0,0.0,0.0,0.0,0.0,0.1,0.0,0.0,0.0,0.0,0.0,0.0,0.1,0.0,0.0,0.0,0.0,0.0,0.0,0.0,0.1,0.0,0.0,0.0,0.1,0.0,0.0,0.0,0.0,0.0,-0.000520986845577508,-0.0038210535311079302,8.068480084429765e-06,excavator_base,771198125,1765332159,True,50.0,False,49.4900016784668,-2.5,False,False,-38.54999923706055,-2.180000066757202,False,False,-46.380001068115234,-9.079999923706055,False,excavator_base,771304664,1765332159,-4.4720001220703125,False,0.0,0.0,0.0,0.0,0.0,0.0,0.0,0.0,0.0,excavator_base,771340412,1765332159,False,False,-4.4720001220703125,0.0,0,False,,0,0,0.0,0.0,False,0.0,0.0,0.0,0,False,,0,0,False,0.0,0.0,0,default,1145.0,1321.0,False,1408.0,528.0,False,1512.0,1263.0,False,excavator_base,771263412,1765332159,0.0,0.0,-4.4720001220703125,False,True,True,True,0,False,True,0,excavator_base,771390753,1765332159,0,True,0.0,0.0,0.0,0,0,False,0,True,True,24.0,True,8,d,gps,799326604,1765332159,-48.64500000000001,-2.196,1.472,0,0,0.0,59.575,0.0,0.0,0.8,gps,799164347,1765332159,-48.64500000000001,36.400118707666664,127.361243983,0,1,14,0.0,0.0,0,0,0.0,0.0,59.576,36.400118682333336,127.36124397866666,0.0,0.0,0.0,0.0,0.0,0.0,0.0,0.0,0.0,-47.881,base_link,764290970,1765332159,91.83899688720703,41.665000915527344,173.49099731445312,-4.4720001220703125,0.0,-2.2,1.511,0.0,zedx_boom_imu_link,zedx_boom_left_camera_frame,699118308,1765332159,0.999992847442627,0.003616482252255082,0.0005469119059853256,-0.0009107014629989862,0.0,-0.03564900532364845,-0.00014700002793688327
1765332159700000000,-53.7089958190918,excavator_base_link,898687559,1765332159,4.1837055877972285,1.112015805245842,0.0,0.0,0.0,0.0,0.0,127,0,0.0,869440531,1765332159,0.0,4,f,0,4,f,0,4,f,0,59.575,gps,897861105,1765332159,36.400118730833334,127.36124398666666,0.6400000000000001,0.0,0.0,0.0,0.6400000000000001,0.0,0.0,0.0,2.5600000000000005,1,1,1,0.1,0.0,0.0,0.0,0.0,0.0,0.1,0.0,0.0,0.0,0.0,0.0,0.0,0.0,0.1,0.0,0.0,0.0,0.0,0.0,0.0,0.1,0.0,0.0,0.0,0.0,0.0,0.0,0.0,0.1,0.0,0.0,0.0,0.1,0.0,0.0,0.0,0.0,0.0,-0.0005190618531961969,-0.003820534564713166,7.71713480394975e-06,8,d,gps,898578812,1765332159,-49.39699999999999,-2.194,1.444,0,0,-42.59700012207031,4,f,0,4,f,0,4,f,0,4,f,0,-5.98799991607666,-6.800000190734863,False,True,100.0,59.575,gps,797850961,1765332159,36.400118707666664,127.361243983,0.6400000000000001,0.0,0.0,0.0,0.6400000000000001,0.0,0.0,0.0,2.5600000000000005,1,1,1,0.1,0.0,0.0,0.0,0.0,0.0,0.1,0.0,0.0,0.0,0.0,0.0,0.0,0.0,0.1,0.0,0.0,0.0,0.0,0.0,0.0,0.1,0.0,0.0,0.0,0.0,0.0,0.0,0.0,0.1,0.0,0.0,0.0,0.1,0.0,0.0,0.0,0.0,0.0,-0.0005199821016248235,-0.0038207833604234844,7.717405226089343e-06,excavator_base,871775272,1765332159,True,50.0,False,49.869998931884766,-2.490000009536743,False,False,-38.59000015258789,-2.1500000953674316,False,False,-45.849998474121094,-9.109999656677246,False,excavator_base,871886355,1765332159,-5.236000061035156,False,0.0,0.0,0.0,0.0,0.0,0.0,0.0,0.0,0.0,excavator_base,871923031,1765332159,False,False,-5.236000061035156,0.0,0,False,,0,0,0.0,0.0,False,0.0,0.0,0.0,0,False,,0,0,False,0.0,0.0,0,default,1097.0,1317.0,False,1383.0,528.0,False,1509.0,1187.0,False,excavator_base,871843343,1765332159,0.0,0.0,-5.236000061035156,False,True,True,True,0,False,True,0,excavator_base,871973660,1765332159,0,True,0.0,0.0,0.0,0,0,False,0,True,True,24.0,True,8,d,gps,898973797,1765332159,-49.39699999999999,-2.194,1.444,0,0,0.0,59.575,0.0,0.0,0.8,gps,898816341,1765332159,-49.39699999999999,36.400118730833334,127.36124398666666,0,1,14,0.0,0.0,0,0,0.0,0.0,59.575,36.400118707666664,127.361243983,0.0,0.0,0.0,0.0,0.0,0.0,0.0,0.0,0.0,-48.64500000000001,base_link,856282131,1765332159,91.56900024414062,41.70100021362305,173.34100341796875,-5.236000061035156,0.0,-2.196,1.472,0.0,zedx_boom_imu_link,zedx_boom_left_camera_frame,795348704,1765332159,0.999992847442627,0.003616482252255082,0.0005469119059853256,-0.0009107014629989862,0.0,-0.03564900532364845,-0.00014700002793688327
1765332159800000000,-54.91099166870117,excavator_base_link,998713576,1765332159,4.158316910042787,1.0913572496795294,0.0,0.0,0.0,0.0,0.0,127,0,0.0,969442898,1765332159,0.0,4,f,0,4,f,0,4,f,0,59.574,gps,997616053,1765332159,36.400118756,127.36124398733334,0.6400000000000001,0.0,0.0,0.0,0.6400000000000001,0.0,0.0,0.0,2.5600000000000005,1,1,1,0.1,0.0,0.0,0.0,0.0,0.0,0.1,0.0,0.0,0.0,0.0,0.0,0.0,0.0,0.1,0.0,0.0,0.0,0.0,0.0,0.0,0.1,0.0,0.0,0.0,0.0,0.0,0.0,0.0,0.1,0.0,0.0,0.0,0.1,0.0,0.0,0.0,0.0,0.0,-0.0005180638309778764,-0.0038203800351582747,7.36609828678405e-06,8,d,gps,998278587,1765332159,-50.132000000000005,-2.181,1.418,0,0,-42.231998443603516,4,f,0,4,f,0,4,f,0,4,f,0,-6.7230000495910645,-7.900000095367432,False,True,100.0,59.575,gps,897861105,1765332159,36.400118730833334,127.36124398666666,0.6400000000000001,0.0,0.0,0.0,0.6400000000000001,0.0,0.0,0.0,2.5600000000000005,1,1,1,0.1,0.0,0.0,0.0,0.0,0.0,0.1,0.0,0.0,0.0,0.0,0.0,0.0,0.0,0.1,0.0,0.0,0.0,0.0,0.0,0.0,0.1,0.0,0.0,0.0,0.0,0.0,0.0,0.0,0.1,0.0,0.0,0.0,0.1,0.0,0.0,0.0,0.0,0.0,-0.0005190618531961969,-0.003820534564713166,7.71713480394975e-06,excavator_base,970972466,1765332159,True,50.0,False,50.52000045776367,-2.4100000858306885,False,False,-38.59000015258789,-2.140000104904175,False,False,-44.650001525878906,-9.079999923706055,False,excavator_base,971083005,1765332159,-5.98799991607666,False,0.0,0.0,0.0,0.0,0.0,0.0,0.0,0.0,0.0,excavator_base,971121985,1765332159,False,False,-5.98799991607666,0.0,0,False,,0,0,0.0,0.0,False,0.0,0.0,0.0,0,False,,0,0,False,0.0,0.0,0,default,1036.0,1318.0,False,1367.0,528.0,False,1511.0,1081.0,False,excavator_base,971040857,1765332159,0.0,0.0,-5.98799991607666,False,True,True,True,0,False,True,0,excavator_base,971175079,1765332159,0,True,0.0,0.0,0.0,0,0,False,0,True,True,24.0,True,8,d,gps,998690054,1765332159,-50.132000000000005,-2.181,1.418,0,0,0.0,59.574,0.0,0.0,0.8,gps,998528629,1765332159,-50.132000000000005,36.400118756,127.36124398733334,0,1,14,0.0,0.0,0,0,0.0,0.0,59.575,36.400118730833334,127.36124398666666,0.0,0.0,0.0,0.0,0.0,0.0,0.0,0.0,0.0,-49.39699999999999,base_link,966160538,1765332159,91.04900360107422,41.69900131225586,173.04100036621094,-5.98799991607666,0.0,-2.194,1.444,0.0,zedx_boom_imu_link,zedx_boom_left_camera_frame,897130017,1765332159,0.999992847442627,0.003616482252255082,0.0005469119059853256,-0.0009107014629989862,0.0,-0.03564900532364845,-0.00014700002793688327
1765332159900000000,-56.79399490356445,excavator_base_link,101269682,1765332160,4.118958362891614,1.059661866615508,0.0,0.0,0.0,0.0,0.0,127,0,0.0,69482772,1765332160,0.0,4,f,0,4,f,0,4,f,0,59.574,gps,97919507,1765332160,36.40011877916667,127.36124399116666,0.6400000000000001,0.0,0.0,0.0,0.6400000000000001,0.0,0.0,0.0,2.5600000000000005,1,1,1,0.1,0.0,0.0,0.0,0.0,0.0,0.1,0.0,0.0,0.0,0.0,0.0,0.0,0.0,0.1,0.0,0.0,0.0,0.0,0.0,0.0,0.1,0.0,0.0,0.0,0.0,0.0,0.0,0.0,0.1,0.0,0.0,0.0,0.1,0.0,0.0,0.0,0.0,0.0,-0.0005171436405005393,-0.003820125504223493,7.365839143078506e-06,8,d,gps,98571319,1765332160,-50.81100000000001,-2.176,1.394,0,0,-42.4109992980957,4,f,0,4,f,0,4,f,0,4,f,0,-7.4019999504089355,-8.399999618530273,False,True,100.0,59.574,gps,997616053,1765332159,36.400118756,127.36124398733334,0.6400000000000001,0.0,0.0,0.0,0.6400000000000001,0.0,0.0,0.0,2.5600000000000005,1,1,1,0.1,0.0,0.0,0.0,0.0,0.0,0.1,0.0,0.0,0.0,0.0,0.0,0.0,0.0,0.1,0.0,0.0,0.0,0.0,0.0,0.0,0.1,0.0,0.0,0.0,0.0,0.0,0.0,0.0,0.1,0.0,0.0,0.0,0.1,0.0,0.0,0.0,0.0,0.0,-0.0005180638309778764,-0.0038203800351582747,7.36609828678405e-06,excavator_base,70998195,1765332160,True,50.0,False,51.5,-2.450000047683716,False,False,-38.58000183105469,-2.0999999046325684,False,False,-42.779998779296875,-9.149999618530273,False,excavator_base,71105278,1765332160,-6.7230000495910645,False,0.0,0.0,0.0,0.0,0.0,0.0,0.0,0.0,0.0,excavator_base,71141506,1765332160,False,False,-6.7230000495910645,0.0,0,False,,0,0,0.0,0.0,False,0.0,0.0,0.0,0,False,,0,0,False,0.0,0.0,0,default,1012.0,1316.0,False,1367.0,531.0,False,1508.0,1030.0,False,excavator_base,71062009,1765332160,0.0,0.0,-6.7230000495910645,False,True,True,True,0,False,True,0,excavator_base,71193479,1765332160,0,True,0.0,0.0,0.0,0,0,False,0,True,True,24.0,True,8,d,gps,98961600,1765332160,-50.81100000000001,-2.176,1.394,0,0,0.0,59.574,0.0,0.0,0.8,gps,98797903,1765332160,-50.81100000000001,36.40011877916667,127.36124399116666,0,1,14,0.0,0.0,0,0,0.0,0.0,59.574,36.400118756,127.36124398733334,0.0,0.0,0.0,0.0,0.0,0.0,0.0,0.0,0.0,-50.132000000000005,base_link,56387258,1765332160,90.25900268554688,41.67599868774414,172.26100158691406,-6.7230000495910645,0.0,-2.181,1.418,0.0,zedx_boom_imu_link,zedx_boom_left_camera_frame,998341361,1765332159,0.999992847442627,0.003616482252255082,0.0005469119059853256,-0.0009107014629989862,0.0,-0.03564900532364845,-0.00014700002793688327
1765332160000000000,-59.07900619506836,excavator_base_link,198700899,1765332160,4.069946523309967,1.0214598380083562,0.0,0.0,0.0,0.0,0.0,127,0,0.0,169395369,1765332160,0.0,4,f,0,4,f,0,4,f,0,59.574,gps,197784963,1765332160,36.4001187925,127.36124399,0.6400000000000001,0.0,0.0,0.0,0.6400000000000001,0.0,0.0,0.0,2.5600000000000005,1,1,1,0.1,0.0,0.0,0.0,0.0,0.0,0.1,0.0,0.0,0.0,0.0,0.0,0.0,0.0,0.1,0.0,0.0,0.0,0.0,0.0,0.0,0.1,0.0,0.0,0.0,0.0,0.0,0.0,0.0,0.1,0.0,0.0,0.0,0.1,0.0,0.0,0.0,0.0,0.0,-0.0005166064246532718,-0.00382002822727029,7.365581086868855e-06,8,d,gps,198455593,1765332160,-51.504999999999995,-2.166,1.367,0,0,-42.60499954223633,4,f,0,4,f,0,4,f,0,4,f,0,-8.095999717712402,-8.899999618530273,False,True,100.0,59.574,gps,97919507,1765332160,36.40011877916667,127.36124399116666,0.6400000000000001,0.0,0.0,0.0,0.6400000000000001,0.0,0.0,0.0,2.5600000000000005,1,1,1,0.1,0.0,0.0,0.0,0.0,0.0,0.1,0.0,0.0,0.0,0.0,0.0,0.0,0.0,0.1,0.0,0.0,0.0,0.0,0.0,0.0,0.1,0.0,0.0,0.0,0.0,0.0,0.0,0.0,0.1,0.0,0.0,0.0,0.1,0.0,0.0,0.0,0.0,0.0,-0.0005171436405005393,-0.003820125504223493,7.365839143078506e-06,excavator_base,171565964,1765332160,True,50.0,False,52.7400016784668,-2.4800000190734863,False,False,-38.560001373291016,-2.109999895095825,False,False,-40.5,-9.25,False,excavator_base,171667895,1765332160,-7.4019999504089355,False,0.0,0.0,0.0,0.0,0.0,0.0,0.0,0.0,0.0,excavator_base,171704507,1765332160,False,False,-7.4019999504089355,0.0,0,False,,0,0,0.0,0.0,False,0.0,0.0,0.0,0,False,,0,0,False,0.0,0.0,0,default,1013.0,1318.0,False,1367.0,531.0,False,1507.0,1032.0,False,excavator_base,171626867,1765332160,0.0,0.0,-7.4019999504089355,False,True,True,True,0,False,True,0,excavator_base,171756832,1765332160,0,True,0.0,0.0,0.0,0,0,False,0,True,True,24.0,True,8,d,gps,198828080,1765332160,-51.504999999999995,-2.166,1.367,0,0,0.0,59.574,0.0,0.0,0.8,gps,198679553,1765332160,-51.504999999999995,36.4001187925,127.36124399,0,1,14,0.0,0.0,0,0,0.0,0.0,59.574,36.40011877916667,127.36124399116666,0.0,0.0,0.0,0.0,0.0,0.0,0.0,0.0,0.0,-50.81100000000001,base_link,156925809,1765332160,89.13899993896484,41.6510009765625,171.3209991455078,-7.4019999504089355,0.0,-2.176,1.394,0.0,zedx_boom_imu_link,zedx_boom_left_camera_frame,99650640,1765332160,0.999992847442627,0.003616482252255082,0.0005469119059853256,-0.0009107014629989862,0.0,-0.03564900532364845,-0.00014700002793688327
1765332160100000000,-61.60899353027344,excavator_base_link,298686848,1765332160,4.016878168778811,0.982478158949845,0.0,0.0,0.0,0.0,0.0,127,0,0.0,269400008,1765332160,0.0,4,f,0,4,f,0,4,f,0,59.574,gps,298050877,1765332160,36.40011880683333,127.36124398816666,0.6400000000000001,0.0,0.0,0.0,0.6400000000000001,0.0,0.0,0.0,2.5600000000000005,1,1,1,0.1,0.0,0.0,0.0,0.0,0.0,0.1,0.0,0.0,0.0,0.0,0.0,0.0,0.0,0.1,0.0,0.0,0.0,0.0,0.0,0.0,0.1,0.0,0.0,0.0,0.0,0.0,0.0,0.0,0.1,0.0,0.0,0.0,0.1,0.0,0.0,0.0,0.0,0.0,-0.0005160302414986254,-0.003819951299476813,7.365321991254132e-06,8,d,gps,298815085,1765332160,-52.21199999999999,-2.159,1.349,0,0,-42.012001037597656,4,f,0,4,f,0,4,f,0,4,f,0,-8.803000450134277,-10.199999809265137,False,True,100.0,59.574,gps,197784963,1765332160,36.4001187925,127.36124399,0.6400000000000001,0.0,0.0,0.0,0.6400000000000001,0.0,0.0,0.0,2.5600000000000005,1,1,1,0.1,0.0,0.0,0.0,0.0,0.0,0.1,0.0,0.0,0.0,0.0,0.0,0.0,0.0,0.1,0.0,0.0,0.0,0.0,0.0,0.0,0.1,0.0,0.0,0.0,0.0,0.0,0.0,0.0,0.1,0.0,0.0,0.0,0.1,0.0,0.0,0.0,0.0,0.0,-0.0005166064246532718,-0.00382002822727029,7.365581086868855e-06,excavator_base,270920935,1765332160,True,50.0,False,53.9900016784668,-2.450000047683716,False,False,-38.5099983215332,-2.0899999141693115,False,False,-37.97999954223633,-9.279999732971191,False,excavator_base,271014577,1765332160,-8.095999717712402,False,0.0,0.0,0.0,0.0,0.0,0.0,0.0,0.0,0.0,excavator_base,271047284,1765332160,False,False,-8.095999717712402,0.0,0,False,,0,0,0.0,0.0,False,0.0,0.0,0.0,0,False,,0,0,False,0.0,0.0,0,default,1016.0,1312.0,False,1386.0,531.0,False,1505.0,1037.0,False,excavator_base,270979277,1765332160,0.0,0.0,-8.095999717712402,False,True,True,True,0,False,True,0,excavator_base,271097753,1765332160,0,True,0.0,0.0,0.0,0,0,False,0,True,True,24.0,True,8,d,gps,299317218,1765332160,-52.21199999999999,-2.159,1.349,0,0,0.0,59.574,0.0,0.0,0.8,gps,299107084,1765332160,-52.21199999999999,36.40011880683333,127.36124398816666,0,1,14,0.0,0.0,0,0,0.0,0.0,59.574,36.4001187925,127.36124399,0.0,0.0,0.0,0.0,0.0,0.0,0.0,0.0,0.0,-51.504999999999995,base_link,256342418,1765332160,87.91899871826172,41.590999603271484,170.1510009765625,-8.095999717712402,0.0,-2.166,1.367,0.0,zedx_boom_imu_link,zedx_boom_left_camera_frame,190743732,1765332160,0.999992847442627,0.003616482252255082,0.0005469119059853256,-0.0009107014629989862,0.0,-0.03564900532364845,-0.00014700002793688327
1765332160200000000,-64.44599914550781,excavator_base_link,398707520,1765332160,3.9558259534396503,0.9474651263831785,0.0,0.0,0.0,0.0,0.0,127,0,0.0,371066132,1765332160,0.0,4,f,0,4,f,0,4,f,0,59.574,gps,398011703,1765332160,36.400118821333336,127.36124398716667,0.6400000000000001,0.0,0.0,0.0,0.6400000000000001,0.0,0.0,0.0,2.5600000000000005,1,1,1,0.1,0.0,0.0,0.0,0.0,0.0,0.1,0.0,0.0,0.0,0.0,0.0,0.0,0.0,0.1,0.0,0.0,0.0,0.0,0.0,0.0,0.1,0.0,0.0,0.0,0.0,0.0,0.0,0.0,0.1,0.0,0.0,0.0,0.1,0.0,0.0,0.0,0.0,0.0,-0.0005154476795773302,-0.0038198487773193667,7.36506390230354e-06,8,d,gps,398638777,1765332160,-52.891999999999996,-2.149,1.311,0,0,-42.391998291015625,4,f,0,4,f,0,4,f,0,4,f,0,-9.482999801635742,-10.5,False,True,100.0,59.574,gps,298050877,1765332160,36.40011880683333,127.36124398816666,0.6400000000000001,0.0,0.0,0.0,0.6400000000000001,0.0,0.0,0.0,2.5600000000000005,1,1,1,0.1,0.0,0.0,0.0,0.0,0.0,0.1,0.0,0.0,0.0,0.0,0.0,0.0,0.0,0.1,0.0,0.0,0.0,0.0,0.0,0.0,0.1,0.0,0.0,0.0,0.0,0.0,0.0,0.0,0.1,0.0,0.0,0.0,0.1,0.0,0.0,0.0,0.0,0.0,-0.0005160302414986254,-0.003819951299476813,7.365321991254132e-06,excavator_base,371415417,1765332160,True,50.0,False,55.220001220703125,-2.4200000762939453,False,False,-38.5099983215332,-2.0799999237060547,False,False,-36.689998626708984,-9.260000228881836,False,excavator_base,371538214,1765332160,-8.803000450134277,False,0.0,0.0,0.0,0.0,0.0,0.0,0.0,0.0,0.0,excavator_base,371582730,1765332160,False,False,-8.803000450134277,0.0,0,False,,0,0,0.0,0.0,False,0.0,0.0,0.0,0,False,,0,0,False,0.0,0.0,0,default,1015.0,1312.0,False,1407.0,531.0,False,1505.0,1039.0,False,excavator_base,371487392,1765332160,0.0,0.0,-8.803000450134277,False,True,True,True,0,False,True,0,excavator_base,371649137,1765332160,0,True,0.0,0.0,0.0,0,0,False,0,True,True,24.0,True,8,d,gps,398988286,1765332160,-52.891999999999996,-2.149,1.311,0,0,0.0,59.574,0.0,0.0,0.8,gps,398846575,1765332160,-52.891999999999996,36.400118821333336,127.36124398716667,0,1,14,0.0,0.0,0,0,0.0,0.0,59.574,36.40011880683333,127.36124398816666,0.0,0.0,0.0,0.0,0.0,0.0,0.0,0.0,0.0,-52.21199999999999,base_link,358747916,1765332160,86.68900299072266,41.58399963378906,168.8209991455078,-8.803000450134277,0.0,-2.159,1.349,0.0,zedx_boom_imu_link,zedx_boom_left_camera_frame,291927790,1765332160,0.999992847442627,0.003616482252255082,0.0005469119059853256,-0.0009107014629989862,0.0,-0.03564900532364845,-0.00014700002793688327
1765332160300000000,-67.39599609375,excavator_base_link,498691325,1765332160,3.9023643136741084,0.9168937326311075,0.0,0.0,0.0,0.0,0.0,127,0,0.0,469344766,1765332160,0.0,4,f,0,4,f,0,4,f,0,59.574,gps,497930797,1765332160,36.400118836,127.36124398316667,0.6400000000000001,0.0,0.0,0.0,0.6400000000000001,0.0,0.0,0.0,2.5600000000000005,1,1,1,0.1,0.0,0.0,0.0,0.0,0.0,0.1,0.0,0.0,0.0,0.0,0.0,0.0,0.0,0.1,0.0,0.0,0.0,0.0,0.0,0.0,0.1,0.0,0.0,0.0,0.0,0.0,0.0,0.0,0.1,0.0,0.0,0.0,0.1,0.0,0.0,0.0,0.0,0.0,-0.0005148586666079823,-0.0038198402308987633,7.3648057717066415e-06,8,d,gps,498602483,1765332160,-53.53999999999999,-2.14,1.31,0,0,-42.540000915527344,4,f,0,4,f,0,4,f,0,4,f,0,-10.130999565124512,-11.0,False,True,100.0,59.574,gps,398011703,1765332160,36.400118821333336,127.36124398716667,0.6400000000000001,0.0,0.0,0.0,0.6400000000000001,0.0,0.0,0.0,2.5600000000000005,1,1,1,0.1,0.0,0.0,0.0,0.0,0.0,0.1,0.0,0.0,0.0,0.0,0.0,0.0,0.0,0.1,0.0,0.0,0.0,0.0,0.0,0.0,0.1,0.0,0.0,0.0,0.0,0.0,0.0,0.0,0.1,0.0,0.0,0.0,0.1,0.0,0.0,0.0,0.0,0.0,-0.0005154476795773302,-0.0038198487773193667,7.36506390230354e-06,excavator_base,471159388,1765332160,True,50.0,False,56.040000915527344,-2.4600000381469727,False,False,-38.540000915527344,-2.069999933242798,False,False,-32.209999084472656,-9.380000114440918,False,excavator_base,471268040,1765332160,-9.482999801635742,False,0.0,0.0,0.0,0.0,0.0,0.0,0.0,0.0,0.0,excavator_base,471304203,1765332160,False,False,-9.482999801635742,0.0,0,False,,0,0,0.0,0.0,False,0.0,0.0,0.0,0,False,,0,0,False,0.0,0.0,0,default,1048.0,1313.0,False,1394.0,531.0,False,1502.0,1085.0,False,excavator_base,471225283,1765332160,0.0,0.0,-9.482999801635742,False,True,True,True,0,False,True,0,excavator_base,471451035,1765332160,0,True,0.0,0.0,0.0,0,0,False,0,True,True,24.0,True,8,d,gps,498965561,1765332160,-53.53999999999999,-2.14,1.31,0,0,0.0,59.574,0.0,0.0,0.8,gps,498813578,1765332160,-53.53999999999999,36.400118836,127.36124398316667,0,1,14,0.0,0.0,0,0,0.0,0.0,59.574,36.400118821333336,127.36124398716667,0.0,0.0,0.0,0.0,0.0,0.0,0.0,0.0,0.0,-52.891999999999996,base_link,456318316,1765332160,85.50900268554688,41.604000091552734,166.8209991455078,-9.482999801635742,0.0,-2.149,1.311,0.0,zedx_boom_imu_link,zedx_boom_left_camera_frame,395022355,1765332160,0.999992847442627,0.003616482252255082,0.0005469119059853256,-0.0009107014629989862,0.0,-0.03564900532364845,-0.00014700002793688327
1765332160400000000,-69.53500366210938,excavator_base_link,601011246,1765332160,3.863297295644471,0.8979778083420763,0.0,0.0,0.0,0.0,0.0,127,0,0.0,569494220,1765332160,0.0,4,f,0,4,f,0,4,f,0,59.574,gps,598065401,1765332160,36.400118850333335,127.36124398016666,0.6400000000000001,0.0,0.0,0.0,0.6400000000000001,0.0,0.0,0.0,2.5600000000000005,1,1,1,0.1,0.0,0.0,0.0,0.0,0.0,0.1,0.0,0.0,0.0,0.0,0.0,0.0,0.0,0.1,0.0,0.0,0.0,0.0,0.0,0.0,0.1,0.0,0.0,0.0,0.0,0.0,0.0,0.0,0.1,0.0,0.0,0.0,0.1,0.0,0.0,0.0,0.0,0.0,-0.0005142825642763355,-0.003819799567143576,7.364546143197042e-06,8,d,gps,599327294,1765332160,-54.202,-2.127,1.273,0,0,-41.802001953125,4,f,0,4,f,0,4,f,0,4,f,0,-10.793000221252441,-12.399999618530273,False,True,100.0,59.574,gps,497930797,1765332160,36.400118836,127.36124398316667,0.6400000000000001,0.0,0.0,0.0,0.6400000000000001,0.0,0.0,0.0,2.5600000000000005,1,1,1,0.1,0.0,0.0,0.0,0.0,0.0,0.1,0.0,0.0,0.0,0.0,0.0,0.0,0.0,0.1,0.0,0.0,0.0,0.0,0.0,0.0,0.1,0.0,0.0,0.0,0.0,0.0,0.0,0.0,0.1,0.0,0.0,0.0,0.1,0.0,0.0,0.0,0.0,0.0,-0.0005148586666079823,-0.0038198402308987633,7.3648057717066415e-06,excavator_base,571228866,1765332160,True,50.0,False,56.56999969482422,-2.430000066757202,False,False,-38.5099983215332,-2.0399999618530273,False,False,-30.079999923706055,-9.380000114440918,False,excavator_base,571333613,1765332160,-10.130999565124512,False,0.0,0.0,0.0,0.0,0.0,0.0,0.0,0.0,0.0,excavator_base,571367952,1765332160,False,False,-10.130999565124512,0.0,0,False,,0,0,0.0,0.0,False,0.0,0.0,0.0,0,False,,0,0,False,0.0,0.0,0,default,1049.0,1312.0,False,1416.0,528.0,False,1502.0,1091.0,False,excavator_base,571294217,1765332160,0.0,0.0,-10.130999565124512,False,True,True,True,0,False,True,0,excavator_base,571419062,1765332160,0,True,0.0,0.0,0.0,0,0,False,0,True,True,24.0,True,8,d,gps,600218363,1765332160,-54.202,-2.127,1.273,0,0,0.0,59.574,0.0,0.0,0.8,gps,599632605,1765332160,-54.202,36.400118850333335,127.36124398016666,0,1,14,0.0,0.0,0,0,0.0,0.0,59.574,36.400118836,127.36124398316667,0.0,0.0,0.0,0.0,0.0,0.0,0.0,0.0,0.0,-53.53999999999999,base_link,556350189,1765332160,84.9489974975586,41.564998626708984,164.84100341796875,-10.130999565124512,0.0,-2.14,1.31,0.0,zedx_boom_imu_link,zedx_boom_left_camera_frame,496419875,1765332160,0.999992847442627,0.003616482252255082,0.0005469119059853256,-0.0009107014629989862,0.0,-0.03564900532364845,-0.00014700002793688327
1765332160500000000,-70.6780014038086,excavator_base_link,698727645,1765332160,3.838223456703837,0.8884374738488081,0.0,0.0,0.0,0.0,0.0,127,0,0.0,669553105,1765332160,0.0,4,f,0,4,f,0,4,f,0,59.574,gps,698367415,1765332160,36.400118862,127.36124398483334,0.6400000000000001,0.0,0.0,0.0,0.6400000000000001,0.0,0.0,0.0,2.5600000000000005,1,1,1,0.1,0.0,0.0,0.0,0.0,0.0,0.1,0.0,0.0,0.0,0.0,0.0,0.0,0.0,0.1,0.0,0.0,0.0,0.0,0.0,0.0,0.1,0.0,0.0,0.0,0.0,0.0,0.0,0.0,0.1,0.0,0.0,0.0,0.1,0.0,0.0,0.0,0.0,0.0,-0.0005138104095112763,-0.0038195194852854737,7.364288042118145e-06,8,d,gps,699082594,1765332160,-54.849999999999994,-2.117,1.246,0,0,-42.25,4,f,0,4,f,0,4,f,0,4,f,0,-11.440999984741211,-12.600000381469727,False,True,100.0,59.574,gps,598065401,1765332160,36.400118850333335,127.36124398016666,0.6400000000000001,0.0,0.0,0.0,0.6400000000000001,0.0,0.0,0.0,2.5600000000000005,1,1,1,0.1,0.0,0.0,0.0,0.0,0.0,0.1,0.0,0.0,0.0,0.0,0.0,0.0,0.0,0.1,0.0,0.0,0.0,0.0,0.0,0.0,0.1,0.0,0.0,0.0,0.0,0.0,0.0,0.0,0.1,0.0,0.0,0.0,0.1,0.0,0.0,0.0,0.0,0.0,-0.0005142825642763355,-0.003819799567143576,7.364546143197042e-06,excavator_base,670926304,1765332160,True,50.0,False,56.970001220703125,-2.450000047683716,False,False,-38.560001373291016,-2.0399999618530273,False,False,-28.950000762939453,-9.460000038146973,False,excavator_base,671028587,1765332160,-10.793000221252441,False,0.0,0.0,0.0,0.0,0.0,0.0,0.0,0.0,0.0,excavator_base,671064463,1765332160,False,False,-10.793000221252441,0.0,0,False,,0,0,0.0,0.0,False,0.0,0.0,0.0,0,False,,0,0,False,0.0,0.0,0,default,1020.0,1308.0,False,1421.0,528.0,False,1505.0,1060.0,False,excavator_base,670987527,1765332160,0.0,0.0,-10.793000221252441,False,True,True,True,0,False,True,0,excavator_base,671116724,1765332160,0,True,0.0,0.0,0.0,0,0,False,0,True,True,24.0,True,8,d,gps,699493581,1765332160,-54.849999999999994,-2.117,1.246,0,0,0.0,59.574,0.0,0.0,0.8,gps,699324827,1765332160,-54.849999999999994,36.400118862,127.36124398483334,0,1,14,0.0,0.0,0,0,0.0,0.0,59.574,36.400118850333335,127.36124398016666,0.0,0.0,0.0,0.0,0.0,0.0,0.0,0.0,0.0,-54.202,base_link,656317128,1765332160,84.47899627685547,41.60200119018555,163.76100158691406,-10.793000221252441,0.0,-2.127,1.273,0.0,zedx_boom_imu_link,zedx_boom_left_camera_frame,592605416,1765332160,0.999992847442627,0.003616482252255082,0.0005469119059853256,-0.0009107014629989862,0.0,-0.03564900532364845,-0.00014700002793688327
1765332160600000000,-71.21800231933594,excavator_base_link,799404098,1765332160,3.8224861739537546,0.879374479568256,0.0,0.0,0.0,0.0,0.0,127,0,0.0,769435075,1765332160,0.0,4,f,0,4,f,0,4,f,0,59.574,gps,797992142,1765332160,36.400118874166665,127.36124398483334,0.6400000000000001,0.0,0.0,0.0,0.6400000000000001,0.0,0.0,0.0,2.5600000000000005,1,1,1,0.1,0.0,0.0,0.0,0.0,0.0,0.1,0.0,0.0,0.0,0.0,0.0,0.0,0.0,0.1,0.0,0.0,0.0,0.0,0.0,0.0,0.1,0.0,0.0,0.0,0.0,0.0,0.0,0.0,0.1,0.0,0.0,0.0,0.1,0.0,0.0,0.0,0.0,0.0,-0.0005133188901073698,-0.0038193861081453947,7.3640308832587495e-06,8,d,gps,798653107,1765332160,-55.46000000000001,-2.106,1.214,0,0,-42.36000061035156,4,f,0,4,f,0,4,f,0,4,f,0,-12.050999641418457,-13.100000381469727,False,True,100.0,59.574,gps,698367415,1765332160,36.400118862,127.36124398483334,0.6400000000000001,0.0,0.0,0.0,0.6400000000000001,0.0,0.0,0.0,2.5600000000000005,1,1,1,0.1,0.0,0.0,0.0,0.0,0.0,0.1,0.0,0.0,0.0,0.0,0.0,0.0,0.0,0.1,0.0,0.0,0.0,0.0,0.0,0.0,0.1,0.0,0.0,0.0,0.0,0.0,0.0,0.0,0.1,0.0,0.0,0.0,0.1,0.0,0.0,0.0,0.0,0.0,-0.0005138104095112763,-0.0038195194852854737,7.364288042118145e-06,excavator_base,770951969,1765332160,True,50.0,False,57.40999984741211,-2.440000057220459,False,False,-38.61000061035156,-2.0199999809265137,False,False,-28.420000076293945,-9.489999771118164,False,excavator_base,771061901,1765332160,-11.440999984741211,False,0.0,0.0,0.0,0.0,0.0,0.0,0.0,0.0,0.0,excavator_base,771098001,1765332160,False,False,-11.440999984741211,0.0,0,False,,0,0,0.0,0.0,False,0.0,0.0,0.0,0,False,,0,0,False,0.0,0.0,0,default,1007.0,1307.0,False,1385.0,528.0,False,1501.0,1056.0,False,excavator_base,771019720,1765332160,0.0,0.0,-11.440999984741211,False,True,True,True,0,False,True,0,excavator_base,771152566,1765332160,0,True,0.0,0.0,0.0,0,0,False,0,True,True,24.0,True,8,d,gps,799059518,1765332160,-55.46000000000001,-2.106,1.214,0,0,0.0,59.574,0.0,0.0,0.8,gps,798900557,1765332160,-55.46000000000001,36.400118874166665,127.36124398483334,0,1,14,0.0,0.0,0,0,0.0,0.0,59.574,36.400118862,127.36124398483334,0.0,0.0,0.0,0.0,0.0,0.0,0.0,0.0,0.0,-54.849999999999994,base_link,756618502,1765332160,84.03900146484375,41.641998291015625,163.33099365234375,-11.440999984741211,0.0,-2.117,1.246,0.0,zedx_boom_imu_link,zedx_boom_left_camera_frame,699002187,1765332160,0.999992847442627,0.003616482252255082,0.0005469119059853256,-0.0009107014629989862,0.0,-0.03564900532364845,-0.00014700002793688327
1765332160700000000,-71.78900146484375,excavator_base_link,900018656,1765332160,3.809032760870809,0.8597002806066162,0.0,0.0,0.0,0.0,0.0,127,0,0.0,869340247,1765332160,0.0,4,f,0,4,f,0,4,f,0,59.574,gps,898116665,1765332160,36.40011888833333,127.36124398966666,0.6400000000000001,0.0,0.0,0.0,0.6400000000000001,0.0,0.0,0.0,2.5600000000000005,1,1,1,0.1,0.0,0.0,0.0,0.0,0.0,0.1,0.0,0.0,0.0,0.0,0.0,0.0,0.0,0.1,0.0,0.0,0.0,0.0,0.0,0.0,0.1,0.0,0.0,0.0,0.0,0.0,0.0,0.0,0.1,0.0,0.0,0.0,0.1,0.0,0.0,0.0,0.0,0.0,-0.0005127494520324644,-0.0038191005187391994,7.36377220019899e-06,8,d,gps,898837541,1765332160,-55.997000000000014,-2.098,1.135,0,0,-41.7599983215332,4,f,0,4,f,0,4,f,0,4,f,0,-12.050999641418457,-13.699999809265137,False,True,100.0,59.574,gps,797992142,1765332160,36.400118874166665,127.36124398483334,0.6400000000000001,0.0,0.0,0.0,0.6400000000000001,0.0,0.0,0.0,2.5600000000000005,1,1,1,0.1,0.0,0.0,0.0,0.0,0.0,0.1,0.0,0.0,0.0,0.0,0.0,0.0,0.0,0.1,0.0,0.0,0.0,0.0,0.0,0.0,0.1,0.0,0.0,0.0,0.0,0.0,0.0,0.0,0.1,0.0,0.0,0.0,0.1,0.0,0.0,0.0,0.0,0.0,-0.0005133188901073698,-0.0038193861081453947,7.3640308832587495e-06,excavator_base,870939742,1765332160,True,50.0,False,58.060001373291016,-2.4100000858306885,False,False,-38.54999923706055,-1.9900000095367432,False,False,-27.860000610351562,-9.470000267028809,False,excavator_base,871041257,1765332160,-12.050999641418457,False,0.0,0.0,0.0,0.0,0.0,0.0,0.0,0.0,0.0,excavator_base,871076044,1765332160,False,False,-12.050999641418457,0.0,0,False,,0,0,0.0,0.0,False,0.0,0.0,0.0,0,False,,0,0,False,0.0,0.0,0,default,1014.0,1308.0,False,1347.0,528.0,False,1501.0,1059.0,False,excavator_base,870999652,1765332160,0.0,0.0,-12.050999641418457,False,True,True,True,0,False,True,0,excavator_base,871127890,1765332160,0,True,0.0,0.0,0.0,0,0,False,0,True,True,24.0,True,8,d,gps,899214412,1765332160,-55.997000000000014,-2.098,1.135,0,0,0.0,59.574,0.0,0.0,0.8,gps,899064381,1765332160,-55.997000000000014,36.40011888833333,127.36124398966666,0,1,14,0.0,0.0,0,0,0.0,0.0,59.574,36.400118874166665,127.36124398483334,0.0,0.0,0.0,0.0,0.0,0.0,0.0,0.0,0.0,-55.46000000000001,base_link,856398157,1765332160,83.51899719238281,41.57099914550781,163.39100646972656,-12.050999641418457,0.0,-2.106,1.214,0.0,zedx_boom_imu_link,zedx_boom_left_camera_frame,790111021,1765332160,0.999992847442627,0.003616482252255082,0.0005469119059853256,-0.0009107014629989862,0.0,-0.03564900532364845,-0.00014700002793688327
1765332160800000000,-72.82699584960938,excavator_base_link,999399006,1765332160,3.8004532053713063,0.8095555682210388,0.0,0.0,0.0,0.0,0.0,127,0,0.0,969395835,1765332160,0.0,4,f,0,4,f,0,4,f,0,59.574,gps,998181310,1765332160,36.400118895333335,127.36124398916667,0.6400000000000001,0.0,0.0,0.0,0.6400000000000001,0.0,0.0,0.0,2.5600000000000005,1,1,1,0.1,0.0,0.0,0.0,0.0,0.0,0.1,0.0,0.0,0.0,0.0,0.0,0.0,0.0,0.1,0.0,0.0,0.0,0.0,0.0,0.0,0.1,0.0,0.0,0.0,0.0,0.0,0.0,0.0,0.1,0.0,0.0,0.0,0.1,0.0,0.0,0.0,0.0,0.0,-0.0005124590106907484,-0.003818982178780887,7.363513822792745e-06,8,d,gps,998920940,1765332160,-56.498999999999995,-2.09,1.148,0,0,-42.29899978637695,4,f,0,4,f,0,4,f,0,4,f,0,-13.09000015258789,-14.199999809265137,False,True,100.0,59.574,gps,898116665,1765332160,36.40011888833333,127.36124398966666,0.6400000000000001,0.0,0.0,0.0,0.6400000000000001,0.0,0.0,0.0,2.5600000000000005,1,1,1,0.1,0.0,0.0,0.0,0.0,0.0,0.1,0.0,0.0,0.0,0.0,0.0,0.0,0.0,0.1,0.0,0.0,0.0,0.0,0.0,0.0,0.1,0.0,0.0,0.0,0.0,0.0,0.0,0.0,0.1,0.0,0.0,0.0,0.1,0.0,0.0,0.0,0.0,0.0,-0.0005127494520324644,-0.0038191005187391994,7.36377220019899e-06,excavator_base,970952862,1765332160,True,50.0,False,59.13999938964844,-2.4100000858306885,False,False,-37.9900016784668,-1.9800000190734863,False,False,-26.829999923706055,-9.520000457763672,False,excavator_base,971059817,1765332160,-12.588000297546387,False,0.0,0.0,0.0,0.0,0.0,0.0,0.0,0.0,0.0,excavator_base,971095309,1765332160,False,False,-12.588000297546387,0.0,0,False,,0,0,0.0,0.0,False,0.0,0.0,0.0,0,False,,0,0,False,0.0,0.0,0,default,1026.0,1305.0,False,1254.0,528.0,False,1500.0,1052.0,False,excavator_base,971016836,1765332160,0.0,0.0,-12.588000297546387,False,True,True,True,0,False,True,0,excavator_base,971148658,1765332160,0,True,0.0,0.0,0.0,0,0,False,0,True,True,24.0,True,8,d,gps,999423840,1765332160,-56.498999999999995,-2.09,1.148,0,0,0.0,59.574,0.0,0.0,0.8,gps,999254959,1765332160,-56.498999999999995,36.400118895333335,127.36124398916667,0,1,14,0.0,0.0,0,0,0.0,0.0,59.574,36.40011888833333,127.36124398966666,0.0,0.0,0.0,0.0,0.0,0.0,0.0,0.0,0.0,-55.997000000000014,base_link,956329572,1765332160,83.25900268554688,41.00299835205078,163.4810028076172,-12.588000297546387,0.0,-2.098,1.135,0.0,zedx_boom_imu_link,zedx_boom_left_camera_frame,891308547,1765332160,0.999992847442627,0.003616482252255082,0.0005469119059853256,-0.0009107014629989862,0.0,-0.03564900532364845,-0.00014700002793688327
1765332160900000000,-74.33499908447266,excavator_base_link,100454859,1765332161,3.7919862654237106,0.7306945895601192,0.0,0.0,0.0,0.0,0.0,127,0,0.0,69379415,1765332161,0.0,4,f,0,4,f,0,4,f,0,59.574,gps,98169435,1765332161,36.40011890183333,127.36124399266667,0.6400000000000001,0.0,0.0,0.0,0.6400000000000001,0.0,0.0,0.0,2.5600000000000005,1,1,1,0.1,0.0,0.0,0.0,0.0,0.0,0.1,0.0,0.0,0.0,0.0,0.0,0.0,0.0,0.1,0.0,0.0,0.0,0.0,0.0,0.0,0.1,0.0,0.0,0.0,0.0,0.0,0.0,0.0,0.1,0.0,0.0,0.0,0.1,0.0,0.0,0.0,0.0,0.0,-0.0005121880654383307,-0.003818738655544564,7.3632556838830595e-06,8,d,gps,98939660,1765332161,-56.964,-2.078,1.125,0,0,-42.263999938964844,4,f,0,4,f,0,4,f,0,4,f,0,-13.555000305175781,-14.699999809265137,False,True,100.0,59.574,gps,998181310,1765332160,36.400118895333335,127.36124398916667,0.6400000000000001,0.0,0.0,0.0,0.6400000000000001,0.0,0.0,0.0,2.5600000000000005,1,1,1,0.1,0.0,0.0,0.0,0.0,0.0,0.1,0.0,0.0,0.0,0.0,0.0,0.0,0.0,0.1,0.0,0.0,0.0,0.0,0.0,0.0,0.1,0.0,0.0,0.0,0.0,0.0,0.0,0.0,0.1,0.0,0.0,0.0,0.1,0.0,0.0,0.0,0.0,0.0,-0.0005124590106907484,-0.003818982178780887,7.363513822792745e-06,excavator_base,72172924,1765332161,True,50.0,False,60.70000076293945,-2.4000000953674316,False,False,-36.68000030517578,-1.9900000095367432,False,False,-25.329999923706055,-9.539999961853027,False,excavator_base,72282887,1765332161,-13.09000015258789,False,0.0,0.0,0.0,0.0,0.0,0.0,0.0,0.0,0.0,excavator_base,72318891,1765332161,False,False,-13.09000015258789,0.0,0,False,,0,0,0.0,0.0,False,0.0,0.0,0.0,0,False,,0,0,False,0.0,0.0,0,default,1025.0,1304.0,False,1219.0,531.0,False,1501.0,1053.0,False,excavator_base,72240195,1765332161,0.0,0.0,-13.09000015258789,False,True,True,True,0,False,True,0,excavator_base,72435735,1765332161,0,True,0.0,0.0,0.0,0,0,False,0,True,True,24.0,True,8,d,gps,999423840,1765332160,-56.498999999999995,-2.09,1.148,0,0,0.0,59.574,0.0,0.0,0.8,gps,999254959,1765332160,-56.498999999999995,36.400118895333335,127.36124398916667,0,1,14,0.0,0.0,0,0,0.0,0.0,59.574,36.400118895333335,127.36124398916667,0.0,0.0,0.0,0.0,0.0,0.0,0.0,0.0,0.0,-56.498999999999995,base_link,56348260,1765332161,83.26899719238281,39.685001373291016,163.54100036621094,-13.09000015258789,0.0,-2.09,1.148,0.0,zedx_boom_imu_link,zedx_boom_left_camera_frame,998258714,1765332160,0.999992847442627,0.003616482252255082,0.0005469119059853256,-0.0009107014629989862,0.0,-0.03564900532364845,-0.00014700002793688327
1765332161000000000,-76.25701141357422,excavator_base_link,198801116,1765332161,3.777254230587831,0.6326187006717522,0.0,0.0,0.0,0.0,0.0,127,0,0.0,169513220,1765332161,0.0,4,f,0,4,f,0,4,f,0,59.575,gps,198135062,1765332161,36.400118900833334,127.36124398633333,0.6400000000000001,0.0,0.0,0.0,0.6400000000000001,0.0,0.0,0.0,2.5600000000000005,1,1,1,0.1,0.0,0.0,0.0,0.0,0.0,0.1,0.0,0.0,0.0,0.0,0.0,0.0,0.0,0.1,0.0,0.0,0.0,0.0,0.0,0.0,0.1,0.0,0.0,0.0,0.0,0.0,0.0,0.0,0.1,0.0,0.0,0.0,0.1,0.0,0.0,0.0,0.0,0.0,-0.0005122089701183471,-0.0038188027429948866,7.713615606096495e-06,8,d,gps,199313745,1765332161,-57.35499999999999,-2.074,1.133,0,0,-42.154998779296875,4,f,0,4,f,0,4,f,0,4,f,0,-13.946000099182129,-15.199999809265137,False,True,100.0,59.574,gps,98169435,1765332161,36.40011890183333,127.36124399266667,0.6400000000000001,0.0,0.0,0.0,0.6400000000000001,0.0,0.0,0.0,2.5600000000000005,1,1,1,0.1,0.0,0.0,0.0,0.0,0.0,0.1,0.0,0.0,0.0,0.0,0.0,0.0,0.0,0.1,0.0,0.0,0.0,0.0,0.0,0.0,0.1,0.0,0.0,0.0,0.0,0.0,0.0,0.0,0.1,0.0,0.0,0.0,0.1,0.0,0.0,0.0,0.0,0.0,-0.0005121880654383307,-0.003818738655544564,7.3632556838830595e-06,excavator_base,170971516,1765332161,True,50.0,False,62.65999984741211,-2.390000104904175,False,False,-34.880001068115234,-1.9800000190734863,False,False,-23.420000076293945,-9.569999694824219,False,excavator_base,171073095,1765332161,-13.555000305175781,False,0.0,0.0,0.0,0.0,0.0,0.0,0.0,0.0,0.0,excavator_base,171110219,1765332161,False,False,-13.555000305175781,0.0,0,False,,0,0,0.0,0.0,False,0.0,0.0,0.0,0,False,,0,0,False,0.0,0.0,0,default,1022.0,1304.0,False,1241.0,531.0,False,1498.0,1057.0,False,excavator_base,171032611,1765332161,0.0,0.0,-13.555000305175781,False,True,True,True,0,False,True,0,excavator_base,171164016,1765332161,0,True,0.0,0.0,0.0,0,0,False,0,True,True,24.0,True,8,d,gps,200143048,1765332161,-57.35499999999999,-2.074,1.133,0,0,0.0,59.575,0.0,0.0,0.8,gps,199802661,1765332161,-57.35499999999999,36.400118900833334,127.36124398633333,0,1,14,0.0,0.0,0,0,0.0,0.0,59.574,36.40011890183333,127.36124399266667,0.0,0.0,0.0,0.0,0.0,0.0,0.0,0.0,0.0,-56.964,base_link,156294973,1765332161,83.27899932861328,37.87300109863281,163.59100341796875,-13.555000305175781,0.0,-2.078,1.125,0.0,zedx_boom_imu_link,zedx_boom_left_camera_frame,95208139,1765332161,0.999992847442627,0.003616482252255082,0.0005469119059853256,-0.0009107014629989862,0.0,-0.03564900532364845,-0.00014700002793688327
1765332161100000000,-78.45100402832031,excavator_base_link,299710393,1765332161,3.755327708818284,0.5230754390382578,0.0,0.0,0.0,0.0,0.0,127,0,0.0,270111584,1765332161,0.0,4,f,0,4,f,0,4,f,0,59.576,gps,298272515,1765332161,36.4001188995,127.36124397383334,0.6400000000000001,0.0,0.0,0.0,0.6400000000000001,0.0,0.0,0.0,2.5600000000000005,1,1,1,0.1,0.0,0.0,0.0,0.0,0.0,0.1,0.0,0.0,0.0,0.0,0.0,0.0,0.0,0.1,0.0,0.0,0.0,0.0,0.0,0.0,0.1,0.0,0.0,0.0,0.0,0.0,0.0,0.0,0.1,0.0,0.0,0.0,0.1,0.0,0.0,0.0,0.0,0.0,-0.0005122429425524173,-0.0038190607125354126,8.063952405932686e-06,8,d,gps,298938824,1765332161,-57.730999999999995,-2.064,1.114,0,0,-41.930999755859375,4,f,0,4,f,0,4,f,0,4,f,0,-14.321999549865723,-15.800000190734863,False,True,100.0,59.575,gps,198135062,1765332161,36.400118900833334,127.36124398633333,0.6400000000000001,0.0,0.0,0.0,0.6400000000000001,0.0,0.0,0.0,2.5600000000000005,1,1,1,0.1,0.0,0.0,0.0,0.0,0.0,0.1,0.0,0.0,0.0,0.0,0.0,0.0,0.0,0.1,0.0,0.0,0.0,0.0,0.0,0.0,0.1,0.0,0.0,0.0,0.0,0.0,0.0,0.0,0.1,0.0,0.0,0.0,0.1,0.0,0.0,0.0,0.0,0.0,-0.0005122089701183471,-0.0038188027429948866,7.713615606096495e-06,excavator_base,272666092,1765332161,True,50.0,False,64.9000015258789,-2.4000000953674316,False,False,-32.790000915527344,-1.9900000095367432,False,False,-22.350000381469727,-9.59000015258789,False,excavator_base,272781144,1765332161,-13.946000099182129,False,0.0,0.0,0.0,0.0,0.0,0.0,0.0,0.0,0.0,excavator_base,272818172,1765332161,False,False,-13.946000099182129,0.0,0,False,,0,0,0.0,0.0,False,0.0,0.0,0.0,0,False,,0,0,False,0.0,0.0,0,default,1022.0,1301.0,False,1232.0,531.0,False,1498.0,1054.0,False,excavator_base,272737523,1765332161,0.0,0.0,-13.946000099182129,False,True,True,True,0,False,True,0,excavator_base,272873409,1765332161,0,True,0.0,0.0,0.0,0,0,False,0,True,True,24.0,True,8,d,gps,299297774,1765332161,-57.730999999999995,-2.064,1.114,0,0,0.0,59.576,0.0,0.0,0.8,gps,299150430,1765332161,-57.730999999999995,36.4001188995,127.36124397383334,0,1,14,0.0,0.0,0,0,0.0,0.0,59.575,36.400118900833334,127.36124398633333,0.0,0.0,0.0,0.0,0.0,0.0,0.0,0.0,0.0,-57.35499999999999,base_link,260417834,1765332161,83.25900268554688,35.77899932861328,163.63099670410156,-13.946000099182129,0.0,-2.074,1.133,0.0,zedx_boom_imu_link,zedx_boom_left_camera_frame,196673969,1765332161,0.999992847442627,0.003616482252255082,0.0005469119059853256,-0.0009107014629989862,0.0,-0.03564900532364845,-0.00014700002793688327
1765332161200000000,-80.63099670410156,excavator_base_link,398825499,1765332161,3.7298231863939213,0.40875925420468834,0.0,0.0,0.0,0.0,0.0,127,0,0.0,369397588,1765332161,0.0,4,f,0,4,f,0,4,f,0,59.577,gps,398179543,1765332161,36.400118897666665,127.36124396683333,0.6400000000000001,0.0,0.0,0.0,0.6400000000000001,0.0,0.0,0.0,2.5600000000000005,1,1,1,0.1,0.0,0.0,0.0,0.0,0.0,0.1,0.0,0.0,0.0,0.0,0.0,0.0,0.0,0.1,0.0,0.0,0.0,0.0,0.0,0.0,0.1,0.0,0.0,0.0,0.0,0.0,0.0,0.0,0.1,0.0,0.0,0.0,0.1,0.0,0.0,0.0,0.0,0.0,-0.0005122960953227682,-0.0038191443343750684,8.414260174248276e-06,8,d,gps,400507403,1765332161,-58.10300000000001,-2.058,1.125,0,0,-41.803001403808594,4,f,0,4,f,0,4,f,0,4,f,0,-14.694000244140625,-16.299999237060547,False,True,100.0,59.576,gps,298272515,1765332161,36.4001188995,127.36124397383334,0.6400000000000001,0.0,0.0,0.0,0.6400000000000001,0.0,0.0,0.0,2.5600000000000005,1,1,1,0.1,0.0,0.0,0.0,0.0,0.0,0.1,0.0,0.0,0.0,0.0,0.0,0.0,0.0,0.1,0.0,0.0,0.0,0.0,0.0,0.0,0.1,0.0,0.0,0.0,0.0,0.0,0.0,0.0,0.1,0.0,0.0,0.0,0.1,0.0,0.0,0.0,0.0,0.0,-0.0005122429425524173,-0.0038190607125354126,8.063952405932686e-06,excavator_base,371079524,1765332161,True,50.0,False,67.25,-2.3299999237060547,False,False,-30.520000457763672,-1.9900000095367432,False,False,-19.059999465942383,-9.5600004196167,False,excavator_base,371183695,1765332161,-14.321999549865723,False,0.0,0.0,0.0,0.0,0.0,0.0,0.0,0.0,0.0,excavator_base,371218322,1765332161,False,False,-14.321999549865723,0.0,0,False,,0,0,0.0,0.0,False,0.0,0.0,0.0,0,False,,0,0,False,0.0,0.0,0,default,1047.0,1300.0,False,1257.0,531.0,False,1494.0,1114.0,False,excavator_base,371143819,1765332161,0.0,0.0,-14.321999549865723,False,True,True,True,0,False,True,0,excavator_base,371270232,1765332161,0,True,0.0,0.0,0.0,0,0,False,0,True,True,24.0,True,8,d,gps,401215349,1765332161,-58.10300000000001,-2.058,1.125,0,0,0.0,59.577,0.0,0.0,0.8,gps,400902612,1765332161,-58.10300000000001,36.400118897666665,127.36124396683333,0,1,14,0.0,0.0,0,0,0.0,0.0,59.576,36.4001188995,127.36124397383334,0.0,0.0,0.0,0.0,0.0,0.0,0.0,0.0,0.0,-57.730999999999995,base_link,356334973,1765332161,83.1989974975586,33.499000549316406,163.74099731445312,-14.321999549865723,0.0,-2.064,1.114,0.0,zedx_boom_imu_link,zedx_boom_left_camera_frame,287854372,1765332161,0.999992847442627,0.003616482252255082,0.0005469119059853256,-0.0009107014629989862,0.0,-0.03564900532364845,-0.00014700002793688327
1765332161300000000,-82.59700012207031,excavator_base_link,498747537,1765332161,3.702339129226672,0.2973091740700156,0.0,0.0,0.0,0.0,0.0,127,0,0.0,469419412,1765332161,0.0,4,f,0,4,f,0,4,f,0,59.578,gps,498246396,1765332161,36.400118895666665,127.36124395816667,0.6400000000000001,0.0,0.0,0.0,0.6400000000000001,0.0,0.0,0.0,2.5600000000000005,1,1,1,0.1,0.0,0.0,0.0,0.0,0.0,0.1,0.0,0.0,0.0,0.0,0.0,0.0,0.0,0.1,0.0,0.0,0.0,0.0,0.0,0.0,0.1,0.0,0.0,0.0,0.0,0.0,0.0,0.0,0.1,0.0,0.0,0.0,0.1,0.0,0.0,0.0,0.0,0.0,-0.0005123562065290566,-0.0038192837052804687,8.764551211335921e-06,8,d,gps,498920195,1765332161,-58.41499999999999,-2.052,1.109,0,0,-41.6150016784668,4,f,0,4,f,0,4,f,0,4,f,0,-15.005999565124512,-16.799999237060547,False,True,100.0,59.577,gps,398179543,1765332161,36.400118897666665,127.36124396683333,0.6400000000000001,0.0,0.0,0.0,0.6400000000000001,0.0,0.0,0.0,2.5600000000000005,1,1,1,0.1,0.0,0.0,0.0,0.0,0.0,0.1,0.0,0.0,0.0,0.0,0.0,0.0,0.0,0.1,0.0,0.0,0.0,0.0,0.0,0.0,0.1,0.0,0.0,0.0,0.0,0.0,0.0,0.0,0.1,0.0,0.0,0.0,0.1,0.0,0.0,0.0,0.0,0.0,-0.0005122960953227682,-0.0038191443343750684,8.414260174248276e-06,excavator_base,471108357,1765332161,True,50.0,False,69.58999633789062,-2.309999942779541,False,False,-28.200000762939453,-1.9800000190734863,False,False,-17.100000381469727,-9.569999694824219,False,excavator_base,471218065,1765332161,-14.694000244140625,False,0.0,0.0,0.0,0.0,0.0,0.0,0.0,0.0,0.0,excavator_base,471255604,1765332161,False,False,-14.694000244140625,0.0,0,False,,0,0,0.0,0.0,False,0.0,0.0,0.0,0,False,,0,0,False,0.0,0.0,0,default,1068.0,1297.0,False,1281.0,531.0,False,1496.0,1162.0,False,excavator_base,471175884,1765332161,0.0,0.0,-14.694000244140625,False,True,True,True,0,False,True,0,excavator_base,471309338,1765332161,0,True,0.0,0.0,0.0,0,0,False,0,True,True,24.0,True,8,d,gps,499315116,1765332161,-58.41499999999999,-2.052,1.109,0,0,0.0,59.578,0.0,0.0,0.8,gps,499157084,1765332161,-58.41499999999999,36.400118895666665,127.36124395816667,0,1,14,0.0,0.0,0,0,0.0,0.0,59.577,36.400118897666665,127.36124396683333,0.0,0.0,0.0,0.0,0.0,0.0,0.0,0.0,0.0,-58.10300000000001,base_link,456563731,1765332161,83.16899871826172,31.17300033569336,164.00100708007812,-14.694000244140625,0.0,-2.058,1.125,0.0,zedx_boom_imu_link,zedx_boom_left_camera_frame,399204842,1765332161,0.999992847442627,0.003616482252255082,0.0005469119059853256,-0.0009107014629989862,0.0,-0.03564900532364845,-0.00014700002793688327
1765332161400000000,-84.03299713134766,excavator_base_link,598717740,1765332161,3.6787938715318407,0.18980470375078756,0.0,0.0,0.0,0.0,0.0,127,0,0.0,569768951,1765332161,0.0,4,f,0,4,f,0,4,f,0,59.579,gps,598608384,1765332161,36.40011889266667,127.36124395016667,0.6400000000000001,0.0,0.0,0.0,0.6400000000000001,0.0,0.0,0.0,2.5600000000000005,1,1,1,0.1,0.0,0.0,0.0,0.0,0.0,0.1,0.0,0.0,0.0,0.0,0.0,0.0,0.0,0.1,0.0,0.0,0.0,0.0,0.0,0.0,0.1,0.0,0.0,0.0,0.0,0.0,0.0,0.0,0.1,0.0,0.0,0.0,0.1,0.0,0.0,0.0,0.0,0.0,-0.000512454862073546,-0.0038193994685090907,9.114811533755967e-06,8,d,gps,599664239,1765332161,-58.71100000000001,-2.047,1.101,0,0,-42.111000061035156,4,f,0,4,f,0,4,f,0,4,f,0,-15.302000045776367,-16.600000381469727,False,True,100.0,59.578,gps,498246396,1765332161,36.400118895666665,127.36124395816667,0.6400000000000001,0.0,0.0,0.0,0.6400000000000001,0.0,0.0,0.0,2.5600000000000005,1,1,1,0.1,0.0,0.0,0.0,0.0,0.0,0.1,0.0,0.0,0.0,0.0,0.0,0.0,0.0,0.1,0.0,0.0,0.0,0.0,0.0,0.0,0.1,0.0,0.0,0.0,0.0,0.0,0.0,0.0,0.1,0.0,0.0,0.0,0.1,0.0,0.0,0.0,0.0,0.0,-0.0005123562065290566,-0.0038192837052804687,8.764551211335921e-06,excavator_base,572779954,1765332161,True,50.0,False,71.86000061035156,-2.369999885559082,False,False,-25.920000076293945,-2.009999990463257,False,False,-15.670000076293945,-9.640000343322754,False,excavator_base,572887165,1765332161,-15.005999565124512,False,0.0,0.0,0.0,0.0,0.0,0.0,0.0,0.0,0.0,excavator_base,572920225,1765332161,False,False,-15.005999565124512,0.0,0,False,,0,0,0.0,0.0,False,0.0,0.0,0.0,0,False,,0,0,False,0.0,0.0,0,default,1072.0,1292.0,False,1287.0,529.0,False,1489.0,1188.0,False,excavator_base,572848633,1765332161,0.0,0.0,-15.005999565124512,False,True,True,True,0,False,True,0,excavator_base,572970438,1765332161,0,True,0.0,0.0,0.0,0,0,False,0,True,True,24.0,True,8,d,gps,600213832,1765332161,-58.71100000000001,-2.047,1.101,0,0,0.0,59.579,0.0,0.0,0.8,gps,599946732,1765332161,-58.71100000000001,36.40011889266667,127.36124395016667,0,1,14,0.0,0.0,0,0,0.0,0.0,59.578,36.400118895666665,127.36124395816667,0.0,0.0,0.0,0.0,0.0,0.0,0.0,0.0,0.0,-58.41499999999999,base_link,556770919,1765332161,83.15899658203125,28.886999130249023,164.58099365234375,-15.005999565124512,0.0,-2.052,1.109,0.0,zedx_boom_imu_link,zedx_boom_left_camera_frame,490262389,1765332161,0.999992847442627,0.003616482252255082,0.0005469119059853256,-0.0009107014629989862,0.0,-0.03564900532364845,-0.00014700002793688327
1765332161500000000,-85.13800048828125,excavator_base_link,698722443,1765332161,3.656215523823724,0.08810541850108586,0.0,0.0,0.0,0.0,0.0,127,0,0.0,669376236,1765332161,0.0,4,f,0,4,f,0,4,f,0,59.58,gps,697814540,1765332161,36.400118887,127.36124393733333,0.6400000000000001,0.0,0.0,0.0,0.6400000000000001,0.0,0.0,0.0,2.5600000000000005,1,1,1,0.1,0.0,0.0,0.0,0.0,0.0,0.1,0.0,0.0,0.0,0.0,0.0,0.0,0.0,0.1,0.0,0.0,0.0,0.0,0.0,0.0,0.1,0.0,0.0,0.0,0.0,0.0,0.0,0.0,0.1,0.0,0.0,0.0,0.1,0.0,0.0,0.0,0.0,0.0,-0.0005126575802467424,-0.003819668870835699,9.465052750667333e-06,8,d,gps,699129685,1765332161,-59.004999999999995,-2.037,1.108,0,0,-41.70500183105469,4,f,0,4,f,0,4,f,0,4,f,0,-15.595999717712402,-17.299999237060547,False,True,100.0,59.579,gps,598608384,1765332161,36.40011889266667,127.36124395016667,0.6400000000000001,0.0,0.0,0.0,0.6400000000000001,0.0,0.0,0.0,2.5600000000000005,1,1,1,0.1,0.0,0.0,0.0,0.0,0.0,0.1,0.0,0.0,0.0,0.0,0.0,0.0,0.0,0.1,0.0,0.0,0.0,0.0,0.0,0.0,0.1,0.0,0.0,0.0,0.0,0.0,0.0,0.0,0.1,0.0,0.0,0.0,0.1,0.0,0.0,0.0,0.0,0.0,-0.000512454862073546,-0.0038193994685090907,9.114811533755967e-06,excavator_base,670941200,1765332161,True,50.0,False,74.02999877929688,-2.369999885559082,False,False,-23.719999313354492,-2.0299999713897705,False,False,-14.569999694824219,-9.670000076293945,False,excavator_base,671043291,1765332161,-15.302000045776367,False,0.0,0.0,0.0,0.0,0.0,0.0,0.0,0.0,0.0,excavator_base,671076318,1765332161,False,False,-15.302000045776367,0.0,0,False,,0,0,0.0,0.0,False,0.0,0.0,0.0,0,False,,0,0,False,0.0,0.0,0,default,1083.0,1295.0,False,1285.0,529.0,False,1488.0,1204.0,False,excavator_base,671003158,1765332161,0.0,0.0,-15.302000045776367,False,True,True,True,0,False,True,0,excavator_base,671126083,1765332161,0,True,0.0,0.0,0.0,0,0,False,0,True,True,24.0,True,8,d,gps,700226440,1765332161,-59.004999999999995,-2.037,1.108,0,0,0.0,59.58,0.0,0.0,0.8,gps,700020338,1765332161,-59.004999999999995,36.400118887,127.36124393733333,0,1,14,0.0,0.0,0,0,0.0,0.0,59.579,36.40011889266667,127.36124395016667,0.0,0.0,0.0,0.0,0.0,0.0,0.0,0.0,0.0,-58.71100000000001,base_link,656350682,1765332161,83.12899780273438,26.68199920654297,165.58099365234375,-15.302000045776367,0.0,-2.047,1.101,0.0,zedx_boom_imu_link,zedx_boom_left_camera_frame,597366867,1765332161,0.999992847442627,0.003616482252255082,0.0005469119059853256,-0.0009107014629989862,0.0,-0.03564900532364845,-0.00014700002793688327
1765332161600000000,-85.75799560546875,excavator_base_link,799036522,1765332161,3.6366662855226504,0.0028606304264371827,0.0,0.0,0.0,0.0,0.0,127,0,0.0,769372426,1765332161,0.0,4,f,0,4,f,0,4,f,0,59.581,gps,798188337,1765332161,36.4001188775,127.36124393066666,0.6400000000000001,0.0,0.0,0.0,0.6400000000000001,0.0,0.0,0.0,2.5600000000000005,1,1,1,0.1,0.0,0.0,0.0,0.0,0.0,0.1,0.0,0.0,0.0,0.0,0.0,0.0,0.0,0.1,0.0,0.0,0.0,0.0,0.0,0.0,0.1,0.0,0.0,0.0,0.0,0.0,0.0,0.0,0.1,0.0,0.0,0.0,0.1,0.0,0.0,0.0,0.0,0.0,-0.0005130090491898972,-0.003819742203059346,9.815262160801855e-06,8,d,gps,800674581,1765332161,-59.25399999999999,-2.029,1.141,0,0,-41.354000091552734,4,f,0,4,f,0,4,f,0,4,f,0,-15.845000267028809,-17.899999618530273,False,True,100.0,59.58,gps,697814540,1765332161,36.400118887,127.36124393733333,0.6400000000000001,0.0,0.0,0.0,0.6400000000000001,0.0,0.0,0.0,2.5600000000000005,1,1,1,0.1,0.0,0.0,0.0,0.0,0.0,0.1,0.0,0.0,0.0,0.0,0.0,0.0,0.0,0.1,0.0,0.0,0.0,0.0,0.0,0.0,0.1,0.0,0.0,0.0,0.0,0.0,0.0,0.0,0.1,0.0,0.0,0.0,0.1,0.0,0.0,0.0,0.0,0.0,-0.0005126575802467424,-0.003819668870835699,9.465052750667333e-06,excavator_base,772166510,1765332161,True,50.0,False,75.94000244140625,-2.380000114440918,False,False,-21.690000534057617,-2.0399999618530273,False,False,-13.960000038146973,-9.729999542236328,False,excavator_base,772277754,1765332161,-15.595999717712402,False,0.0,0.0,0.0,0.0,0.0,0.0,0.0,0.0,0.0,excavator_base,772316446,1765332161,False,False,-15.595999717712402,0.0,0,False,,0,0,0.0,0.0,False,0.0,0.0,0.0,0,False,,0,0,False,0.0,0.0,0,default,1079.0,1292.0,False,1376.0,529.0,False,1492.0,1217.0,False,excavator_base,772235158,1765332161,0.0,0.0,-15.595999717712402,False,True,True,True,0,False,True,0,excavator_base,772371268,1765332161,0,True,0.0,0.0,0.0,0,0,False,0,True,True,24.0,True,8,d,gps,801592405,1765332161,-59.25399999999999,-2.029,1.141,0,0,0.0,59.581,0.0,0.0,0.8,gps,801383647,1765332161,-59.25399999999999,36.4001188775,127.36124393066666,0,1,14,0.0,0.0,0,0,0.0,0.0,59.58,36.400118887,127.36124393733333,0.0,0.0,0.0,0.0,0.0,0.0,0.0,0.0,0.0,-59.004999999999995,base_link,757624285,1765332161,83.05899810791016,24.642000198364258,166.71099853515625,-15.595999717712402,0.0,-2.037,1.108,0.0,zedx_boom_imu_link,zedx_boom_left_camera_frame,695826721,1765332161,0.999992847442627,0.003616482252255082,0.0005469119059853256,-0.0009107014629989862,0.0,-0.03564900532364845,-0.00014700002793688327
1765332161700000000,-85.2959976196289,excavator_base_link,898722663,1765332161,3.634204621978102,-0.049396924970073204,0.0,0.0,0.0,0.0,0.0,127,0,0.0,869529273,1765332161,0.0,4,f,0,4,f,0,4,f,0,59.582,gps,898361473,1765332161,36.40011887166666,127.36124392533333,0.6400000000000001,0.0,0.0,0.0,0.6400000000000001,0.0,0.0,0.0,2.5600000000000005,1,1,1,0.1,0.0,0.0,0.0,0.0,0.0,0.1,0.0,0.0,0.0,0.0,0.0,0.0,0.0,0.1,0.0,0.0,0.0,0.0,0.0,0.0,0.1,0.0,0.0,0.0,0.0,0.0,0.0,0.0,0.1,0.0,0.0,0.0,0.1,0.0,0.0,0.0,0.0,0.0,-0.0005132181598968326,-0.003819776254083885,1.0165453335079035e-05,8,d,gps,899049353,1765332161,-59.44,-2.028,1.088,0,0,-41.84000015258789,4,f,0,4,f,0,4,f,0,4,f,0,-16.0310001373291,-17.600000381469727,False,True,100.0,59.581,gps,798188337,1765332161,36.4001188775,127.36124393066666,0.6400000000000001,0.0,0.0,0.0,0.6400000000000001,0.0,0.0,0.0,2.5600000000000005,1,1,1,0.1,0.0,0.0,0.0,0.0,0.0,0.1,0.0,0.0,0.0,0.0,0.0,0.0,0.0,0.1,0.0,0.0,0.0,0.0,0.0,0.0,0.1,0.0,0.0,0.0,0.0,0.0,0.0,0.0,0.1,0.0,0.0,0.0,0.1,0.0,0.0,0.0,0.0,0.0,-0.0005130090491898972,-0.003819742203059346,9.815262160801855e-06,excavator_base,872187759,1765332161,True,50.0,False,77.18000030517578,-2.390000104904175,False,False,-20.219999313354492,-2.0399999618530273,False,False,-14.430000305175781,-9.729999542236328,False,excavator_base,872301595,1765332161,-15.845000267028809,False,0.0,0.0,0.0,0.0,0.0,0.0,0.0,0.0,0.0,excavator_base,872340479,1765332161,False,False,-15.845000267028809,0.0,0,False,,0,0,0.0,0.0,False,0.0,0.0,0.0,0,False,,0,0,False,0.0,0.0,0,default,1079.0,1292.0,False,1474.0,529.0,False,1488.0,1249.0,False,excavator_base,872256726,1765332161,0.0,0.0,-15.845000267028809,False,True,True,True,0,False,True,0,excavator_base,872399141,1765332161,0,True,0.0,0.0,0.0,0,0,False,0,True,True,24.0,True,8,d,gps,899410383,1765332161,-59.44,-2.028,1.088,0,0,0.0,59.582,0.0,0.0,0.8,gps,899268320,1765332161,-59.44,36.40011887166666,127.36124392533333,0,1,14,0.0,0.0,0,0,0.0,0.0,59.581,36.4001188775,127.36124393066666,0.0,0.0,0.0,0.0,0.0,0.0,0.0,0.0,0.0,-59.25399999999999,base_link,856654262,1765332161,82.93900299072266,23.163999557495117,168.25100708007812,-15.845000267028809,0.0,-2.029,1.141,0.0,zedx_boom_imu_link,zedx_boom_left_camera_frame,797613800,1765332161,0.999992847442627,0.003616482252255082,0.0005469119059853256,-0.0009107014629989862,0.0,-0.03564900532364845,-0.00014700002793688327
1765332161800000000,-83.82699584960938,excavator_base_link,998704707,1765332161,3.658623954196907,-0.08504765341781695,0.0,0.0,0.0,0.0,0.0,127,0,0.0,969362982,1765332161,0.0,4,f,0,4,f,0,4,f,0,59.583,gps,998289880,1765332161,36.400118860666666,127.3612439205,0.6400000000000001,0.0,0.0,0.0,0.6400000000000001,0.0,0.0,0.0,2.5600000000000005,1,1,1,0.1,0.0,0.0,0.0,0.0,0.0,0.1,0.0,0.0,0.0,0.0,0.0,0.0,0.0,0.1,0.0,0.0,0.0,0.0,0.0,0.0,0.1,0.0,0.0,0.0,0.0,0.0,0.0,0.0,0.1,0.0,0.0,0.0,0.1,0.0,0.0,0.0,0.0,0.0,-0.0005136281641213539,-0.0038197937866637707,1.0515617766422507e-05,8,d,gps,999057320,1765332161,-59.58500000000001,-2.032,1.082,0,0,-41.98500061035156,4,f,0,4,f,0,4,f,0,4,f,0,-16.176000595092773,-17.600000381469727,False,True,100.0,59.582,gps,898361473,1765332161,36.40011887166666,127.36124392533333,0.6400000000000001,0.0,0.0,0.0,0.6400000000000001,0.0,0.0,0.0,2.5600000000000005,1,1,1,0.1,0.0,0.0,0.0,0.0,0.0,0.1,0.0,0.0,0.0,0.0,0.0,0.0,0.0,0.1,0.0,0.0,0.0,0.0,0.0,0.0,0.1,0.0,0.0,0.0,0.0,0.0,0.0,0.0,0.1,0.0,0.0,0.0,0.1,0.0,0.0,0.0,0.0,0.0,-0.0005132181598968326,-0.003819776254083885,1.0165453335079035e-05,excavator_base,971033204,1765332161,True,50.0,False,77.66000366210938,-2.4100000858306885,False,False,-19.299999237060547,-2.049999952316284,False,False,-15.899999618530273,-9.779999732971191,False,excavator_base,971171843,1765332161,-16.0310001373291,False,0.0,0.0,0.0,0.0,0.0,0.0,0.0,0.0,0.0,excavator_base,971214215,1765332161,False,False,-16.0310001373291,0.0,0,False,,0,0,0.0,0.0,False,0.0,0.0,0.0,0,False,,0,0,False,0.0,0.0,0,default,1095.0,1292.0,False,1395.0,529.0,False,1485.0,1276.0,False,excavator_base,971122622,1765332161,0.0,0.0,-16.0310001373291,False,True,True,True,0,False,True,0,excavator_base,971275470,1765332161,0,True,0.0,0.0,0.0,0,0,False,0,True,True,24.0,True,8,d,gps,999710349,1765332161,-59.58500000000001,-2.032,1.082,0,0,0.0,59.583,0.0,0.0,0.8,gps,999436048,1765332161,-59.58500000000001,36.400118860666666,127.3612439205,0,1,14,0.0,0.0,0,0,0.0,0.0,59.582,36.40011887166666,127.36124392533333,0.0,0.0,0.0,0.0,0.0,0.0,0.0,0.0,0.0,-59.44,base_link,958005889,1765332161,82.93900299072266,22.243000030517578,170.11099243164062,-16.0310001373291,0.0,-2.028,1.088,0.0,zedx_boom_imu_link,zedx_boom_left_camera_frame,894428021,1765332161,0.999992847442627,0.003616482252255082,0.0005469119059853256,-0.0009107014629989862,0.0,-0.03564900532364845,-0.00014700002793688327
1765332161900000000,-81.6929931640625,excavator_base_link,98692352,1765332162,3.707437751557808,-0.11503397787447137,0.0,0.0,0.0,0.0,0.0,127,0,0.0,69616190,1765332162,0.0,4,f,0,4,f,0,4,f,0,59.584,gps,98407202,1765332162,36.400118848333335,127.36124391566666,0.6400000000000001,0.0,0.0,0.0,0.6400000000000001,0.0,0.0,0.0,2.5600000000000005,1,1,1,0.1,0.0,0.0,0.0,0.0,0.0,0.1,0.0,0.0,0.0,0.0,0.0,0.0,0.0,0.1,0.0,0.0,0.0,0.0,0.0,0.0,0.1,0.0,0.0,0.0,0.0,0.0,0.0,0.0,0.1,0.0,0.0,0.0,0.1,0.0,0.0,0.0,0.0,0.0,-0.0005140900025212603,-0.0038198112269116633,1.0865757401023757e-05,8,d,gps,99039397,1765332162,-59.69499999999999,-2.034,1.072,0,0,-41.79500198364258,4,f,0,4,f,0,4,f,0,4,f,0,-16.285999298095703,-17.899999618530273,False,True,100.0,59.583,gps,998289880,1765332161,36.400118860666666,127.3612439205,0.6400000000000001,0.0,0.0,0.0,0.6400000000000001,0.0,0.0,0.0,2.5600000000000005,1,1,1,0.1,0.0,0.0,0.0,0.0,0.0,0.1,0.0,0.0,0.0,0.0,0.0,0.0,0.0,0.1,0.0,0.0,0.0,0.0,0.0,0.0,0.1,0.0,0.0,0.0,0.0,0.0,0.0,0.0,0.1,0.0,0.0,0.0,0.1,0.0,0.0,0.0,0.0,0.0,-0.0005136281641213539,-0.0038197937866637707,1.0515617766422507e-05,excavator_base,71883275,1765332162,True,50.0,False,77.62000274658203,-2.390000104904175,False,False,-18.43000030517578,-2.0399999618530273,False,False,-16.920000076293945,-9.75,False,excavator_base,71997271,1765332162,-16.176000595092773,False,0.0,0.0,0.0,0.0,0.0,0.0,0.0,0.0,0.0,excavator_base,72035003,1765332162,False,False,-16.176000595092773,0.0,0,False,,0,0,0.0,0.0,False,0.0,0.0,0.0,0,False,,0,0,False,0.0,0.0,0,default,1100.0,1288.0,False,1347.0,528.0,False,1487.0,1260.0,False,excavator_base,71952595,1765332162,0.0,0.0,-16.176000595092773,False,True,True,True,0,False,True,0,excavator_base,72091617,1765332162,0,True,0.0,0.0,0.0,0,0,False,0,True,True,24.0,True,8,d,gps,99406827,1765332162,-59.69499999999999,-2.034,1.072,0,0,0.0,59.584,0.0,0.0,0.8,gps,99261180,1765332162,-59.69499999999999,36.400118848333335,127.36124391566666,0,1,14,0.0,0.0,0,0,0.0,0.0,59.583,36.400118860666666,127.3612439205,0.0,0.0,0.0,0.0,0.0,0.0,0.0,0.0,0.0,-59.58500000000001,base_link,56352883,1765332162,83.7490005493164,21.37700080871582,172.0709991455078,-16.176000595092773,0.0,-2.032,1.082,0.0,zedx_boom_imu_link,zedx_boom_left_camera_frame,996710588,1765332161,0.999992847442627,0.003616482252255082,0.0005469119059853256,-0.0009107014629989862,0.0,-0.03564900532364845,-0.00014700002793688327
1765332162000000000,-79.53099822998047,excavator_base_link,208110232,1765332162,3.761540222510962,-0.14163422110237706,0.0,0.0,0.0,0.0,0.0,127,0,0.0,169414599,1765332162,0.0,4,f,0,4,f,0,4,f,0,59.584,gps,198435844,1765332162,36.4001188405,127.3612439005,0.6400000000000001,0.0,0.0,0.0,0.6400000000000001,0.0,0.0,0.0,2.5600000000000005,1,1,1,0.1,0.0,0.0,0.0,0.0,0.0,0.1,0.0,0.0,0.0,0.0,0.0,0.0,0.0,0.1,0.0,0.0,0.0,0.0,0.0,0.0,0.1,0.0,0.0,0.0,0.0,0.0,0.0,0.0,0.1,0.0,0.0,0.0,0.1,0.0,0.0,0.0,0.0,0.0,-0.0005143765514000024,-0.003820150876682852,1.0865372571330436e-05,8,d,gps,201971830,1765332162,-59.74199999999999,-2.035,1.072,0,0,-41.641998291015625,4,f,0,4,f,0,4,f,0,4,f,0,-16.33300018310547,-18.100000381469727,False,True,100.0,59.584,gps,98407202,1765332162,36.400118848333335,127.36124391566666,0.6400000000000001,0.0,0.0,0.0,0.6400000000000001,0.0,0.0,0.0,2.5600000000000005,1,1,1,0.1,0.0,0.0,0.0,0.0,0.0,0.1,0.0,0.0,0.0,0.0,0.0,0.0,0.0,0.1,0.0,0.0,0.0,0.0,0.0,0.0,0.1,0.0,0.0,0.0,0.0,0.0,0.0,0.0,0.1,0.0,0.0,0.0,0.1,0.0,0.0,0.0,0.0,0.0,-0.0005140900025212603,-0.0038198112269116633,1.0865757401023757e-05,excavator_base,171367828,1765332162,True,50.0,False,77.0199966430664,-2.3299999237060547,False,False,-17.549999237060547,-2.0399999618530273,False,False,-20.190000534057617,-9.699999809265137,False,excavator_base,171488896,1765332162,-16.285999298095703,False,0.0,0.0,0.0,0.0,0.0,0.0,0.0,0.0,0.0,excavator_base,171531621,1765332162,False,False,-16.285999298095703,0.0,0,False,,0,0,0.0,0.0,False,0.0,0.0,0.0,0,False,,0,0,False,0.0,0.0,0,default,1105.0,1291.0,False,1352.0,528.0,False,1486.0,1260.0,False,excavator_base,171441211,1765332162,0.0,0.0,-16.285999298095703,False,True,True,True,0,False,True,0,excavator_base,171597676,1765332162,0,True,0.0,0.0,0.0,0,0,False,0,True,True,24.0,True,8,d,gps,202808557,1765332162,-59.74199999999999,-2.035,1.072,0,0,0.0,59.584,0.0,0.0,0.8,gps,202477802,1765332162,-59.74199999999999,36.4001188405,127.3612439005,0,1,14,0.0,0.0,0,0,0.0,0.0,59.584,36.400118848333335,127.36124391566666,0.0,0.0,0.0,0.0,0.0,0.0,0.0,0.0,0.0,-59.69499999999999,base_link,157332215,1765332162,84.98899841308594,20.499000549316406,173.96099853515625,-16.285999298095703,0.0,-2.034,1.072,0.0,zedx_boom_imu_link,zedx_boom_left_camera_frame,95240444,1765332162,0.999992847442627,0.003616482252255082,0.0005469119059853256,-0.0009107014629989862,0.0,-0.03564900532364845,-0.00014700002793688327
1765332162100000000,-77.52000427246094,excavator_base_link,298712447,1765332162,3.8231409711418736,-0.15746593047079308,0.0,0.0,0.0,0.0,0.0,127,0,0.0,269378690,1765332162,0.0,4,f,0,4,f,0,4,f,0,59.584,gps,298397694,1765332162,36.40011883133333,127.36124388,0.6400000000000001,0.0,0.0,0.0,0.6400000000000001,0.0,0.0,0.0,2.5600000000000005,1,1,1,0.1,0.0,0.0,0.0,0.0,0.0,0.1,0.0,0.0,0.0,0.0,0.0,0.0,0.0,0.1,0.0,0.0,0.0,0.0,0.0,0.0,0.1,0.0,0.0,0.0,0.0,0.0,0.0,0.0,0.1,0.0,0.0,0.0,0.1,0.0,0.0,0.0,0.0,0.0,-0.0005147153180336885,-0.00382066022701453,1.0864995505096234e-05,8,d,gps,299103080,1765332162,-59.75999999999999,-2.033,1.12,0,0,-41.65999984741211,4,f,0,4,f,0,4,f,0,4,f,0,-16.35099983215332,-18.100000381469727,False,True,100.0,59.584,gps,198435844,1765332162,36.4001188405,127.3612439005,0.6400000000000001,0.0,0.0,0.0,0.6400000000000001,0.0,0.0,0.0,2.5600000000000005,1,1,1,0.1,0.0,0.0,0.0,0.0,0.0,0.1,0.0,0.0,0.0,0.0,0.0,0.0,0.0,0.1,0.0,0.0,0.0,0.0,0.0,0.0,0.1,0.0,0.0,0.0,0.0,0.0,0.0,0.0,0.1,0.0,0.0,0.0,0.1,0.0,0.0,0.0,0.0,0.0,-0.0005143765514000024,-0.003820150876682852,1.0865372571330436e-05,excavator_base,271063058,1765332162,True,50.0,False,76.01000213623047,-2.380000114440918,False,False,-16.75,-2.049999952316284,False,False,-22.200000762939453,-9.8100004196167,False,excavator_base,271170653,1765332162,-16.33300018310547,False,0.0,0.0,0.0,0.0,0.0,0.0,0.0,0.0,0.0,excavator_base,271206113,1765332162,False,False,-16.33300018310547,0.0,0,False,,0,0,0.0,0.0,False,0.0,0.0,0.0,0,False,,0,0,False,0.0,0.0,0,default,1115.0,1290.0,False,1395.0,528.0,False,1485.0,1283.0,False,excavator_base,271123480,1765332162,0.0,0.0,-16.33300018310547,False,True,True,True,0,False,True,0,excavator_base,271256742,1765332162,0,True,0.0,0.0,0.0,0,0,False,0,True,True,24.0,True,8,d,gps,299485072,1765332162,-59.75999999999999,-2.033,1.12,0,0,0.0,59.584,0.0,0.0,0.8,gps,299337824,1765332162,-59.75999999999999,36.40011883133333,127.36124388,0,1,14,0.0,0.0,0,0,0.0,0.0,59.584,36.4001188405,127.3612439005,0.0,0.0,0.0,0.0,0.0,0.0,0.0,0.0,0.0,-59.74199999999999,base_link,256478076,1765332162,86.37899780273438,19.700000762939453,175.31100463867188,-16.33300018310547,0.0,-2.035,1.072,0.0,zedx_boom_imu_link,zedx_boom_left_camera_frame,194444123,1765332162,0.999992847442627,0.003616482252255082,0.0005469119059853256,-0.0009107014629989862,0.0,-0.03564900532364845,-0.00014700002793688327
1765332162200000000,-74.36199951171875,excavator_base_link,398765442,1765332162,3.926499652825817,-0.13724240931867177,0.0,0.0,0.0,0.0,0.0,127,0,0.0,369339132,1765332162,0.0,4,f,0,4,f,0,4,f,0,59.584,gps,398344054,1765332162,36.400118826,127.361243868,0.6400000000000001,0.0,0.0,0.0,0.6400000000000001,0.0,0.0,0.0,2.5600000000000005,1,1,1,0.1,0.0,0.0,0.0,0.0,0.0,0.1,0.0,0.0,0.0,0.0,0.0,0.0,0.0,0.1,0.0,0.0,0.0,0.0,0.0,0.0,0.1,0.0,0.0,0.0,0.0,0.0,0.0,0.0,0.1,0.0,0.0,0.0,0.1,0.0,0.0,0.0,0.0,0.0,-0.0005149047474727722,-0.003820901995532936,1.0864614505053318e-05,8,d,gps,399257270,1765332162,-59.77600000000001,-2.032,1.081,0,0,-41.67599868774414,4,f,0,4,f,0,4,f,0,4,f,0,-16.367000579833984,-18.100000381469727,False,True,100.0,59.584,gps,298397694,1765332162,36.40011883133333,127.36124388,0.6400000000000001,0.0,0.0,0.0,0.6400000000000001,0.0,0.0,0.0,2.5600000000000005,1,1,1,0.1,0.0,0.0,0.0,0.0,0.0,0.1,0.0,0.0,0.0,0.0,0.0,0.0,0.0,0.1,0.0,0.0,0.0,0.0,0.0,0.0,0.1,0.0,0.0,0.0,0.0,0.0,0.0,0.0,0.1,0.0,0.0,0.0,0.1,0.0,0.0,0.0,0.0,0.0,-0.0005147153180336885,-0.00382066022701453,1.0864995505096234e-05,excavator_base,374303363,1765332162,True,50.0,False,73.5199966430664,-2.359999895095825,False,False,-16.25,-2.049999952316284,False,False,-25.360000610351562,-9.760000228881836,False,excavator_base,374416015,1765332162,-16.35099983215332,False,0.0,0.0,0.0,0.0,0.0,0.0,0.0,0.0,0.0,excavator_base,374452787,1765332162,False,False,-16.35099983215332,0.0,0,False,,0,0,0.0,0.0,False,0.0,0.0,0.0,0,False,,0,0,False,0.0,0.0,0,default,1127.0,1294.0,False,1546.0,528.0,False,1486.0,1329.0,False,excavator_base,374371882,1765332162,0.0,0.0,-16.35099983215332,False,True,True,True,0,False,True,0,excavator_base,374504792,1765332162,0,True,0.0,0.0,0.0,0,0,False,0,True,True,24.0,True,8,d,gps,399651199,1765332162,-59.77600000000001,-2.032,1.081,0,0,0.0,59.584,0.0,0.0,0.8,gps,399501712,1765332162,-59.77600000000001,36.400118826,127.361243868,0,1,14,0.0,0.0,0,0,0.0,0.0,59.584,36.40011883133333,127.36124388,0.0,0.0,0.0,0.0,0.0,0.0,0.0,0.0,0.0,-59.75999999999999,base_link,356354925,1765332162,88.62899780273438,19.197999954223633,176.06100463867188,-16.35099983215332,0.0,-2.033,1.12,0.0,zedx_cabin_imu_link,zedx_cabin_left_camera_frame,296418433,1765332162,0.9999747276306152,0.006695220712572336,-0.0017097544623538852,-0.0016760278958827257,0.0,-0.03564900532364845,-0.00014700002793688327
1765332162300000000,-71.13301086425781,excavator_base_link,498700570,1765332162,4.024522079281313,-0.10307641830182501,0.0,0.0,0.0,0.0,0.0,127,0,0.0,469521229,1765332162,0.0,4,f,0,4,f,0,4,f,0,59.584,gps,498541001,1765332162,36.40011882233333,127.36124385966667,0.6400000000000001,0.0,0.0,0.0,0.6400000000000001,0.0,0.0,0.0,2.5600000000000005,1,1,1,0.1,0.0,0.0,0.0,0.0,0.0,0.1,0.0,0.0,0.0,0.0,0.0,0.0,0.0,0.1,0.0,0.0,0.0,0.0,0.0,0.0,0.1,0.0,0.0,0.0,0.0,0.0,0.0,0.0,0.1,0.0,0.0,0.0,0.1,0.0,0.0,0.0,0.0,0.0,-0.0005150293322356426,-0.0038210289628415146,1.0864233597997655e-05,8,d,gps,499217264,1765332162,-59.77699999999999,-2.038,0.989,0,0,-41.676998138427734,4,f,0,4,f,0,4,f,0,4,f,0,-16.368000030517578,-18.100000381469727,False,True,100.0,59.584,gps,398344054,1765332162,36.400118826,127.361243868,0.6400000000000001,0.0,0.0,0.0,0.6400000000000001,0.0,0.0,0.0,2.5600000000000005,1,1,1,0.1,0.0,0.0,0.0,0.0,0.0,0.1,0.0,0.0,0.0,0.0,0.0,0.0,0.0,0.1,0.0,0.0,0.0,0.0,0.0,0.0,0.1,0.0,0.0,0.0,0.0,0.0,0.0,0.0,0.1,0.0,0.0,0.0,0.1,0.0,0.0,0.0,0.0,0.0,-0.0005149047474727722,-0.003820901995532936,1.0864614505053318e-05,excavator_base,471368206,1765332162,True,50.0,False,72.18000030517578,-2.3499999046325684,False,False,-16.25,-2.0399999618530273,False,False,-27.139999389648438,-9.729999542236328,False,excavator_base,471472889,1765332162,-16.367000579833984,False,0.0,0.0,0.0,0.0,0.0,0.0,0.0,0.0,0.0,excavator_base,471508829,1765332162,False,False,-16.367000579833984,0.0,0,False,,0,0,0.0,0.0,False,0.0,0.0,0.0,0,False,,0,0,False,0.0,0.0,0,default,1213.0,1294.0,False,1390.0,528.0,False,1487.0,1385.0,False,excavator_base,471431957,1765332162,0.0,0.0,-16.367000579833984,False,True,True,True,0,False,True,0,excavator_base,471559042,1765332162,0,True,0.0,0.0,0.0,0,0,False,0,True,True,24.0,True,8,d,gps,499617434,1765332162,-59.77699999999999,-2.038,0.989,0,0,0.0,59.584,0.0,0.0,0.8,gps,499465642,1765332162,-59.77699999999999,36.40011882233333,127.36124385966667,0,1,14,0.0,0.0,0,0,0.0,0.0,59.584,36.400118826,127.361243868,0.0,0.0,0.0,0.0,0.0,0.0,0.0,0.0,0.0,-59.77600000000001,base_link,457879211,1765332162,91.36900329589844,19.19700050354004,176.8509979248047,-16.367000579833984,0.0,-2.032,1.081,0.0,zedx_cabin_imu_link,zedx_cabin_left_camera_frame,398321589,1765332162,0.9999747276306152,0.006695220712572336,-0.0017097544623538852,-0.0016760278958827257,0.0,-0.03564900532364845,-0.00014700002793688327
1765332162400000000,-68.80699157714844,excavator_base_link,598729179,1765332162,4.102963528269138,-0.10206160733088825,0.0,0.0,0.0,0.0,0.0,127,0,0.0,569418497,1765332162,0.0,4,f,0,4,f,0,4,f,0,59.585,gps,598552361,1765332162,36.4001188095,127.36124384,0.6400000000000001,0.0,0.0,0.0,0.6400000000000001,0.0,0.0,0.0,2.5600000000000005,1,1,1,0.1,0.0,0.0,0.0,0.0,0.0,0.1,0.0,0.0,0.0,0.0,0.0,0.0,0.0,0.1,0.0,0.0,0.0,0.0,0.0,0.0,0.1,0.0,0.0,0.0,0.0,0.0,0.0,0.0,0.1,0.0,0.0,0.0,0.1,0.0,0.0,0.0,0.0,0.0,-0.0005155104696337185,-0.0038215106341946883,1.1214299185036308e-05,8,d,gps,599399553,1765332162,-59.754999999999995,-2.043,1.056,0,0,-41.654998779296875,4,f,0,4,f,0,4,f,0,4,f,0,-16.34600067138672,-18.100000381469727,False,True,100.0,59.584,gps,498541001,1765332162,36.40011882233333,127.36124385966667,0.6400000000000001,0.0,0.0,0.0,0.6400000000000001,0.0,0.0,0.0,2.5600000000000005,1,1,1,0.1,0.0,0.0,0.0,0.0,0.0,0.1,0.0,0.0,0.0,0.0,0.0,0.0,0.0,0.1,0.0,0.0,0.0,0.0,0.0,0.0,0.1,0.0,0.0,0.0,0.0,0.0,0.0,0.0,0.1,0.0,0.0,0.0,0.1,0.0,0.0,0.0,0.0,0.0,-0.0005150293322356426,-0.0038210289628415146,1.0864233597997655e-05,excavator_base,571686446,1765332162,True,50.0,False,70.20999908447266,-2.309999942779541,False,False,-16.0,-2.0199999809265137,False,False,-29.780000686645508,-9.699999809265137,False,excavator_base,571799066,1765332162,-16.368000030517578,False,0.0,0.0,0.0,0.0,0.0,0.0,0.0,0.0,0.0,excavator_base,571833405,1765332162,False,False,-16.368000030517578,0.0,0,False,,0,0,0.0,0.0,False,0.0,0.0,0.0,0,False,,0,0,False,0.0,0.0,0,default,1190.0,1294.0,False,1178.0,536.0,False,1487.0,1324.0,False,excavator_base,571755573,1765332162,0.0,0.0,-16.368000030517578,False,True,True,True,0,False,True,0,excavator_base,571887043,1765332162,0,True,0.0,0.0,0.0,0,0,False,0,True,True,24.0,True,8,d,gps,599869330,1765332162,-59.754999999999995,-2.043,1.056,0,0,0.0,59.585,0.0,0.0,0.8,gps,599656188,1765332162,-59.754999999999995,36.4001188095,127.36124384,0,1,14,0.0,0.0,0,0,0.0,0.0,59.584,36.40011882233333,127.36124385966667,0.0,0.0,0.0,0.0,0.0,0.0,0.0,0.0,0.0,-59.77699999999999,base_link,556353418,1765332162,93.58899688720703,18.952999114990234,177.52099609375,-16.368000030517578,0.0,-2.038,0.989,0.0,zedx_boom_imu_link,zedx_boom_left_camera_frame,497523060,1765332162,0.999992847442627,0.003616482252255082,0.0005469119059853256,-0.0009107014629989862,0.0,-0.03564900532364845,-0.00014700002793688327
1765332162500000000,-66.85200500488281,excavator_base_link,698705943,1765332162,4.173471947484593,-0.12099606358812776,0.0,0.0,0.0,0.0,0.0,127,0,0.0,669437825,1765332162,0.0,4,f,0,4,f,0,4,f,0,59.585,gps,698648369,1765332162,36.400118799333335,127.3612438185,0.6400000000000001,0.0,0.0,0.0,0.6400000000000001,0.0,0.0,0.0,2.5600000000000005,1,1,1,0.1,0.0,0.0,0.0,0.0,0.0,0.1,0.0,0.0,0.0,0.0,0.0,0.0,0.0,0.1,0.0,0.0,0.0,0.0,0.0,0.0,0.1,0.0,0.0,0.0,0.0,0.0,0.0,0.0,0.1,0.0,0.0,0.0,0.1,0.0,0.0,0.0,0.0,0.0,-0.0005158878630324249,-0.003822049807454859,1.1213906051441296e-05,8,d,gps,699369276,1765332162,-59.757000000000005,-2.036,1.083,0,0,-41.65700149536133,4,f,0,4,f,0,4,f,0,4,f,0,-16.347999572753906,-18.100000381469727,False,True,100.0,59.585,gps,598552361,1765332162,36.4001188095,127.36124384,0.6400000000000001,0.0,0.0,0.0,0.6400000000000001,0.0,0.0,0.0,2.5600000000000005,1,1,1,0.1,0.0,0.0,0.0,0.0,0.0,0.1,0.0,0.0,0.0,0.0,0.0,0.0,0.0,0.1,0.0,0.0,0.0,0.0,0.0,0.0,0.1,0.0,0.0,0.0,0.0,0.0,0.0,0.0,0.1,0.0,0.0,0.0,0.1,0.0,0.0,0.0,0.0,0.0,-0.0005155104696337185,-0.0038215106341946883,1.1214299185036308e-05,excavator_base,671463797,1765332162,True,50.0,False,67.97000122070312,-2.309999942779541,False,False,-15.039999961853027,-2.0399999618530273,False,False,-32.86000061035156,-9.699999809265137,False,excavator_base,671652360,1765332162,-16.34600067138672,False,0.0,0.0,0.0,0.0,0.0,0.0,0.0,0.0,0.0,excavator_base,671706734,1765332162,False,False,-16.34600067138672,0.0,0,False,,0,0,0.0,0.0,False,0.0,0.0,0.0,0,False,,0,0,False,0.0,0.0,0,default,1163.0,1297.0,False,1294.0,536.0,False,1493.0,1305.0,False,excavator_base,671584801,1765332162,0.0,0.0,-16.34600067138672,False,True,True,True,0,False,True,0,excavator_base,671788503,1765332162,0,True,0.0,0.0,0.0,0,0,False,0,True,True,24.0,True,8,d,gps,699942648,1765332162,-59.757000000000005,-2.036,1.083,0,0,0.0,59.585,0.0,0.0,0.8,gps,699700639,1765332162,-59.757000000000005,36.400118799333335,127.3612438185,0,1,14,0.0,0.0,0,0,0.0,0.0,59.585,36.4001188095,127.36124384,0.0,0.0,0.0,0.0,0.0,0.0,0.0,0.0,0.0,-59.754999999999995,base_link,658979547,1765332162,96.13899993896484,17.99799919128418,178.08099365234375,-16.34600067138672,0.0,-2.043,1.056,0.0,zedx_boom_imu_link,zedx_boom_left_camera_frame,598873747,1765332162,0.999992847442627,0.003616482252255082,0.0005469119059853256,-0.0009107014629989862,0.0,-0.03564900532364845,-0.00014700002793688327
1765332162600000000,-65.55900573730469,excavator_base_link,798763611,1765332162,4.214320123461215,-0.14027901392216016,0.0,0.0,0.0,0.0,0.0,127,0,0.0,769400219,1765332162,0.0,4,f,0,4,f,0,4,f,0,59.585,gps,798539908,1765332162,36.4001187935,127.36124381016667,0.6400000000000001,0.0,0.0,0.0,0.6400000000000001,0.0,0.0,0.0,2.5600000000000005,1,1,1,0.1,0.0,0.0,0.0,0.0,0.0,0.1,0.0,0.0,0.0,0.0,0.0,0.0,0.0,0.1,0.0,0.0,0.0,0.0,0.0,0.0,0.1,0.0,0.0,0.0,0.0,0.0,0.0,0.0,0.1,0.0,0.0,0.0,0.1,0.0,0.0,0.0,0.0,0.0,-0.0005160967102239969,-0.0038221769693966355,1.1213513667726166e-05,8,d,gps,799269040,1765332162,-59.774,-2.039,1.05,0,0,-41.67399978637695,4,f,0,4,f,0,4,f,0,4,f,0,-16.364999771118164,-18.100000381469727,False,True,100.0,59.585,gps,698648369,1765332162,36.400118799333335,127.3612438185,0.6400000000000001,0.0,0.0,0.0,0.6400000000000001,0.0,0.0,0.0,2.5600000000000005,1,1,1,0.1,0.0,0.0,0.0,0.0,0.0,0.1,0.0,0.0,0.0,0.0,0.0,0.0,0.0,0.1,0.0,0.0,0.0,0.0,0.0,0.0,0.1,0.0,0.0,0.0,0.0,0.0,0.0,0.0,0.1,0.0,0.0,0.0,0.1,0.0,0.0,0.0,0.0,0.0,-0.0005158878630324249,-0.003822049807454859,1.1213906051441296e-05,excavator_base,771116655,1765332162,True,50.0,False,67.33000183105469,-2.319999933242798,False,False,-14.0600004196167,-2.0399999618530273,False,False,-34.15999984741211,-9.710000038146973,False,excavator_base,771217561,1765332162,-16.347999572753906,False,0.0,0.0,0.0,0.0,0.0,0.0,0.0,0.0,0.0,excavator_base,771251709,1765332162,False,False,-16.347999572753906,0.0,0,False,,0,0,0.0,0.0,False,0.0,0.0,0.0,0,False,,0,0,False,0.0,0.0,0,default,1172.0,1297.0,False,1387.0,536.0,False,1490.0,1338.0,False,excavator_base,771177621,1765332162,0.0,0.0,-16.347999572753906,False,True,True,True,0,False,True,0,excavator_base,771541595,1765332162,0,True,0.0,0.0,0.0,0,0,False,0,True,True,24.0,True,8,d,gps,799731232,1765332162,-59.774,-2.039,1.05,0,0,0.0,59.585,0.0,0.0,0.8,gps,799561967,1765332162,-59.774,36.4001187935,127.36124381016667,0,1,14,0.0,0.0,0,0,0.0,0.0,59.585,36.400118799333335,127.3612438185,0.0,0.0,0.0,0.0,0.0,0.0,0.0,0.0,0.0,-59.757000000000005,base_link,756684937,1765332162,98.26899719238281,17.01099967956543,178.67100524902344,-16.347999572753906,0.0,-2.036,1.083,0.0,zedx_cabin_imu_link,zedx_cabin_left_camera_frame,698575634,1765332162,0.9999747276306152,0.006695220712572336,-0.0017097544623538852,-0.0016760278958827257,0.0,-0.03564900532364845,-0.00014700002793688327
1765332162700000000,-66.11600494384766,excavator_base_link,898713748,1765332162,4.2039397188909415,-0.18380585622965792,0.0,0.0,0.0,0.0,0.0,127,0,0.0,869749406,1765332162,0.0,4,f,0,4,f,0,4,f,0,59.585,gps,898590247,1765332162,36.40011878566666,127.361243789,0.6400000000000001,0.0,0.0,0.0,0.6400000000000001,0.0,0.0,0.0,2.5600000000000005,1,1,1,0.1,0.0,0.0,0.0,0.0,0.0,0.1,0.0,0.0,0.0,0.0,0.0,0.0,0.0,0.1,0.0,0.0,0.0,0.0,0.0,0.0,0.1,0.0,0.0,0.0,0.0,0.0,0.0,0.0,0.1,0.0,0.0,0.0,0.1,0.0,0.0,0.0,0.0,0.0,-0.0005163832897030464,-0.0038227055654797885,1.1213120353131628e-05,8,d,gps,899390011,1765332162,-59.78999999999999,-2.037,1.033,0,0,-41.689998626708984,4,f,0,4,f,0,4,f,0,4,f,0,-16.381000518798828,-18.100000381469727,False,True,100.0,59.585,gps,798539908,1765332162,36.4001187935,127.36124381016667,0.6400000000000001,0.0,0.0,0.0,0.6400000000000001,0.0,0.0,0.0,2.5600000000000005,1,1,1,0.1,0.0,0.0,0.0,0.0,0.0,0.1,0.0,0.0,0.0,0.0,0.0,0.0,0.0,0.1,0.0,0.0,0.0,0.0,0.0,0.0,0.1,0.0,0.0,0.0,0.0,0.0,0.0,0.0,0.1,0.0,0.0,0.0,0.1,0.0,0.0,0.0,0.0,0.0,-0.0005160967102239969,-0.0038221769693966355,1.1213513667726166e-05,excavator_base,871149360,1765332162,True,50.0,False,67.94000244140625,-2.309999942779541,False,False,-13.359999656677246,-2.0399999618530273,False,False,-33.599998474121094,-9.720000267028809,False,excavator_base,871252603,1765332162,-16.364999771118164,False,0.0,0.0,0.0,0.0,0.0,0.0,0.0,0.0,0.0,excavator_base,871287743,1765332162,False,False,-16.364999771118164,0.0,0,False,,0,0,0.0,0.0,False,0.0,0.0,0.0,0,False,,0,0,False,0.0,0.0,0,default,1210.0,1296.0,False,1251.0,536.0,False,1492.0,1322.0,False,excavator_base,871213399,1765332162,0.0,0.0,-16.364999771118164,False,True,True,True,0,False,True,0,excavator_base,871343461,1765332162,0,True,0.0,0.0,0.0,0,0,False,0,True,True,24.0,True,8,d,gps,900817552,1765332162,-59.78999999999999,-2.037,1.033,0,0,0.0,59.585,0.0,0.0,0.8,gps,900566838,1765332162,-59.78999999999999,36.40011878566666,127.361243789,0,1,14,0.0,0.0,0,0,0.0,0.0,59.585,36.4001187935,127.36124381016667,0.0,0.0,0.0,0.0,0.0,0.0,0.0,0.0,0.0,-59.774,base_link,856322049,1765332162,98.83899688720703,16.31399917602539,179.09100341796875,-16.364999771118164,0.0,-2.039,1.05,0.0,zedx_boom_imu_link,zedx_boom_left_camera_frame,795677257,1765332162,0.999992847442627,0.003616482252255082,0.0005469119059853256,-0.0009107014629989862,0.0,-0.03564900532364845,-0.00014700002793688327
1765332162800000000,-67.14800262451172,excavator_base_link,998757623,1765332162,4.181051719289912,-0.24476841615850525,0.0,0.0,0.0,0.0,0.0,127,0,0.0,969402104,1765332162,0.0,4,f,0,4,f,0,4,f,0,59.585,gps,998444726,1765332162,36.40011877683333,127.3612437705,0.6400000000000001,0.0,0.0,0.0,0.6400000000000001,0.0,0.0,0.0,2.5600000000000005,1,1,1,0.1,0.0,0.0,0.0,0.0,0.0,0.1,0.0,0.0,0.0,0.0,0.0,0.0,0.0,0.1,0.0,0.0,0.0,0.0,0.0,0.0,0.1,0.0,0.0,0.0,0.0,0.0,0.0,0.0,0.1,0.0,0.0,0.0,0.1,0.0,0.0,0.0,0.0,0.0,-0.0005167087887182991,-0.003823150980495763,1.121272805624675e-05,8,d,gps,999196805,1765332162,-59.80600000000001,-2.034,1.081,0,0,-41.70600128173828,4,f,0,4,f,0,4,f,0,4,f,0,-16.39699935913086,-18.100000381469727,False,True,100.0,59.585,gps,898590247,1765332162,36.40011878566666,127.361243789,0.6400000000000001,0.0,0.0,0.0,0.6400000000000001,0.0,0.0,0.0,2.5600000000000005,1,1,1,0.1,0.0,0.0,0.0,0.0,0.0,0.1,0.0,0.0,0.0,0.0,0.0,0.0,0.0,0.1,0.0,0.0,0.0,0.0,0.0,0.0,0.1,0.0,0.0,0.0,0.0,0.0,0.0,0.0,0.1,0.0,0.0,0.0,0.1,0.0,0.0,0.0,0.0,0.0,-0.0005163832897030464,-0.0038227055654797885,1.1213120353131628e-05,excavator_base,975748720,1765332162,True,50.0,False,68.94000244140625,-2.3399999141693115,False,False,-12.34000015258789,-2.0799999237060547,False,False,-33.16999816894531,-9.779999732971191,False,excavator_base,975914241,1765332162,-16.381000518798828,False,0.0,0.0,0.0,0.0,0.0,0.0,0.0,0.0,0.0,excavator_base,975966855,1765332162,False,False,-16.381000518798828,0.0,0,False,,0,0,0.0,0.0,False,0.0,0.0,0.0,0,False,,0,0,False,0.0,0.0,0,default,1191.0,1295.0,False,1292.0,536.0,False,1494.0,1300.0,False,excavator_base,975850490,1765332162,0.0,0.0,-16.381000518798828,False,True,True,True,0,False,True,0,excavator_base,976026765,1765332162,0,True,0.0,0.0,0.0,0,0,False,0,True,True,24.0,True,8,d,gps,999639571,1765332162,-59.80600000000001,-2.034,1.081,0,0,0.0,59.585,0.0,0.0,0.8,gps,999474754,1765332162,-59.80600000000001,36.40011877683333,127.3612437705,0,1,14,0.0,0.0,0,0,0.0,0.0,59.585,36.40011878566666,127.361243789,0.0,0.0,0.0,0.0,0.0,0.0,0.0,0.0,0.0,-59.78999999999999,base_link,956532213,1765332162,99.08899688720703,15.291999816894531,179.0709991455078,-16.381000518798828,0.0,-2.037,1.033,0.0,zedx_boom_imu_link,zedx_boom_left_camera_frame,890317437,1765332162,0.999992847442627,0.003616482252255082,0.0005469119059853256,-0.0009107014629989862,0.0,-0.03564900532364845,-0.00014700002793688327
1765332162900000000,-68.21099853515625,excavator_base_link,98697871,1765332163,4.154197365871688,-0.2996491298164082,0.0,0.0,0.0,0.0,0.0,127,0,0.0,69440986,1765332163,0.0,4,f,0,4,f,0,4,f,0,59.585,gps,98713457,1765332163,36.4001187655,127.36124375016666,0.6400000000000001,0.0,0.0,0.0,0.6400000000000001,0.0,0.0,0.0,2.5600000000000005,1,1,1,0.1,0.0,0.0,0.0,0.0,0.0,0.1,0.0,0.0,0.0,0.0,0.0,0.0,0.0,0.1,0.0,0.0,0.0,0.0,0.0,0.0,0.1,0.0,0.0,0.0,0.0,0.0,0.0,0.0,0.1,0.0,0.0,0.0,0.1,0.0,0.0,0.0,0.0,0.0,-0.0005171314286242403,-0.0038236532502780667,1.1212334304076614e-05,8,d,gps,99428795,1765332163,-59.81399999999999,-2.034,1.1,0,0,-41.7140007019043,4,f,0,4,f,0,4,f,0,4,f,0,-16.405000686645508,-18.100000381469727,False,True,100.0,59.585,gps,998444726,1765332162,36.40011877683333,127.3612437705,0.6400000000000001,0.0,0.0,0.0,0.6400000000000001,0.0,0.0,0.0,2.5600000000000005,1,1,1,0.1,0.0,0.0,0.0,0.0,0.0,0.1,0.0,0.0,0.0,0.0,0.0,0.0,0.0,0.1,0.0,0.0,0.0,0.0,0.0,0.0,0.1,0.0,0.0,0.0,0.0,0.0,0.0,0.0,0.1,0.0,0.0,0.0,0.1,0.0,0.0,0.0,0.0,0.0,-0.0005167087887182991,-0.003823150980495763,1.121272805624675e-05,excavator_base,71133963,1765332163,True,50.0,False,69.9800033569336,-2.369999885559082,False,False,-11.279999732971191,-2.0899999141693115,False,False,-31.510000228881836,-9.829999923706055,False,excavator_base,71261656,1765332163,-16.39699935913086,False,0.0,0.0,0.0,0.0,0.0,0.0,0.0,0.0,0.0,excavator_base,71308029,1765332163,False,False,-16.39699935913086,0.0,0,False,,0,0,0.0,0.0,False,0.0,0.0,0.0,0,False,,0,0,False,0.0,0.0,0,default,1172.0,1297.0,False,1397.0,535.0,False,1489.0,1320.0,False,excavator_base,71208979,1765332163,0.0,0.0,-16.39699935913086,False,True,True,True,0,False,True,0,excavator_base,71377893,1765332163,0,True,0.0,0.0,0.0,0,0,False,0,True,True,24.0,True,8,d,gps,99848647,1765332163,-59.81399999999999,-2.034,1.1,0,0,0.0,59.585,0.0,0.0,0.8,gps,99684758,1765332163,-59.81399999999999,36.4001187655,127.36124375016666,0,1,14,0.0,0.0,0,0,0.0,0.0,59.585,36.40011877683333,127.3612437705,0.0,0.0,0.0,0.0,0.0,0.0,0.0,0.0,0.0,-59.80600000000001,base_link,56299451,1765332163,99.03900146484375,14.229000091552734,179.04100036621094,-16.39699935913086,0.0,-2.034,1.081,0.0,zedx_cabin_imu_link,zedx_cabin_left_camera_frame,994050574,1765332162,0.9999747276306152,0.006695220712572336,-0.0017097544623538852,-0.0016760278958827257,0.0,-0.03564900532364845,-0.00014700002793688327
1765332163000000000,-68.79100036621094,excavator_base_link,200428194,1765332163,4.138849042968644,-0.3302096261895012,0.0,0.0,0.0,0.0,0.0,127,0,0.0,169415446,1765332163,0.0,4,f,0,4,f,0,4,f,0,59.585,gps,198439570,1765332163,36.40011876216667,127.36124373716666,0.6400000000000001,0.0,0.0,0.0,0.6400000000000001,0.0,0.0,0.0,2.5600000000000005,1,1,1,0.1,0.0,0.0,0.0,0.0,0.0,0.1,0.0,0.0,0.0,0.0,0.0,0.0,0.0,0.1,0.0,0.0,0.0,0.0,0.0,0.0,0.1,0.0,0.0,0.0,0.0,0.0,0.0,0.0,0.1,0.0,0.0,0.0,0.1,0.0,0.0,0.0,0.0,0.0,-0.0005172426790991527,-0.003823924239937951,1.1211935635278735e-05,8,d,gps,200929335,1765332163,-59.79599999999999,-2.033,1.07,0,0,-41.69599914550781,4,f,0,4,f,0,4,f,0,4,f,0,-16.386999130249023,-18.100000381469727,False,True,100.0,59.585,gps,98713457,1765332163,36.4001187655,127.36124375016666,0.6400000000000001,0.0,0.0,0.0,0.6400000000000001,0.0,0.0,0.0,2.5600000000000005,1,1,1,0.1,0.0,0.0,0.0,0.0,0.0,0.1,0.0,0.0,0.0,0.0,0.0,0.0,0.0,0.1,0.0,0.0,0.0,0.0,0.0,0.0,0.1,0.0,0.0,0.0,0.0,0.0,0.0,0.0,0.1,0.0,0.0,0.0,0.1,0.0,0.0,0.0,0.0,0.0,-0.0005171314286242403,-0.0038236532502780667,1.1212334304076614e-05,excavator_base,171263959,1765332163,True,50.0,False,70.56999969482422,-2.380000114440918,False,False,-10.529999732971191,-2.109999895095825,False,False,-30.93000030517578,-9.859999656677246,False,excavator_base,171515377,1765332163,-16.405000686645508,False,0.0,0.0,0.0,0.0,0.0,0.0,0.0,0.0,0.0,excavator_base,171572119,1765332163,False,False,-16.405000686645508,0.0,0,False,,0,0,0.0,0.0,False,0.0,0.0,0.0,0,False,,0,0,False,0.0,0.0,0,default,1163.0,1293.0,False,1483.0,535.0,False,1494.0,1323.0,False,excavator_base,171448138,1765332163,0.0,0.0,-16.405000686645508,False,True,True,True,0,False,True,0,excavator_base,171649663,1765332163,0,True,0.0,0.0,0.0,0,0,False,0,True,True,24.0,True,8,d,gps,201333409,1765332163,-59.79599999999999,-2.033,1.07,0,0,0.0,59.585,0.0,0.0,0.8,gps,201180561,1765332163,-59.79599999999999,36.40011876216667,127.36124373716666,0,1,14,0.0,0.0,0,0,0.0,0.0,59.585,36.4001187655,127.36124375016666,0.0,0.0,0.0,0.0,0.0,0.0,0.0,0.0,0.0,-59.81399999999999,base_link,156435784,1765332163,98.92900085449219,13.479000091552734,179.031005859375,-16.405000686645508,0.0,-2.034,1.1,0.0,zedx_boom_imu_link,zedx_boom_left_camera_frame,98372333,1765332163,0.999992847442627,0.003616482252255082,0.0005469119059853256,-0.0009107014629989862,0.0,-0.03564900532364845,-0.00014700002793688327
1765332163100000000,-69.02200317382812,excavator_base_link,299470300,1765332163,4.13237609242951,-0.3396955507525535,0.0,0.0,0.0,0.0,0.0,127,0,0.0,269353837,1765332163,0.0,4,f,0,4,f,0,4,f,0,59.585,gps,298668552,1765332163,36.400118754666664,127.36124372466666,0.6400000000000001,0.0,0.0,0.0,0.6400000000000001,0.0,0.0,0.0,2.5600000000000005,1,1,1,0.1,0.0,0.0,0.0,0.0,0.0,0.1,0.0,0.0,0.0,0.0,0.0,0.0,0.0,0.1,0.0,0.0,0.0,0.0,0.0,0.0,0.1,0.0,0.0,0.0,0.0,0.0,0.0,0.0,0.1,0.0,0.0,0.0,0.1,0.0,0.0,0.0,0.0,0.0,-0.0005175165055271443,-0.0038241835614170275,1.1211548728592588e-05,8,d,gps,299365041,1765332163,-59.712999999999994,-2.042,1.108,0,0,-41.612998962402344,4,f,0,4,f,0,4,f,0,4,f,0,-16.304000854492188,-18.100000381469727,False,True,100.0,59.585,gps,198439570,1765332163,36.40011876216667,127.36124373716666,0.6400000000000001,0.0,0.0,0.0,0.6400000000000001,0.0,0.0,0.0,2.5600000000000005,1,1,1,0.1,0.0,0.0,0.0,0.0,0.0,0.1,0.0,0.0,0.0,0.0,0.0,0.0,0.0,0.1,0.0,0.0,0.0,0.0,0.0,0.0,0.1,0.0,0.0,0.0,0.0,0.0,0.0,0.0,0.1,0.0,0.0,0.0,0.1,0.0,0.0,0.0,0.0,0.0,-0.0005172426790991527,-0.003823924239937951,1.1211935635278735e-05,excavator_base,271008570,1765332163,True,50.0,False,70.79000091552734,-2.309999942779541,False,False,-10.210000038146973,-2.0799999237060547,False,False,-30.700000762939453,-9.819999694824219,False,excavator_base,271117414,1765332163,-16.386999130249023,False,0.0,0.0,0.0,0.0,0.0,0.0,0.0,0.0,0.0,excavator_base,271152233,1765332163,False,False,-16.386999130249023,0.0,0,False,,0,0,0.0,0.0,False,0.0,0.0,0.0,0,False,,0,0,False,0.0,0.0,0,default,1167.0,1292.0,False,1429.0,535.0,False,1486.0,1317.0,False,excavator_base,271074433,1765332163,0.0,0.0,-16.386999130249023,False,True,True,True,0,False,True,0,excavator_base,271204207,1765332163,0,True,0.0,0.0,0.0,0,0,False,0,True,True,24.0,True,8,d,gps,299730615,1765332163,-59.712999999999994,-2.042,1.108,0,0,0.0,59.585,0.0,0.0,0.8,gps,299577767,1765332163,-59.712999999999994,36.400118754666664,127.36124372466666,0,1,14,0.0,0.0,0,0,0.0,0.0,59.585,36.40011876216667,127.36124373716666,0.0,0.0,0.0,0.0,0.0,0.0,0.0,0.0,0.0,-59.79599999999999,base_link,256386433,1765332163,98.86900329589844,13.157999992370605,179.031005859375,-16.386999130249023,0.0,-2.033,1.07,0.0,zedx_boom_imu_link,zedx_boom_left_camera_frame,189678311,1765332163,0.999992847442627,0.003616482252255082,0.0005469119059853256,-0.0009107014629989862,0.0,-0.03564900532364845,-0.00014700002793688327
1765332163200000000,-69.00299835205078,excavator_base_link,398703402,1765332163,4.131762011407137,-0.33495326493899075,0.0,0.0,0.0,0.0,0.0,127,0,0.0,369392143,1765332163,0.0,4,f,0,4,f,0,4,f,0,59.585,gps,398747023,1765332163,36.400118750333334,127.36124371033333,0.6400000000000001,0.0,0.0,0.0,0.6400000000000001,0.0,0.0,0.0,2.5600000000000005,1,1,1,0.1,0.0,0.0,0.0,0.0,0.0,0.1,0.0,0.0,0.0,0.0,0.0,0.0,0.0,0.1,0.0,0.0,0.0,0.0,0.0,0.0,0.1,0.0,0.0,0.0,0.0,0.0,0.0,0.0,0.1,0.0,0.0,0.0,0.1,0.0,0.0,0.0,0.0,0.0,-0.0005176668886155836,-0.003824498208111262,1.1211155860857223e-05,8,d,gps,399371376,1765332163,-59.66300000000001,-2.042,1.052,0,0,-41.5629997253418,4,f,0,4,f,0,4,f,0,4,f,0,-16.253999710083008,-18.100000381469727,False,True,100.0,59.585,gps,298668552,1765332163,36.400118754666664,127.36124372466666,0.6400000000000001,0.0,0.0,0.0,0.6400000000000001,0.0,0.0,0.0,2.5600000000000005,1,1,1,0.1,0.0,0.0,0.0,0.0,0.0,0.1,0.0,0.0,0.0,0.0,0.0,0.0,0.0,0.1,0.0,0.0,0.0,0.0,0.0,0.0,0.1,0.0,0.0,0.0,0.0,0.0,0.0,0.0,0.1,0.0,0.0,0.0,0.1,0.0,0.0,0.0,0.0,0.0,-0.0005175165055271443,-0.0038241835614170275,1.1211548728592588e-05,excavator_base,371137510,1765332163,True,50.0,False,70.79000091552734,-2.3299999237060547,False,False,-10.1899995803833,-2.109999895095825,False,False,-30.709999084472656,-9.850000381469727,False,excavator_base,371238545,1765332163,-16.304000854492188,False,0.0,0.0,0.0,0.0,0.0,0.0,0.0,0.0,0.0,excavator_base,371272532,1765332163,False,False,-16.304000854492188,0.0,0,False,,0,0,0.0,0.0,False,0.0,0.0,0.0,0,False,,0,0,False,0.0,0.0,0,default,1161.0,1295.0,False,1456.0,535.0,False,1488.0,1319.0,False,excavator_base,371198957,1765332163,0.0,0.0,-16.304000854492188,False,True,True,True,0,False,True,0,excavator_base,371323546,1765332163,0,True,0.0,0.0,0.0,0,0,False,0,True,True,24.0,True,8,d,gps,399757016,1765332163,-59.66300000000001,-2.042,1.052,0,0,0.0,59.585,0.0,0.0,0.8,gps,399600104,1765332163,-59.66300000000001,36.400118750333334,127.36124371033333,0,1,14,0.0,0.0,0,0,0.0,0.0,59.585,36.400118754666664,127.36124372466666,0.0,0.0,0.0,0.0,0.0,0.0,0.0,0.0,0.0,-59.712999999999994,base_link,357483090,1765332163,98.8290023803711,13.147000312805176,179.02099609375,-16.304000854492188,0.0,-2.042,1.108,0.0,zedx_cabin_imu_link,zedx_cabin_left_camera_frame,295950448,1765332163,0.9999747276306152,0.006695220712572336,-0.0017097544623538852,-0.0016760278958827257,0.0,-0.03564900532364845,-0.00014700002793688327
1765332163300000000,-69.39300537109375,excavator_base_link,498724042,1765332163,4.116804826418404,-0.33761637434441605,0.0,0.0,0.0,0.0,0.0,127,0,0.0,469351817,1765332163,0.0,4,f,0,4,f,0,4,f,0,59.585,gps,498719818,1765332163,36.4001187465,127.36124370183333,0.6400000000000001,0.0,0.0,0.0,0.6400000000000001,0.0,0.0,0.0,2.5600000000000005,1,1,1,0.1,0.0,0.0,0.0,0.0,0.0,0.1,0.0,0.0,0.0,0.0,0.0,0.0,0.0,0.1,0.0,0.0,0.0,0.0,0.0,0.0,0.1,0.0,0.0,0.0,0.0,0.0,0.0,0.0,0.1,0.0,0.0,0.0,0.1,0.0,0.0,0.0,0.0,0.0,-0.0005177978164061535,-0.0038246302387835353,1.1210762992562182e-05,8,d,gps,499426356,1765332163,-59.627999999999986,-2.052,1.048,0,0,-41.52799987792969,4,f,0,4,f,0,4,f,0,4,f,0,-16.2189998626709,-18.100000381469727,False,True,100.0,59.585,gps,398747023,1765332163,36.400118750333334,127.36124371033333,0.6400000000000001,0.0,0.0,0.0,0.6400000000000001,0.0,0.0,0.0,2.5600000000000005,1,1,1,0.1,0.0,0.0,0.0,0.0,0.0,0.1,0.0,0.0,0.0,0.0,0.0,0.0,0.0,0.1,0.0,0.0,0.0,0.0,0.0,0.0,0.1,0.0,0.0,0.0,0.0,0.0,0.0,0.0,0.1,0.0,0.0,0.0,0.1,0.0,0.0,0.0,0.0,0.0,-0.0005176668886155836,-0.003824498208111262,1.1211155860857223e-05,excavator_base,471914710,1765332163,True,50.0,False,71.19999694824219,-2.319999933242798,False,False,-10.319999694824219,-2.0899999141693115,False,False,-30.31999969482422,-9.829999923706055,False,excavator_base,472017120,1765332163,-16.253999710083008,False,0.0,0.0,0.0,0.0,0.0,0.0,0.0,0.0,0.0,excavator_base,472050468,1765332163,False,False,-16.253999710083008,0.0,0,False,,0,0,0.0,0.0,False,0.0,0.0,0.0,0,False,,0,0,False,0.0,0.0,0,default,1177.0,1292.0,False,1367.0,535.0,False,1486.0,1312.0,False,excavator_base,471976092,1765332163,0.0,0.0,-16.253999710083008,False,True,True,True,0,False,True,0,excavator_base,472102025,1765332163,0,True,0.0,0.0,0.0,0,0,False,0,True,True,24.0,True,8,d,gps,499825534,1765332163,-59.627999999999986,-2.052,1.048,0,0,0.0,59.585,0.0,0.0,0.8,gps,499666061,1765332163,-59.627999999999986,36.4001187465,127.36124370183333,0,1,14,0.0,0.0,0,0,0.0,0.0,59.585,36.400118750333334,127.36124371033333,0.0,0.0,0.0,0.0,0.0,0.0,0.0,0.0,0.0,-59.66300000000001,base_link,456336120,1765332163,98.61900329589844,13.277000427246094,179.031005859375,-16.253999710083008,0.0,-2.042,1.052,0.0,zedx_cabin_imu_link,zedx_cabin_left_camera_frame,398985356,1765332163,0.9999747276306152,0.006695220712572336,-0.0017097544623538852,-0.0016760278958827257,0.0,-0.03564900532364845,-0.00014700002793688327
1765332163400000000,-71.36300659179688,excavator_base_link,598735754,1765332163,4.049737607509048,-0.3664270862214827,0.0,0.0,0.0,0.0,0.0,127,0,0.0,569416174,1765332163,0.0,4,f,0,4,f,0,4,f,0,59.585,gps,598622334,1765332163,36.400118737,127.36124367733333,0.6400000000000001,0.0,0.0,0.0,0.6400000000000001,0.0,0.0,0.0,2.5600000000000005,1,1,1,0.1,0.0,0.0,0.0,0.0,0.0,0.1,0.0,0.0,0.0,0.0,0.0,0.0,0.0,0.1,0.0,0.0,0.0,0.0,0.0,0.0,0.1,0.0,0.0,0.0,0.0,0.0,0.0,0.0,0.1,0.0,0.0,0.0,0.1,0.0,0.0,0.0,0.0,0.0,-0.0005181490955339256,-0.003825263095155277,1.1210370298804624e-05,8,d,gps,599497914,1765332163,-59.55500000000001,-2.043,1.091,0,0,-41.45499801635742,4,f,0,4,f,0,4,f,0,4,f,0,-16.145999908447266,-18.100000381469727,False,True,100.0,59.585,gps,498719818,1765332163,36.4001187465,127.36124370183333,0.6400000000000001,0.0,0.0,0.0,0.6400000000000001,0.0,0.0,0.0,2.5600000000000005,1,1,1,0.1,0.0,0.0,0.0,0.0,0.0,0.1,0.0,0.0,0.0,0.0,0.0,0.0,0.0,0.1,0.0,0.0,0.0,0.0,0.0,0.0,0.1,0.0,0.0,0.0,0.0,0.0,0.0,0.0,0.1,0.0,0.0,0.0,0.1,0.0,0.0,0.0,0.0,0.0,-0.0005177978164061535,-0.0038246302387835353,1.1210762992562182e-05,excavator_base,572179119,1765332163,True,50.0,False,73.06999969482422,-2.2899999618530273,False,False,-10.319999694824219,-2.109999895095825,False,False,-28.34000015258789,-9.859999656677246,False,excavator_base,572287867,1765332163,-16.2189998626709,False,0.0,0.0,0.0,0.0,0.0,0.0,0.0,0.0,0.0,excavator_base,572323615,1765332163,False,False,-16.2189998626709,0.0,0,False,,0,0,0.0,0.0,False,0.0,0.0,0.0,0,False,,0,0,False,0.0,0.0,0,default,1187.0,1292.0,False,1281.0,532.0,False,1485.0,1295.0,False,excavator_base,572246551,1765332163,0.0,0.0,-16.2189998626709,False,True,True,True,0,False,True,0,excavator_base,572379396,1765332163,0,True,0.0,0.0,0.0,0,0,False,0,True,True,24.0,True,8,d,gps,599996430,1765332163,-59.55500000000001,-2.043,1.091,0,0,0.0,59.585,0.0,0.0,0.8,gps,599797625,1765332163,-59.55500000000001,36.400118737,127.36124367733333,0,1,14,0.0,0.0,0,0,0.0,0.0,59.585,36.4001187465,127.36124370183333,0.0,0.0,0.0,0.0,0.0,0.0,0.0,0.0,0.0,-59.627999999999986,base_link,556325845,1765332163,97.46900177001953,13.286999702453613,179.0709991455078,-16.2189998626709,0.0,-2.052,1.048,0.0,zedx_boom_imu_link,zedx_boom_left_camera_frame,496978327,1765332163,0.999992847442627,0.003616482252255082,0.0005469119059853256,-0.0009107014629989862,0.0,-0.03564900532364845,-0.00014700002793688327
1765332163500000000,-72.10200500488281,excavator_base_link,700790943,1765332163,4.007986613461544,-0.37383724492668025,0.0,0.0,0.0,0.0,0.0,127,0,0.0,669556187,1765332163,0.0,4,f,0,4,f,0,4,f,0,59.584,gps,698815888,1765332163,36.40011873216667,127.3612436775,0.6400000000000001,0.0,0.0,0.0,0.6400000000000001,0.0,0.0,0.0,2.5600000000000005,1,1,1,0.1,0.0,0.0,0.0,0.0,0.0,0.1,0.0,0.0,0.0,0.0,0.0,0.0,0.0,0.1,0.0,0.0,0.0,0.0,0.0,0.0,0.1,0.0,0.0,0.0,0.0,0.0,0.0,0.0,0.1,0.0,0.0,0.0,0.1,0.0,0.0,0.0,0.0,0.0,-0.0005183188720748475,-0.0038251237700269607,1.0859665486877138e-05,8,d,gps,699483158,1765332163,-59.510999999999996,-2.049,1.101,0,0,-41.4109992980957,4,f,0,4,f,0,4,f,0,4,f,0,-16.101999282836914,-18.100000381469727,False,True,100.0,59.585,gps,598622334,1765332163,36.400118737,127.36124367733333,0.6400000000000001,0.0,0.0,0.0,0.6400000000000001,0.0,0.0,0.0,2.5600000000000005,1,1,1,0.1,0.0,0.0,0.0,0.0,0.0,0.1,0.0,0.0,0.0,0.0,0.0,0.0,0.0,0.1,0.0,0.0,0.0,0.0,0.0,0.0,0.1,0.0,0.0,0.0,0.0,0.0,0.0,0.0,0.1,0.0,0.0,0.0,0.1,0.0,0.0,0.0,0.0,0.0,-0.0005181490955339256,-0.003825263095155277,1.1210370298804624e-05,excavator_base,671509224,1765332163,True,50.0,False,74.41000366210938,-2.4200000762939453,False,False,-10.210000038146973,-2.1500000953674316,False,False,-27.649999618530273,-9.970000267028809,False,excavator_base,671634901,1765332163,-16.145999908447266,False,0.0,0.0,0.0,0.0,0.0,0.0,0.0,0.0,0.0,excavator_base,671678617,1765332163,False,False,-16.145999908447266,0.0,0,False,,0,0,0.0,0.0,False,0.0,0.0,0.0,0,False,,0,0,False,0.0,0.0,0,default,1159.0,1290.0,False,1489.0,532.0,False,1485.0,1321.0,False,excavator_base,671583759,1765332163,0.0,0.0,-16.145999908447266,False,True,True,True,0,False,True,0,excavator_base,671745376,1765332163,0,True,0.0,0.0,0.0,0,0,False,0,True,True,24.0,True,8,d,gps,699870527,1765332163,-59.510999999999996,-2.049,1.101,0,0,0.0,59.584,0.0,0.0,0.8,gps,699704365,1765332163,-59.510999999999996,36.40011873216667,127.3612436775,0,1,14,0.0,0.0,0,0,0.0,0.0,59.585,36.400118737,127.36124367733333,0.0,0.0,0.0,0.0,0.0,0.0,0.0,0.0,0.0,-59.55500000000001,base_link,656459937,1765332163,95.75900268554688,13.168000221252441,179.01100158691406,-16.145999908447266,0.0,-2.043,1.091,0.0,zedx_boom_imu_link,zedx_boom_left_camera_frame,598321211,1765332163,0.999992847442627,0.003616482252255082,0.0005469119059853256,-0.0009107014629989862,0.0,-0.03564900532364845,-0.00014700002793688327
1765332163600000000,-73.88599395751953,excavator_base_link,798740903,1765332163,3.9372434020516236,-0.3659253287467091,0.0,0.0,0.0,0.0,0.0,127,0,0.0,769339715,1765332163,0.0,4,f,0,4,f,0,4,f,0,59.584,gps,798791564,1765332163,36.400118734,127.361243657,0.6400000000000001,0.0,0.0,0.0,0.6400000000000001,0.0,0.0,0.0,2.5600000000000005,1,1,1,0.1,0.0,0.0,0.0,0.0,0.0,0.1,0.0,0.0,0.0,0.0,0.0,0.0,0.0,0.1,0.0,0.0,0.0,0.0,0.0,0.0,0.1,0.0,0.0,0.0,0.0,0.0,0.0,0.0,0.1,0.0,0.0,0.0,0.1,0.0,0.0,0.0,0.0,0.0,-0.0005182294300725493,-0.003825631366302668,1.0859285088191929e-05,8,d,gps,799508055,1765332163,-59.43199999999999,-2.045,0.907,0,0,-41.332000732421875,4,f,0,4,f,0,4,f,0,4,f,0,-16.023000717163086,-18.100000381469727,False,True,100.0,59.584,gps,698815888,1765332163,36.40011873216667,127.3612436775,0.6400000000000001,0.0,0.0,0.0,0.6400000000000001,0.0,0.0,0.0,2.5600000000000005,1,1,1,0.1,0.0,0.0,0.0,0.0,0.0,0.1,0.0,0.0,0.0,0.0,0.0,0.0,0.0,0.1,0.0,0.0,0.0,0.0,0.0,0.0,0.1,0.0,0.0,0.0,0.0,0.0,0.0,0.0,0.1,0.0,0.0,0.0,0.1,0.0,0.0,0.0,0.0,0.0,-0.0005183188720748475,-0.0038251237700269607,1.0859665486877138e-05,excavator_base,770969965,1765332163,True,50.0,False,76.16000366210938,-2.4700000286102295,False,False,-10.800000190734863,-2.180000066757202,False,False,-25.81999969482422,-10.220000267028809,False,excavator_base,771077081,1765332163,-16.101999282836914,False,0.0,0.0,0.0,0.0,0.0,0.0,0.0,0.0,0.0,excavator_base,771112732,1765332163,False,False,-16.101999282836914,0.0,0,False,,0,0,0.0,0.0,False,0.0,0.0,0.0,0,False,,0,0,False,0.0,0.0,0,default,1285.0,1288.0,False,1300.0,532.0,False,1481.0,1248.0,False,excavator_base,771034420,1765332163,0.0,0.0,-16.101999282836914,False,True,True,True,0,False,True,0,excavator_base,771165762,1765332163,0,True,0.0,0.0,0.0,0,0,False,0,True,True,24.0,True,8,d,gps,800744857,1765332163,-59.43199999999999,-2.045,0.907,0,0,0.0,59.584,0.0,0.0,0.8,gps,800154299,1765332163,-59.43199999999999,36.400118734,127.361243657,0,1,14,0.0,0.0,0,0,0.0,0.0,59.584,36.40011873216667,127.3612436775,0.0,0.0,0.0,0.0,0.0,0.0,0.0,0.0,0.0,-59.510999999999996,base_link,756324113,1765332163,93.8489990234375,13.763999938964844,179.55099487304688,-16.101999282836914,0.0,-2.049,1.101,0.0,zedx_cabin_imu_link,zedx_cabin_left_camera_frame,699165246,1765332163,0.9999747276306152,0.006695220712572336,-0.0017097544623538852,-0.0016760278958827257,0.0,-0.03564900532364845,-0.00014700002793688327
1765332163700000000,-75.45999908447266,excavator_base_link,898826894,1765332163,3.8707603467323746,-0.3743476595451317,0.0,0.0,0.0,0.0,0.0,127,0,0.0,869496401,1765332163,0.0,4,f,0,4,f,0,4,f,0,59.584,gps,898893717,1765332163,36.400118729,127.361243656,0.6400000000000001,0.0,0.0,0.0,0.6400000000000001,0.0,0.0,0.0,2.5600000000000005,1,1,1,0.1,0.0,0.0,0.0,0.0,0.0,0.1,0.0,0.0,0.0,0.0,0.0,0.0,0.0,0.1,0.0,0.0,0.0,0.0,0.0,0.0,0.1,0.0,0.0,0.0,0.0,0.0,0.0,0.0,0.1,0.0,0.0,0.0,0.1,0.0,0.0,0.0,0.0,0.0,-0.0005184056799968907,-0.0038255286057015158,1.0858904560171856e-05,8,d,gps,899513462,1765332163,-59.45599999999999,-2.067,1.107,0,0,-41.35599899291992,4,f,0,4,f,0,4,f,0,4,f,0,-16.047000885009766,-18.100000381469727,False,True,100.0,59.584,gps,798791564,1765332163,36.400118734,127.361243657,0.6400000000000001,0.0,0.0,0.0,0.6400000000000001,0.0,0.0,0.0,2.5600000000000005,1,1,1,0.1,0.0,0.0,0.0,0.0,0.0,0.1,0.0,0.0,0.0,0.0,0.0,0.0,0.0,0.1,0.0,0.0,0.0,0.0,0.0,0.0,0.1,0.0,0.0,0.0,0.0,0.0,0.0,0.0,0.1,0.0,0.0,0.0,0.1,0.0,0.0,0.0,0.0,0.0,-0.0005182294300725493,-0.003825631366302668,1.0859285088191929e-05,excavator_base,871357428,1765332163,True,50.0,False,78.01000213623047,-2.5299999713897705,False,False,-11.170000076293945,-2.2100000381469727,False,False,-24.25,-10.25,False,excavator_base,871472352,1765332163,-16.023000717163086,False,0.0,0.0,0.0,0.0,0.0,0.0,0.0,0.0,0.0,excavator_base,871510404,1765332163,False,False,-16.023000717163086,0.0,0,False,,0,0,0.0,0.0,False,0.0,0.0,0.0,0,False,,0,0,False,0.0,0.0,0,default,1297.0,1287.0,False,1161.0,532.0,False,1482.0,1254.0,False,excavator_base,871426523,1765332163,0.0,0.0,-16.023000717163086,False,True,True,True,0,False,True,0,excavator_base,871561738,1765332163,0,True,0.0,0.0,0.0,0,0,False,0,True,True,24.0,True,8,d,gps,900242722,1765332163,-59.45599999999999,-2.067,1.107,0,0,0.0,59.584,0.0,0.0,0.8,gps,900036461,1765332163,-59.45599999999999,36.400118729,127.361243656,0,1,14,0.0,0.0,0,0,0.0,0.0,59.584,36.400118734,127.361243657,0.0,0.0,0.0,0.0,0.0,0.0,0.0,0.0,0.0,-59.43199999999999,base_link,856351218,1765332163,91.47899627685547,14.130000114440918,179.71099853515625,-16.023000717163086,0.0,-2.045,0.907,0.0,zedx_boom_imu_link,zedx_boom_left_camera_frame,797229116,1765332163,0.999992847442627,0.003616482252255082,0.0005469119059853256,-0.0009107014629989862,0.0,-0.03564900532364845,-0.00014700002793688327
1765332163800000000,-77.39799499511719,excavator_base_link,998747556,1765332163,3.7947571089806136,-0.37420183552757497,0.0,0.0,0.0,0.0,0.0,127,0,0.0,969371427,1765332163,0.0,4,f,0,4,f,0,4,f,0,59.584,gps,999059941,1765332163,36.400118726,127.36124363,0.6400000000000001,0.0,0.0,0.0,0.6400000000000001,0.0,0.0,0.0,2.5600000000000005,1,1,1,0.1,0.0,0.0,0.0,0.0,0.0,0.1,0.0,0.0,0.0,0.0,0.0,0.0,0.0,0.1,0.0,0.0,0.0,0.0,0.0,0.0,0.1,0.0,0.0,0.0,0.0,0.0,0.0,0.0,0.1,0.0,0.0,0.0,0.1,0.0,0.0,0.0,0.0,0.0,-0.0005185041115565177,-0.0038262078882472664,1.0858523122983757e-05,8,d,gps,244673,1765332164,-59.52699999999999,-2.044,0.972,0,0,-41.426998138427734,4,f,0,4,f,0,4,f,0,4,f,0,-16.118000030517578,-18.100000381469727,False,True,100.0,59.584,gps,898893717,1765332163,36.400118729,127.361243656,0.6400000000000001,0.0,0.0,0.0,0.6400000000000001,0.0,0.0,0.0,2.5600000000000005,1,1,1,0.1,0.0,0.0,0.0,0.0,0.0,0.1,0.0,0.0,0.0,0.0,0.0,0.0,0.0,0.1,0.0,0.0,0.0,0.0,0.0,0.0,0.1,0.0,0.0,0.0,0.0,0.0,0.0,0.0,0.1,0.0,0.0,0.0,0.1,0.0,0.0,0.0,0.0,0.0,-0.0005184056799968907,-0.0038255286057015158,1.0858904560171856e-05,excavator_base,971238566,1765332163,True,50.0,False,78.9800033569336,-2.549999952316284,False,False,-11.449999809265137,-2.200000047683716,False,False,-23.229999542236328,-10.279999732971191,False,excavator_base,971342129,1765332163,-16.047000885009766,False,0.0,0.0,0.0,0.0,0.0,0.0,0.0,0.0,0.0,excavator_base,971376852,1765332163,False,False,-16.047000885009766,0.0,0,False,,0,0,0.0,0.0,False,0.0,0.0,0.0,0,False,,0,0,False,0.0,0.0,0,default,1399.0,1287.0,False,1197.0,532.0,False,1481.0,1187.0,False,excavator_base,971304973,1765332163,0.0,0.0,-16.047000885009766,False,True,True,True,0,False,True,0,excavator_base,971430202,1765332163,0,True,0.0,0.0,0.0,0,0,False,0,True,True,24.0,True,8,d,gps,2739110,1765332164,-59.52699999999999,-2.044,0.972,0,0,0.0,59.584,0.0,0.0,0.8,gps,2502701,1765332164,-59.52699999999999,36.400118726,127.36124363,0,1,14,0.0,0.0,0,0,0.0,0.0,59.584,36.400118729,127.361243656,0.0,0.0,0.0,0.0,0.0,0.0,0.0,0.0,0.0,-59.45599999999999,base_link,956403062,1765332163,89.36900329589844,14.432000160217285,179.74099731445312,-16.047000885009766,0.0,-2.067,1.107,0.0,zedx_cabin_imu_link,zedx_cabin_left_camera_frame,893583813,1765332163,0.9999747276306152,0.006695220712572336,-0.0017097544623538852,-0.0016760278958827257,0.0,-0.03564900532364845,-0.00014700002793688327
1765332163900000000,-79.80099487304688,excavator_base_link,98729600,1765332164,3.700940887950543,-0.3768314492710246,0.0,0.0,0.0,0.0,0.0,127,0,0.0,69373345,1765332164,0.0,4,f,0,4,f,0,4,f,0,59.584,gps,99364739,1765332164,36.400118719666665,127.36124362,0.6400000000000001,0.0,0.0,0.0,0.6400000000000001,0.0,0.0,0.0,2.5600000000000005,1,1,1,0.1,0.0,0.0,0.0,0.0,0.0,0.1,0.0,0.0,0.0,0.0,0.0,0.0,0.0,0.1,0.0,0.0,0.0,0.0,0.0,0.0,0.1,0.0,0.0,0.0,0.0,0.0,0.0,0.0,0.1,0.0,0.0,0.0,0.1,0.0,0.0,0.0,0.0,0.0,-0.0005187321412009788,-0.003826386482584662,1.0858141870367129e-05,8,d,gps,100107760,1765332164,-59.53,-2.057,1.045,0,0,-41.43000030517578,4,f,0,4,f,0,4,f,0,4,f,0,-16.121000289916992,-18.100000381469727,False,True,100.0,59.584,gps,999059941,1765332163,36.400118726,127.36124363,0.6400000000000001,0.0,0.0,0.0,0.6400000000000001,0.0,0.0,0.0,2.5600000000000005,1,1,1,0.1,0.0,0.0,0.0,0.0,0.0,0.1,0.0,0.0,0.0,0.0,0.0,0.0,0.0,0.1,0.0,0.0,0.0,0.0,0.0,0.0,0.1,0.0,0.0,0.0,0.0,0.0,0.0,0.0,0.1,0.0,0.0,0.0,0.1,0.0,0.0,0.0,0.0,0.0,-0.0005185041115565177,-0.0038262078882472664,1.0858523122983757e-05,excavator_base,71144698,1765332164,True,50.0,False,82.33999633789062,-2.549999952316284,False,False,-11.9399995803833,-2.200000047683716,False,False,-19.90999984741211,-10.289999961853027,False,excavator_base,71292138,1765332164,-16.118000030517578,False,0.0,0.0,0.0,0.0,0.0,0.0,0.0,0.0,0.0,excavator_base,71339823,1765332164,False,False,-16.118000030517578,0.0,0,False,,0,0,0.0,0.0,False,0.0,0.0,0.0,0,False,,0,0,False,0.0,0.0,0,default,1394.0,1285.0,False,1192.0,509.0,False,1478.0,1215.0,False,excavator_base,71233412,1765332164,0.0,0.0,-16.118000030517578,False,True,True,True,0,False,True,0,excavator_base,71412982,1765332164,0,True,0.0,0.0,0.0,0,0,False,0,True,True,24.0,True,8,d,gps,100664235,1765332164,-59.53,-2.057,1.045,0,0,0.0,59.584,0.0,0.0,0.8,gps,100420497,1765332164,-59.53,36.400118719666665,127.36124362,0,1,14,0.0,0.0,0,0,0.0,0.0,59.584,36.400118726,127.36124363,0.0,0.0,0.0,0.0,0.0,0.0,0.0,0.0,0.0,-59.52699999999999,base_link,56768218,1765332164,86.7490005493164,14.89900016784668,179.7010040283203,-16.118000030517578,0.0,-2.044,0.972,0.0,zedx_boom_imu_link,zedx_boom_left_camera_frame,996168024,1765332163,0.999992847442627,0.003616482252255082,0.0005469119059853256,-0.0009107014629989862,0.0,-0.03564900532364845,-0.00014700002793688327
1765332164000000000,-81.50799560546875,excavator_base_link,198842986,1765332164,3.6298280465088775,-0.3681668643441084,0.0,0.0,0.0,0.0,0.0,127,0,0.0,169448071,1765332164,0.0,4,f,0,4,f,0,4,f,0,59.584,gps,198837226,1765332164,36.40011872233333,127.36124361583333,0.6400000000000001,0.0,0.0,0.0,0.6400000000000001,0.0,0.0,0.0,2.5600000000000005,1,1,1,0.1,0.0,0.0,0.0,0.0,0.0,0.1,0.0,0.0,0.0,0.0,0.0,0.0,0.0,0.1,0.0,0.0,0.0,0.0,0.0,0.0,0.1,0.0,0.0,0.0,0.0,0.0,0.0,0.0,0.1,0.0,0.0,0.0,0.1,0.0,0.0,0.0,0.0,0.0,-0.0005186103952782658,-0.0038263835625383194,1.0857763590359118e-05,8,d,gps,199556085,1765332164,-59.42599999999999,-2.069,1.014,0,0,-41.32600021362305,4,f,0,4,f,0,4,f,0,4,f,0,-16.017000198364258,-18.100000381469727,False,True,100.0,59.584,gps,99364739,1765332164,36.400118719666665,127.36124362,0.6400000000000001,0.0,0.0,0.0,0.6400000000000001,0.0,0.0,0.0,2.5600000000000005,1,1,1,0.1,0.0,0.0,0.0,0.0,0.0,0.1,0.0,0.0,0.0,0.0,0.0,0.0,0.0,0.1,0.0,0.0,0.0,0.0,0.0,0.0,0.1,0.0,0.0,0.0,0.0,0.0,0.0,0.0,0.1,0.0,0.0,0.0,0.1,0.0,0.0,0.0,0.0,0.0,-0.0005187321412009788,-0.003826386482584662,1.0858141870367129e-05,excavator_base,171178076,1765332164,True,50.0,False,84.12999725341797,-2.569999933242798,False,False,-12.270000457763672,-2.2200000286102295,False,False,-19.020000457763672,-10.359999656677246,False,excavator_base,171289576,1765332164,-16.121000289916992,False,0.0,0.0,0.0,0.0,0.0,0.0,0.0,0.0,0.0,excavator_base,172271854,1765332164,False,False,-16.121000289916992,0.0,0,False,,0,0,0.0,0.0,False,0.0,0.0,0.0,0,False,,0,0,False,0.0,0.0,0,default,1421.0,1287.0,False,1168.0,509.0,False,1479.0,1222.0,False,excavator_base,171242755,1765332164,0.0,0.0,-16.121000289916992,False,True,True,True,0,False,True,0,excavator_base,172439456,1765332164,0,True,0.0,0.0,0.0,0,0,False,0,True,True,24.0,True,8,d,gps,200010917,1765332164,-59.42599999999999,-2.069,1.014,0,0,0.0,59.584,0.0,0.0,0.8,gps,199820401,1765332164,-59.42599999999999,36.40011872233333,127.36124361583333,0,1,14,0.0,0.0,0,0,0.0,0.0,59.584,36.400118719666665,127.36124362,0.0,0.0,0.0,0.0,0.0,0.0,0.0,0.0,0.0,-59.53,base_link,156332491,1765332164,84.23899841308594,15.241999626159668,179.84100341796875,-16.121000289916992,0.0,-2.057,1.045,0.0,zedx_boom_imu_link,zedx_boom_left_camera_frame,97440904,1765332164,0.999992847442627,0.003616482252255082,0.0005469119059853256,-0.0009107014629989862,0.0,-0.03564900532364845,-0.00014700002793688327
1765332164100000000,-83.7459945678711,excavator_base_link,298736253,1765332164,3.5432217136769086,-0.3631606122309987,0.0,0.0,0.0,0.0,0.0,127,0,0.0,269411841,1765332164,0.0,4,f,0,4,f,0,4,f,0,59.584,gps,298898286,1765332164,36.400118725,127.36124360966667,0.6400000000000001,0.0,0.0,0.0,0.6400000000000001,0.0,0.0,0.0,2.5600000000000005,1,1,1,0.1,0.0,0.0,0.0,0.0,0.0,0.1,0.0,0.0,0.0,0.0,0.0,0.0,0.0,0.1,0.0,0.0,0.0,0.0,0.0,0.0,0.1,0.0,0.0,0.0,0.0,0.0,0.0,0.0,0.1,0.0,0.0,0.0,0.1,0.0,0.0,0.0,0.0,0.0,-0.0005184885591676566,-0.0038264424970129475,1.0857383270503752e-05,8,d,gps,299497101,1765332164,-59.452,-2.054,1.009,0,0,-41.35200119018555,4,f,0,4,f,0,4,f,0,4,f,0,-16.042999267578125,-18.100000381469727,False,True,100.0,59.584,gps,198837226,1765332164,36.40011872233333,127.36124361583333,0.6400000000000001,0.0,0.0,0.0,0.6400000000000001,0.0,0.0,0.0,2.5600000000000005,1,1,1,0.1,0.0,0.0,0.0,0.0,0.0,0.1,0.0,0.0,0.0,0.0,0.0,0.0,0.0,0.1,0.0,0.0,0.0,0.0,0.0,0.0,0.1,0.0,0.0,0.0,0.0,0.0,0.0,0.0,0.1,0.0,0.0,0.0,0.1,0.0,0.0,0.0,0.0,0.0,-0.0005186103952782658,-0.0038263835625383194,1.0857763590359118e-05,excavator_base,270984518,1765332164,True,50.0,False,86.27999877929688,-2.4200000762939453,False,False,-12.760000228881836,-2.119999885559082,False,False,-15.9399995803833,-10.260000228881836,False,excavator_base,271084368,1765332164,-16.017000198364258,False,0.0,0.0,0.0,0.0,0.0,0.0,0.0,0.0,0.0,excavator_base,271119700,1765332164,False,False,-16.017000198364258,0.0,0,False,,0,0,0.0,0.0,False,0.0,0.0,0.0,0,False,,0,0,False,0.0,0.0,0,default,1385.0,1285.0,False,1153.0,509.0,False,1478.0,1182.0,False,excavator_base,271044172,1765332164,0.0,0.0,-16.017000198364258,False,True,True,True,0,False,True,0,excavator_base,271170201,1765332164,0,True,0.0,0.0,0.0,0,0,False,0,True,True,24.0,True,8,d,gps,299895607,1765332164,-59.452,-2.054,1.009,0,0,0.0,59.584,0.0,0.0,0.8,gps,299747111,1765332164,-59.452,36.400118725,127.36124360966667,0,1,14,0.0,0.0,0,0,0.0,0.0,59.584,36.40011872233333,127.36124361583333,0.0,0.0,0.0,0.0,0.0,0.0,0.0,0.0,0.0,-59.42599999999999,base_link,257928464,1765332164,81.85900115966797,15.744000434875488,179.76100158691406,-16.017000198364258,0.0,-2.069,1.014,0.0,zedx_cabin_imu_link,zedx_cabin_left_camera_frame,197778320,1765332164,0.9999747276306152,0.006695220712572336,-0.0017097544623538852,-0.0016760278958827257,0.0,-0.03564900532364845,-0.00014700002793688327
1765332164200000000,-85.96099853515625,excavator_base_link,398722554,1765332164,3.456795444304027,-0.360791044071059,0.0,0.0,0.0,0.0,0.0,127,0,0.0,369358138,1765332164,0.0,4,f,0,4,f,0,4,f,0,59.584,gps,398899373,1765332164,36.40011872183333,127.36124360433334,0.6400000000000001,0.0,0.0,0.0,0.6400000000000001,0.0,0.0,0.0,2.5600000000000005,1,1,1,0.1,0.0,0.0,0.0,0.0,0.0,0.1,0.0,0.0,0.0,0.0,0.0,0.0,0.0,0.1,0.0,0.0,0.0,0.0,0.0,0.0,0.1,0.0,0.0,0.0,0.0,0.0,0.0,0.0,0.1,0.0,0.0,0.0,0.1,0.0,0.0,0.0,0.0,0.0,-0.000518593504727063,-0.0038264753658061312,1.085700301445984e-05,8,d,gps,399480810,1765332164,-59.42500000000001,-2.051,1.071,0,0,-41.32500076293945,4,f,0,4,f,0,4,f,0,4,f,0,-16.016000747680664,-18.100000381469727,False,True,100.0,59.584,gps,298898286,1765332164,36.400118725,127.36124360966667,0.6400000000000001,0.0,0.0,0.0,0.6400000000000001,0.0,0.0,0.0,2.5600000000000005,1,1,1,0.1,0.0,0.0,0.0,0.0,0.0,0.1,0.0,0.0,0.0,0.0,0.0,0.0,0.0,0.1,0.0,0.0,0.0,0.0,0.0,0.0,0.1,0.0,0.0,0.0,0.0,0.0,0.0,0.0,0.1,0.0,0.0,0.0,0.1,0.0,0.0,0.0,0.0,0.0,-0.0005184885591676566,-0.0038264424970129475,1.0857383270503752e-05,excavator_base,372869577,1765332164,True,50.0,False,88.45999908447266,-2.569999933242798,False,False,-13.029999732971191,-2.140000104904175,False,False,-14.770000457763672,-10.300000190734863,False,excavator_base,373022233,1765332164,-16.042999267578125,False,0.0,0.0,0.0,0.0,0.0,0.0,0.0,0.0,0.0,excavator_base,373065438,1765332164,False,False,-16.042999267578125,0.0,0,False,,0,0,0.0,0.0,False,0.0,0.0,0.0,0,False,,0,0,False,0.0,0.0,0,default,1337.0,1283.0,False,1203.0,509.0,False,1480.0,1219.0,False,excavator_base,372968852,1765332164,0.0,0.0,-16.042999267578125,False,True,True,True,0,False,True,0,excavator_base,373135717,1765332164,0,True,0.0,0.0,0.0,0,0,False,0,True,True,24.0,True,8,d,gps,399857009,1765332164,-59.42500000000001,-2.051,1.071,0,0,0.0,59.584,0.0,0.0,0.8,gps,399707169,1765332164,-59.42500000000001,36.40011872183333,127.36124360433334,0,1,14,0.0,0.0,0,0,0.0,0.0,59.584,36.400118725,127.36124360966667,0.0,0.0,0.0,0.0,0.0,0.0,0.0,0.0,0.0,-59.452,base_link,359298878,1765332164,79.26899719238281,15.99899959564209,179.80099487304688,-16.042999267578125,0.0,-2.054,1.009,0.0,zedx_cabin_imu_link,zedx_cabin_left_camera_frame,295312086,1765332164,0.9999747276306152,0.006695220712572336,-0.0017097544623538852,-0.0016760278958827257,0.0,-0.03564900532364845,-0.00014700002793688327
1765332164300000000,-88.2040023803711,excavator_base_link,498731353,1765332164,3.376562932080186,-0.3452720284842567,0.0,0.0,0.0,0.0,0.0,127,0,0.0,469499399,1765332164,0.0,4,f,0,4,f,0,4,f,0,59.584,gps,499021304,1765332164,36.400118724,127.36124360116666,0.6400000000000001,0.0,0.0,0.0,0.6400000000000001,0.0,0.0,0.0,2.5600000000000005,1,1,1,0.1,0.0,0.0,0.0,0.0,0.0,0.1,0.0,0.0,0.0,0.0,0.0,0.0,0.0,0.1,0.0,0.0,0.0,0.0,0.0,0.0,0.1,0.0,0.0,0.0,0.0,0.0,0.0,0.0,0.1,0.0,0.0,0.0,0.1,0.0,0.0,0.0,0.0,0.0,-0.0005184910902362374,-0.0038264402477402454,1.0856622242056677e-05,8,d,gps,499667803,1765332164,-59.411,-2.049,1.02,0,0,-41.31100082397461,4,f,0,4,f,0,4,f,0,4,f,0,-16.00200080871582,-18.100000381469727,False,True,100.0,59.584,gps,398899373,1765332164,36.40011872183333,127.36124360433334,0.6400000000000001,0.0,0.0,0.0,0.6400000000000001,0.0,0.0,0.0,2.5600000000000005,1,1,1,0.1,0.0,0.0,0.0,0.0,0.0,0.1,0.0,0.0,0.0,0.0,0.0,0.0,0.0,0.1,0.0,0.0,0.0,0.0,0.0,0.0,0.1,0.0,0.0,0.0,0.0,0.0,0.0,0.0,0.1,0.0,0.0,0.0,0.1,0.0,0.0,0.0,0.0,0.0,-0.000518593504727063,-0.0038264753658061312,1.085700301445984e-05,excavator_base,472910860,1765332164,True,50.0,False,90.23999786376953,-2.509999990463257,False,False,-13.430000305175781,-2.2300000190734863,False,False,-11.5,-10.399999618530273,False,excavator_base,473024664,1765332164,-16.016000747680664,False,0.0,0.0,0.0,0.0,0.0,0.0,0.0,0.0,0.0,excavator_base,473061372,1765332164,False,False,-16.016000747680664,0.0,0,False,,0,0,0.0,0.0,False,0.0,0.0,0.0,0,False,,0,0,False,0.0,0.0,0,default,1339.0,1284.0,False,1270.0,509.0,False,1479.0,1086.0,False,excavator_base,472981203,1765332164,0.0,0.0,-16.016000747680664,False,True,True,True,0,False,True,0,excavator_base,473114913,1765332164,0,True,0.0,0.0,0.0,0,0,False,0,True,True,24.0,True,8,d,gps,500127691,1765332164,-59.411,-2.049,1.02,0,0,0.0,59.584,0.0,0.0,0.8,gps,499952537,1765332164,-59.411,36.400118724,127.36124360116666,0,1,14,0.0,0.0,0,0,0.0,0.0,59.584,36.40011872183333,127.36124360433334,0.0,0.0,0.0,0.0,0.0,0.0,0.0,0.0,0.0,-59.42500000000001,base_link,456347783,1765332164,77.04900360107422,16.395999908447266,179.49099731445312,-16.016000747680664,0.0,-2.051,1.071,0.0,zedx_boom_imu_link,zedx_boom_left_camera_frame,399476538,1765332164,0.999992847442627,0.003616482252255082,0.0005469119059853256,-0.0009107014629989862,0.0,-0.03564900532364845,-0.00014700002793688327
1765332164400000000,-89.48599243164062,excavator_base_link,598809664,1765332164,3.324738289974096,-0.32648762280820187,0.0,0.0,0.0,0.0,0.0,127,0,0.0,569334548,1765332164,0.0,4,f,0,4,f,0,4,f,0,59.584,gps,600199345,1765332164,36.40011872416667,127.36124360733334,0.6400000000000001,0.0,0.0,0.0,0.6400000000000001,0.0,0.0,0.0,2.5600000000000005,1,1,1,0.1,0.0,0.0,0.0,0.0,0.0,0.1,0.0,0.0,0.0,0.0,0.0,0.0,0.0,0.1,0.0,0.0,0.0,0.0,0.0,0.0,0.1,0.0,0.0,0.0,0.0,0.0,0.0,0.0,0.1,0.0,0.0,0.0,0.1,0.0,0.0,0.0,0.0,0.0,-0.000518466238129307,-0.003826111709322645,1.0856237522544938e-05,8,d,gps,600827091,1765332164,-59.43199999999999,-2.057,1.075,0,0,-41.332000732421875,4,f,0,4,f,0,4,f,0,4,f,0,-16.023000717163086,-18.100000381469727,False,True,100.0,59.584,gps,499021304,1765332164,36.400118724,127.36124360116666,0.6400000000000001,0.0,0.0,0.0,0.6400000000000001,0.0,0.0,0.0,2.5600000000000005,1,1,1,0.1,0.0,0.0,0.0,0.0,0.0,0.1,0.0,0.0,0.0,0.0,0.0,0.0,0.0,0.1,0.0,0.0,0.0,0.0,0.0,0.0,0.1,0.0,0.0,0.0,0.0,0.0,0.0,0.0,0.1,0.0,0.0,0.0,0.1,0.0,0.0,0.0,0.0,0.0,-0.0005184910902362374,-0.0038264402477402454,1.0856622242056677e-05,excavator_base,571139729,1765332164,True,50.0,False,91.38999938964844,-2.7100000381469727,False,False,-13.859999656677246,-2.2100000381469727,False,False,-10.220000267028809,-10.5600004196167,False,excavator_base,571236315,1765332164,-16.00200080871582,False,0.0,0.0,0.0,0.0,0.0,0.0,0.0,0.0,0.0,excavator_base,571269854,1765332164,False,False,-16.00200080871582,0.0,0,False,,0,0,0.0,0.0,False,0.0,0.0,0.0,0,False,,0,0,False,0.0,0.0,0,default,1295.0,1285.0,False,1239.0,526.0,False,1477.0,1043.0,False,excavator_base,571198775,1765332164,0.0,0.0,-16.00200080871582,False,True,True,True,0,False,True,0,excavator_base,571320292,1765332164,0,True,0.0,0.0,0.0,0,0,False,0,True,True,24.0,True,8,d,gps,601180312,1765332164,-59.43199999999999,-2.057,1.075,0,0,0.0,59.584,0.0,0.0,0.8,gps,601028904,1765332164,-59.43199999999999,36.40011872416667,127.36124360733334,0,1,14,0.0,0.0,0,0,0.0,0.0,59.584,36.400118724,127.36124360116666,0.0,0.0,0.0,0.0,0.0,0.0,0.0,0.0,0.0,-59.411,base_link,556339940,1765332164,74.85900115966797,16.823999404907227,179.14100646972656,-16.00200080871582,0.0,-2.049,1.02,0.0,zedx_cabin_imu_link,zedx_cabin_left_camera_frame,498424367,1765332164,0.9999747276306152,0.006695220712572336,-0.0017097544623538852,-0.0016760278958827257,0.0,-0.03564900532364845,-0.00014700002793688327
1765332164500000000,-91.01799774169922,excavator_base_link,698690001,1765332164,3.2718681133170113,-0.29030448237571976,0.0,0.0,0.0,0.0,0.0,127,0,0.0,669379479,1765332164,0.0,4,f,0,4,f,0,4,f,0,59.583,gps,699034709,1765332164,36.400118729666666,127.36124361016667,0.6400000000000001,0.0,0.0,0.0,0.6400000000000001,0.0,0.0,0.0,2.5600000000000005,1,1,1,0.1,0.0,0.0,0.0,0.0,0.0,0.1,0.0,0.0,0.0,0.0,0.0,0.0,0.0,0.1,0.0,0.0,0.0,0.0,0.0,0.0,0.1,0.0,0.0,0.0,0.0,0.0,0.0,0.0,0.1,0.0,0.0,0.0,0.1,0.0,0.0,0.0,0.0,0.0,-0.0005182345017119867,-0.003825890626837373,1.0505672659446146e-05,8,d,gps,699712604,1765332164,-59.346000000000004,-2.082,0.925,0,0,-41.24599838256836,4,f,0,4,f,0,4,f,0,4,f,0,-15.937000274658203,-18.100000381469727,False,True,100.0,59.584,gps,600199345,1765332164,36.40011872416667,127.36124360733334,0.6400000000000001,0.0,0.0,0.0,0.6400000000000001,0.0,0.0,0.0,2.5600000000000005,1,1,1,0.1,0.0,0.0,0.0,0.0,0.0,0.1,0.0,0.0,0.0,0.0,0.0,0.0,0.0,0.1,0.0,0.0,0.0,0.0,0.0,0.0,0.1,0.0,0.0,0.0,0.0,0.0,0.0,0.0,0.1,0.0,0.0,0.0,0.1,0.0,0.0,0.0,0.0,0.0,-0.000518466238129307,-0.003826111709322645,1.0856237522544938e-05,excavator_base,672816959,1765332164,True,50.0,False,91.66999816894531,-2.7200000286102295,False,False,-14.569999694824219,-2.3399999141693115,False,False,-9.609999656677246,-10.65999984741211,False,excavator_base,673008339,1765332164,-16.023000717163086,False,0.0,0.0,0.0,0.0,0.0,0.0,0.0,0.0,0.0,excavator_base,673071033,1765332164,False,False,-16.023000717163086,0.0,0,False,,0,0,0.0,0.0,False,0.0,0.0,0.0,0,False,,0,0,False,0.0,0.0,0,default,1652.0,1283.0,False,1177.0,526.0,False,1476.0,1008.0,False,excavator_base,672929770,1765332164,0.0,0.0,-16.023000717163086,False,True,True,True,0,False,True,0,excavator_base,673157442,1765332164,0,True,0.0,0.0,0.0,0,0,False,0,True,True,24.0,True,8,d,gps,700700452,1765332164,-59.346000000000004,-2.082,0.925,0,0,0.0,59.583,0.0,0.0,0.8,gps,700493870,1765332164,-59.346000000000004,36.400118729666666,127.36124361016667,0,1,14,0.0,0.0,0,0,0.0,0.0,59.584,36.40011872416667,127.36124360733334,0.0,0.0,0.0,0.0,0.0,0.0,0.0,0.0,0.0,-59.43199999999999,base_link,656310624,1765332164,73.55899810791016,17.54199981689453,178.81100463867188,-16.023000717163086,0.0,-2.057,1.075,0.0,zedx_cabin_imu_link,zedx_cabin_left_camera_frame,594864935,1765332164,0.9999747276306152,0.006695220712572336,-0.0017097544623538852,-0.0016760278958827257,0.0,-0.03564900532364845,-0.00014700002793688327
1765332164600000000,-93.66299438476562,excavator_base_link,798713042,1765332164,3.193184617854862,-0.2659982965824353,0.0,0.0,0.0,0.0,0.0,127,0,0.0,719544119,1765332164,0.0,4,f,0,4,f,0,4,f,0,59.584,gps,798994672,1765332164,36.400118733,127.36124361816667,0.6400000000000001,0.0,0.0,0.0,0.6400000000000001,0.0,0.0,0.0,2.5600000000000005,1,1,1,0.1,0.0,0.0,0.0,0.0,0.0,0.1,0.0,0.0,0.0,0.0,0.0,0.0,0.0,0.1,0.0,0.0,0.0,0.0,0.0,0.0,0.1,0.0,0.0,0.0,0.0,0.0,0.0,0.0,0.1,0.0,0.0,0.0,0.1,0.0,0.0,0.0,0.0,0.0,-0.0005180867941987568,-0.0038255064049265647,1.085548171190744e-05,8,d,gps,799698585,1765332164,-59.23400000000001,-2.052,0.818,0,0,-41.13399887084961,4,f,0,4,f,0,4,f,0,4,f,0,-15.824999809265137,-18.100000381469727,False,True,100.0,59.583,gps,699034709,1765332164,36.400118729666666,127.36124361016667,0.6400000000000001,0.0,0.0,0.0,0.6400000000000001,0.0,0.0,0.0,2.5600000000000005,1,1,1,0.1,0.0,0.0,0.0,0.0,0.0,0.1,0.0,0.0,0.0,0.0,0.0,0.0,0.0,0.1,0.0,0.0,0.0,0.0,0.0,0.0,0.1,0.0,0.0,0.0,0.0,0.0,0.0,0.0,0.1,0.0,0.0,0.0,0.1,0.0,0.0,0.0,0.0,0.0,-0.0005182345017119867,-0.003825890626837373,1.0505672659446146e-05,excavator_base,776144953,1765332164,True,50.0,False,93.62999725341797,-2.6500000953674316,False,False,-15.420000076293945,-2.309999942779541,False,False,-7.650000095367432,-10.890000343322754,False,excavator_base,776312810,1765332164,-15.937000274658203,False,0.0,0.0,0.0,0.0,0.0,0.0,0.0,0.0,0.0,excavator_base,776367920,1765332164,False,False,-15.937000274658203,0.0,0,False,,0,0,0.0,0.0,False,0.0,0.0,0.0,0,False,,0,0,False,0.0,0.0,0,default,1594.0,1283.0,False,1021.0,526.0,False,1476.0,1018.0,False,excavator_base,776248836,1765332164,0.0,0.0,-15.937000274658203,False,True,True,True,0,False,True,0,excavator_base,776442360,1765332164,0,True,0.0,0.0,0.0,0,0,False,0,True,True,24.0,True,8,d,gps,800190157,1765332164,-59.23400000000001,-2.052,0.818,0,0,0.0,59.584,0.0,0.0,0.8,gps,800028060,1765332164,-59.23400000000001,36.400118733,127.36124361816667,0,1,14,0.0,0.0,0,0,0.0,0.0,59.583,36.400118729666666,127.36124361016667,0.0,0.0,0.0,0.0,0.0,0.0,0.0,0.0,0.0,-59.346000000000004,base_link,757620391,1765332164,71.67900085449219,18.41699981689453,177.88099670410156,-15.937000274658203,0.0,-2.082,0.925,0.0,zedx_boom_imu_link,zedx_boom_left_camera_frame,698557447,1765332164,0.999992847442627,0.003616482252255082,0.0005469119059853256,-0.0009107014629989862,0.0,-0.03564900532364845,-0.00014700002793688327
1765332164700000000,-97.36300659179688,excavator_base_link,898695726,1765332164,3.1139224735119724,-0.26869107739148,0.0,0.0,0.0,0.0,0.0,127,0,0.0,869420312,1765332164,0.0,4,f,0,4,f,0,4,f,0,59.583,gps,901832023,1765332164,36.40011873983333,127.36124360966667,0.6400000000000001,0.0,0.0,0.0,0.6400000000000001,0.0,0.0,0.0,2.5600000000000005,1,1,1,0.1,0.0,0.0,0.0,0.0,0.0,0.1,0.0,0.0,0.0,0.0,0.0,0.0,0.0,0.1,0.0,0.0,0.0,0.0,0.0,0.0,0.1,0.0,0.0,0.0,0.0,0.0,0.0,0.0,0.1,0.0,0.0,0.0,0.1,0.0,0.0,0.0,0.0,0.0,-0.0005178025324394162,-0.003825634524429847,1.0504926465944253e-05,8,d,gps,902511422,1765332164,-59.39099999999999,-2.065,0.998,0,0,-41.29100036621094,4,f,0,4,f,0,4,f,0,4,f,0,-15.982000350952148,-18.100000381469727,False,True,100.0,59.584,gps,798994672,1765332164,36.400118733,127.36124361816667,0.6400000000000001,0.0,0.0,0.0,0.6400000000000001,0.0,0.0,0.0,2.5600000000000005,1,1,1,0.1,0.0,0.0,0.0,0.0,0.0,0.1,0.0,0.0,0.0,0.0,0.0,0.0,0.0,0.1,0.0,0.0,0.0,0.0,0.0,0.0,0.1,0.0,0.0,0.0,0.0,0.0,0.0,0.0,0.1,0.0,0.0,0.0,0.1,0.0,0.0,0.0,0.0,0.0,-0.0005180867941987568,-0.0038255064049265647,1.085548171190744e-05,excavator_base,871573561,1765332164,True,50.0,False,94.81999969482422,-2.190000057220459,False,False,-15.4399995803833,-1.9800000190734863,False,False,-3.819999933242798,-10.220000267028809,False,excavator_base,871705479,1765332164,-15.824999809265137,False,0.0,0.0,0.0,0.0,0.0,0.0,0.0,0.0,0.0,excavator_base,871750827,1765332164,False,False,-15.824999809265137,0.0,0,False,,0,0,0.0,0.0,False,0.0,0.0,0.0,0,False,,0,0,False,0.0,0.0,0,default,1470.0,1285.0,False,975.0,526.0,False,1482.0,1025.0,False,excavator_base,871654017,1765332164,0.0,0.0,-15.824999809265137,False,True,True,True,0,False,True,0,excavator_base,871815986,1765332164,0,True,0.0,0.0,0.0,0,0,False,0,True,True,24.0,True,8,d,gps,902858978,1765332164,-59.39099999999999,-2.065,0.998,0,0,0.0,59.583,0.0,0.0,0.8,gps,902719891,1765332164,-59.39099999999999,36.40011873983333,127.36124360966667,0,1,14,0.0,0.0,0,0,0.0,0.0,59.584,36.400118733,127.36124361816667,0.0,0.0,0.0,0.0,0.0,0.0,0.0,0.0,0.0,-59.23400000000001,base_link,856296507,1765332164,69.97899627685547,18.406999588012695,175.7310028076172,-15.824999809265137,0.0,-2.052,0.818,0.0,zedx_cabin_imu_link,zedx_cabin_left_camera_frame,798188696,1765332164,0.9999747276306152,0.006695220712572336,-0.0017097544623538852,-0.0016760278958827257,0.0,-0.03564900532364845,-0.00014700002793688327
1765332164800000000,-99.19999694824219,excavator_base_link,998698285,1765332164,3.090507756727267,-0.2608030461451898,0.0,0.0,0.0,0.0,0.0,127,0,0.0,969867685,1765332164,0.0,4,f,0,4,f,0,4,f,0,59.583,gps,999174719,1765332164,36.400118735,127.36124359566666,0.6400000000000001,0.0,0.0,0.0,0.6400000000000001,0.0,0.0,0.0,2.5600000000000005,1,1,1,0.1,0.0,0.0,0.0,0.0,0.0,0.1,0.0,0.0,0.0,0.0,0.0,0.0,0.0,0.1,0.0,0.0,0.0,0.0,0.0,0.0,0.1,0.0,0.0,0.0,0.0,0.0,0.0,0.0,0.1,0.0,0.0,0.0,0.1,0.0,0.0,0.0,0.0,0.0,-0.0005179727531315339,-0.0038259421982967013,1.0504568676197112e-05,8,d,gps,999784799,1765332164,-59.44,-2.036,0.967,0,0,-41.34000015258789,4,f,0,4,f,0,4,f,0,4,f,0,-16.0310001373291,-18.100000381469727,False,True,100.0,59.583,gps,901832023,1765332164,36.40011873983333,127.36124360966667,0.6400000000000001,0.0,0.0,0.0,0.6400000000000001,0.0,0.0,0.0,2.5600000000000005,1,1,1,0.1,0.0,0.0,0.0,0.0,0.0,0.1,0.0,0.0,0.0,0.0,0.0,0.0,0.0,0.1,0.0,0.0,0.0,0.0,0.0,0.0,0.1,0.0,0.0,0.0,0.0,0.0,0.0,0.0,0.1,0.0,0.0,0.0,0.1,0.0,0.0,0.0,0.0,0.0,-0.0005178025324394162,-0.003825634524429847,1.0504926465944253e-05,excavator_base,971909978,1765332164,True,50.0,False,94.54000091552734,-2.130000114440918,False,False,-15.460000038146973,-2.0199999809265137,False,False,-1.4600000381469727,-10.069999694824219,False,excavator_base,972048841,1765332164,-15.982000350952148,False,0.0,0.0,0.0,0.0,0.0,0.0,0.0,0.0,0.0,excavator_base,972097774,1765332164,False,False,-15.982000350952148,0.0,0,False,,0,0,0.0,0.0,False,0.0,0.0,0.0,0,False,,0,0,False,0.0,0.0,0,default,1855.0,1287.0,False,963.0,526.0,False,1479.0,990.0,False,excavator_base,971993283,1765332164,0.0,0.0,-15.982000350952148,False,True,True,True,0,False,True,0,excavator_base,972171062,1765332164,0,True,0.0,0.0,0.0,0,0,False,0,True,True,24.0,True,8,d,gps,282867,1765332165,-59.44,-2.036,0.967,0,0,0.0,59.583,0.0,0.0,0.8,gps,90143,1765332165,-59.44,36.400118735,127.36124359566666,0,1,14,0.0,0.0,0,0,0.0,0.0,59.583,36.40011873983333,127.36124360966667,0.0,0.0,0.0,0.0,0.0,0.0,0.0,0.0,0.0,-59.39099999999999,base_link,961535709,1765332164,69.79900360107422,18.440000534057617,173.531005859375,-15.982000350952148,0.0,-2.065,0.998,0.0,zedx_boom_imu_link,zedx_boom_left_camera_frame,898116783,1765332164,0.999992847442627,0.003616482252255082,0.0005469119059853256,-0.0009107014629989862,0.0,-0.03564900532364845,-0.00014700002793688327
1765332164900000000,-102.08899688720703,excavator_base_link,98693195,1765332165,3.030182321529177,-0.24986039454635658,0.0,0.0,0.0,0.0,0.0,127,0,0.0,69708210,1765332165,0.0,4,f,0,4,f,0,4,f,0,59.583,gps,99235107,1765332165,36.40011872633333,127.36124360916666,0.6400000000000001,0.0,0.0,0.0,0.6400000000000001,0.0,0.0,0.0,2.5600000000000005,1,1,1,0.1,0.0,0.0,0.0,0.0,0.0,0.1,0.0,0.0,0.0,0.0,0.0,0.0,0.0,0.1,0.0,0.0,0.0,0.0,0.0,0.0,0.1,0.0,0.0,0.0,0.0,0.0,0.0,0.0,0.1,0.0,0.0,0.0,0.1,0.0,0.0,0.0,0.0,0.0,-0.0005182914420663833,-0.003825385852142294,1.0504200676634115e-05,8,d,gps,99836130,1765332165,-59.446,-2.065,1.028,0,0,-41.34600067138672,4,f,0,4,f,0,4,f,0,4,f,0,-16.03700065612793,-18.100000381469727,False,True,100.0,59.583,gps,999174719,1765332164,36.400118735,127.36124359566666,0.6400000000000001,0.0,0.0,0.0,0.6400000000000001,0.0,0.0,0.0,2.5600000000000005,1,1,1,0.1,0.0,0.0,0.0,0.0,0.0,0.1,0.0,0.0,0.0,0.0,0.0,0.0,0.0,0.1,0.0,0.0,0.0,0.0,0.0,0.0,0.1,0.0,0.0,0.0,0.0,0.0,0.0,0.0,0.1,0.0,0.0,0.0,0.1,0.0,0.0,0.0,0.0,0.0,-0.0005179727531315339,-0.0038259421982967013,1.0504568676197112e-05,excavator_base,71550515,1765332165,True,50.0,False,95.4000015258789,-2.3299999237060547,False,False,-15.479999542236328,-2.049999952316284,False,False,2.369999885559082,-10.3100004196167,False,excavator_base,71685025,1765332165,-16.0310001373291,False,0.0,0.0,0.0,0.0,0.0,0.0,0.0,0.0,0.0,excavator_base,71728902,1765332165,False,False,-16.0310001373291,0.0,0,False,,0,0,0.0,0.0,False,0.0,0.0,0.0,0,False,,0,0,False,0.0,0.0,0,default,1972.0,1288.0,False,957.0,519.0,False,1482.0,1007.0,False,excavator_base,71634140,1765332165,0.0,0.0,-16.0310001373291,False,True,True,True,0,False,True,0,excavator_base,71809102,1765332165,0,True,0.0,0.0,0.0,0,0,False,0,True,True,24.0,True,8,d,gps,100207849,1765332165,-59.446,-2.065,1.028,0,0,0.0,59.583,0.0,0.0,0.8,gps,100056793,1765332165,-59.446,36.40011872633333,127.36124360916666,0,1,14,0.0,0.0,0,0,0.0,0.0,59.583,36.400118735,127.36124359566666,0.0,0.0,0.0,0.0,0.0,0.0,0.0,0.0,0.0,-59.44,base_link,59274575,1765332165,69.2490005493164,18.430999755859375,171.76100158691406,-16.0310001373291,0.0,-2.036,0.967,0.0,zedx_cabin_imu_link,zedx_cabin_left_camera_frame,998064194,1765332164,0.9999747276306152,0.006695220712572336,-0.0017097544623538852,-0.0016760278958827257,0.0,-0.03564900532364845,-0.00014700002793688327
1765332165000000000,-104.45000457763672,excavator_base_link,200628499,1765332165,2.9970890723976944,-0.23643985241874235,0.0,0.0,0.0,0.0,0.0,127,0,0.0,169473624,1765332165,0.0,4,f,0,4,f,0,4,f,0,59.583,gps,200430687,1765332165,36.40011872616667,127.36124359016667,0.6400000000000001,0.0,0.0,0.0,0.6400000000000001,0.0,0.0,0.0,2.5600000000000005,1,1,1,0.1,0.0,0.0,0.0,0.0,0.0,0.1,0.0,0.0,0.0,0.0,0.0,0.0,0.0,0.1,0.0,0.0,0.0,0.0,0.0,0.0,0.1,0.0,0.0,0.0,0.0,0.0,0.0,0.0,0.1,0.0,0.0,0.0,0.1,0.0,0.0,0.0,0.0,0.0,-0.0005182795426061787,-0.003825844565715356,1.0503828235416986e-05,8,d,gps,201216657,1765332165,-59.18700000000001,-2.087,0.974,0,0,-41.086997985839844,4,f,0,4,f,0,4,f,0,4,f,0,-15.777999877929688,-18.100000381469727,False,True,100.0,59.583,gps,99235107,1765332165,36.40011872633333,127.36124360916666,0.6400000000000001,0.0,0.0,0.0,0.6400000000000001,0.0,0.0,0.0,2.5600000000000005,1,1,1,0.1,0.0,0.0,0.0,0.0,0.0,0.1,0.0,0.0,0.0,0.0,0.0,0.0,0.0,0.1,0.0,0.0,0.0,0.0,0.0,0.0,0.1,0.0,0.0,0.0,0.0,0.0,0.0,0.0,0.1,0.0,0.0,0.0,0.1,0.0,0.0,0.0,0.0,0.0,-0.0005182914420663833,-0.003825385852142294,1.0504200676634115e-05,excavator_base,171792970,1765332165,True,50.0,False,95.33999633789062,-2.819999933242798,False,False,-15.619999885559082,-2.2899999618530273,False,False,4.760000228881836,-10.890000343322754,False,excavator_base,171894357,1765332165,-16.03700065612793,False,0.0,0.0,0.0,0.0,0.0,0.0,0.0,0.0,0.0,excavator_base,171928889,1765332165,False,False,-16.03700065612793,0.0,0,False,,0,0,0.0,0.0,False,0.0,0.0,0.0,0,False,,0,0,False,0.0,0.0,0,default,1945.0,1290.0,False,955.0,519.0,False,1485.0,1007.0,False,excavator_base,171855153,1765332165,0.0,0.0,-16.03700065612793,False,True,True,True,0,False,True,0,excavator_base,171980094,1765332165,0,True,0.0,0.0,0.0,0,0,False,0,True,True,24.0,True,8,d,gps,201669216,1765332165,-59.18700000000001,-2.087,0.974,0,0,0.0,59.583,0.0,0.0,0.8,gps,201480524,1765332165,-59.18700000000001,36.40011872616667,127.36124359016667,0,1,14,0.0,0.0,0,0,0.0,0.0,59.583,36.40011872633333,127.36124360916666,0.0,0.0,0.0,0.0,0.0,0.0,0.0,0.0,0.0,-59.446,base_link,156607222,1765332165,68.76899719238281,18.600000381469727,169.26100158691406,-16.03700065612793,0.0,-2.065,1.028,0.0,zedx_cabin_imu_link,zedx_cabin_left_camera_frame,94339545,1765332165,0.9999747276306152,0.006695220712572336,-0.0017097544623538852,-0.0016760278958827257,0.0,-0.03564900532364845,-0.00014700002793688327
1765332165100000000,-106.43800354003906,excavator_base_link,298700136,1765332165,2.9735896968207527,-0.2240546270462006,0.0,0.0,0.0,0.0,0.0,127,0,0.0,269524379,1765332165,0.0,4,f,0,4,f,0,4,f,0,59.584,gps,299209501,1765332165,36.4001187275,127.36124359983333,0.6400000000000001,0.0,0.0,0.0,0.6400000000000001,0.0,0.0,0.0,2.5600000000000005,1,1,1,0.1,0.0,0.0,0.0,0.0,0.0,0.1,0.0,0.0,0.0,0.0,0.0,0.0,0.0,0.1,0.0,0.0,0.0,0.0,0.0,0.0,0.1,0.0,0.0,0.0,0.0,0.0,0.0,0.0,0.1,0.0,0.0,0.0,0.1,0.0,0.0,0.0,0.0,0.0,-0.0005182098030780577,-0.003825409888489287,1.0853580506703887e-05,8,d,gps,299987406,1765332165,-58.971000000000004,-2.06,1.043,0,0,-40.87099838256836,4,f,0,4,f,0,4,f,0,4,f,0,-15.562000274658203,-18.100000381469727,False,True,100.0,59.583,gps,200430687,1765332165,36.40011872616667,127.36124359016667,0.6400000000000001,0.0,0.0,0.0,0.6400000000000001,0.0,0.0,0.0,2.5600000000000005,1,1,1,0.1,0.0,0.0,0.0,0.0,0.0,0.1,0.0,0.0,0.0,0.0,0.0,0.0,0.0,0.1,0.0,0.0,0.0,0.0,0.0,0.0,0.1,0.0,0.0,0.0,0.0,0.0,0.0,0.0,0.1,0.0,0.0,0.0,0.1,0.0,0.0,0.0,0.0,0.0,-0.0005182795426061787,-0.003825844565715356,1.0503828235416986e-05,excavator_base,271120194,1765332165,True,50.0,False,95.11000061035156,-2.619999885559082,False,False,-15.729999542236328,-2.3399999141693115,False,False,5.769999980926514,-10.899999618530273,False,excavator_base,271225709,1765332165,-15.777999877929688,False,0.0,0.0,0.0,0.0,0.0,0.0,0.0,0.0,0.0,excavator_base,271260881,1765332165,False,False,-15.777999877929688,0.0,0,False,,0,0,0.0,0.0,False,0.0,0.0,0.0,0,False,,0,0,False,0.0,0.0,0,default,2073.0,1288.0,False,953.0,519.0,False,1482.0,1008.0,False,excavator_base,271185993,1765332165,0.0,0.0,-15.777999877929688,False,True,True,True,0,False,True,0,excavator_base,271314071,1765332165,0,True,0.0,0.0,0.0,0,0,False,0,True,True,24.0,True,8,d,gps,300508773,1765332165,-58.971000000000004,-2.06,1.043,0,0,0.0,59.584,0.0,0.0,0.8,gps,300287694,1765332165,-58.971000000000004,36.4001187275,127.36124359983333,0,1,14,0.0,0.0,0,0,0.0,0.0,59.583,36.40011872616667,127.36124359016667,0.0,0.0,0.0,0.0,0.0,0.0,0.0,0.0,0.0,-59.18700000000001,base_link,256315157,1765332165,68.85900115966797,18.73200035095215,166.9709930419922,-15.777999877929688,0.0,-2.087,0.974,0.0,zedx_cabin_imu_link,zedx_cabin_left_camera_frame,197994947,1765332165,0.9999747276306152,0.006695220712572336,-0.0017097544623538852,-0.0016760278958827257,0.0,-0.03564900532364845,-0.00014700002793688327
1765332165200000000,-108.29499816894531,excavator_base_link,398955201,1765332165,2.952439858296908,-0.21406953606087575,0.0,0.0,0.0,0.0,0.0,127,0,0.0,369847867,1765332165,0.0,4,f,0,4,f,0,4,f,0,59.584,gps,400063701,1765332165,36.4001187485,127.36124358533333,0.6400000000000001,0.0,0.0,0.0,0.6400000000000001,0.0,0.0,0.0,2.5600000000000005,1,1,1,0.1,0.0,0.0,0.0,0.0,0.0,0.1,0.0,0.0,0.0,0.0,0.0,0.0,0.0,0.1,0.0,0.0,0.0,0.0,0.0,0.0,0.1,0.0,0.0,0.0,0.0,0.0,0.0,0.0,0.1,0.0,0.0,0.0,0.1,0.0,0.0,0.0,0.0,0.0,-0.0005173754094217824,-0.0038257283226688474,1.0853197155074946e-05,8,d,gps,400799458,1765332165,-59.221000000000004,-2.061,1.009,0,0,-41.92100143432617,4,f,0,4,f,0,4,f,0,4,f,0,-15.812000274658203,-17.299999237060547,False,True,100.0,59.584,gps,299209501,1765332165,36.4001187275,127.36124359983333,0.6400000000000001,0.0,0.0,0.0,0.6400000000000001,0.0,0.0,0.0,2.5600000000000005,1,1,1,0.1,0.0,0.0,0.0,0.0,0.0,0.1,0.0,0.0,0.0,0.0,0.0,0.0,0.0,0.1,0.0,0.0,0.0,0.0,0.0,0.0,0.1,0.0,0.0,0.0,0.0,0.0,0.0,0.0,0.1,0.0,0.0,0.0,0.1,0.0,0.0,0.0,0.0,0.0,-0.0005182098030780577,-0.003825409888489287,1.0853580506703887e-05,excavator_base,371140099,1765332165,True,50.0,False,94.86000061035156,-2.299999952316284,False,False,-15.789999961853027,-2.0999999046325684,False,False,7.760000228881836,-10.40999984741211,False,excavator_base,371261807,1765332165,-15.562000274658203,False,0.0,0.0,0.0,0.0,0.0,0.0,0.0,0.0,0.0,excavator_base,371300883,1765332165,False,False,-15.562000274658203,0.0,0,False,,0,0,0.0,0.0,False,0.0,0.0,0.0,0,False,,0,0,False,0.0,0.0,0,default,2179.0,1292.0,False,953.0,519.0,False,1485.0,1011.0,False,excavator_base,371214986,1765332165,0.0,0.0,-15.562000274658203,False,True,True,True,0,False,True,0,excavator_base,371386492,1765332165,0,True,0.0,0.0,0.0,0,0,False,0,True,True,24.0,True,8,d,gps,401264786,1765332165,-59.221000000000004,-2.061,1.009,0,0,0.0,59.584,0.0,0.0,0.8,gps,401034586,1765332165,-59.221000000000004,36.4001187485,127.36124358533333,0,1,14,0.0,0.0,0,0,0.0,0.0,59.584,36.4001187275,127.36124359983333,0.0,0.0,0.0,0.0,0.0,0.0,0.0,0.0,0.0,-58.971000000000004,base_link,356351735,1765332165,68.91899871826172,18.764999389648438,164.86099243164062,-15.562000274658203,0.0,-2.06,1.043,0.0,zedx_cabin_imu_link,zedx_cabin_left_camera_frame,290653462,1765332165,0.9999747276306152,0.006695220712572336,-0.0017097544623538852,-0.0016760278958827257,0.0,-0.03564900532364845,-0.00014700002793688327
1765332165300000000,-110.99400329589844,excavator_base_link,498703172,1765332165,2.90478456347755,-0.20044824581112175,0.0,0.0,0.0,0.0,0.0,127,0,0.0,470484476,1765332165,0.0,4,f,0,4,f,0,4,f,0,59.584,gps,499281537,1765332165,36.4001187565,127.3612435775,0.6400000000000001,0.0,0.0,0.0,0.6400000000000001,0.0,0.0,0.0,2.5600000000000005,1,1,1,0.1,0.0,0.0,0.0,0.0,0.0,0.1,0.0,0.0,0.0,0.0,0.0,0.0,0.0,0.1,0.0,0.0,0.0,0.0,0.0,0.0,0.1,0.0,0.0,0.0,0.0,0.0,0.0,0.0,0.1,0.0,0.0,0.0,0.1,0.0,0.0,0.0,0.0,0.0,-0.0005170465763738634,-0.003825840586917283,1.0852820563818183e-05,8,d,gps,499868222,1765332165,-59.293000000000006,-2.054,1.013,0,0,-41.69300079345703,4,f,0,4,f,0,4,f,0,4,f,0,-15.883999824523926,-17.600000381469727,False,True,100.0,59.584,gps,400063701,1765332165,36.4001187485,127.36124358533333,0.6400000000000001,0.0,0.0,0.0,0.6400000000000001,0.0,0.0,0.0,2.5600000000000005,1,1,1,0.1,0.0,0.0,0.0,0.0,0.0,0.1,0.0,0.0,0.0,0.0,0.0,0.0,0.0,0.1,0.0,0.0,0.0,0.0,0.0,0.0,0.1,0.0,0.0,0.0,0.0,0.0,0.0,0.0,0.1,0.0,0.0,0.0,0.1,0.0,0.0,0.0,0.0,0.0,-0.0005173754094217824,-0.0038257283226688474,1.0853197155074946e-05,excavator_base,471234507,1765332165,True,50.0,False,95.31999969482422,-2.3499999046325684,False,False,-15.890000343322754,-2.0999999046325684,False,False,11.300000190734863,-10.430000305175781,False,excavator_base,471386139,1765332165,-15.812000274658203,False,0.0,0.0,0.0,0.0,0.0,0.0,0.0,0.0,0.0,excavator_base,471433663,1765332165,False,False,-15.812000274658203,0.0,0,False,,0,0,0.0,0.0,False,0.0,0.0,0.0,0,False,,0,0,False,0.0,0.0,0,default,2211.0,1294.0,False,953.0,519.0,False,1489.0,1037.0,False,excavator_base,471296625,1765332165,0.0,0.0,-15.812000274658203,False,True,True,True,0,False,True,0,excavator_base,471492582,1765332165,0,True,0.0,0.0,0.0,0,0,False,0,True,True,24.0,True,8,d,gps,500290475,1765332165,-59.293000000000006,-2.054,1.013,0,0,0.0,59.584,0.0,0.0,0.8,gps,500144667,1765332165,-59.293000000000006,36.4001187565,127.3612435775,0,1,14,0.0,0.0,0,0,0.0,0.0,59.584,36.4001187485,127.36124358533333,0.0,0.0,0.0,0.0,0.0,0.0,0.0,0.0,0.0,-59.221000000000004,base_link,456344309,1765332165,68.9990005493164,18.865999221801758,162.4510040283203,-15.812000274658203,0.0,-2.061,1.009,0.0,zedx_cabin_imu_link,zedx_cabin_left_camera_frame,397857427,1765332165,0.9999747276306152,0.006695220712572336,-0.0017097544623538852,-0.0016760278958827257,0.0,-0.03564900532364845,-0.00014700002793688327
1765332165400000000,-112.70099639892578,excavator_base_link,598791148,1765332165,2.8818486497773494,-0.19313139591940295,0.0,0.0,0.0,0.0,0.0,127,0,0.0,569342691,1765332165,0.0,4,f,0,4,f,0,4,f,0,59.584,gps,599158994,1765332165,36.40011875016667,127.3612435765,0.6400000000000001,0.0,0.0,0.0,0.6400000000000001,0.0,0.0,0.0,2.5600000000000005,1,1,1,0.1,0.0,0.0,0.0,0.0,0.0,0.1,0.0,0.0,0.0,0.0,0.0,0.0,0.0,0.1,0.0,0.0,0.0,0.0,0.0,0.0,0.1,0.0,0.0,0.0,0.0,0.0,0.0,0.0,0.1,0.0,0.0,0.0,0.1,0.0,0.0,0.0,0.0,0.0,-0.0005172745914974879,-0.003825738008271824,1.0852440851938002e-05,8,d,gps,599893407,1765332165,-59.10300000000001,-2.064,1.069,0,0,-41.50299835205078,4,f,0,4,f,0,4,f,0,4,f,0,-15.694000244140625,-17.600000381469727,False,True,100.0,59.584,gps,499281537,1765332165,36.4001187565,127.3612435775,0.6400000000000001,0.0,0.0,0.0,0.6400000000000001,0.0,0.0,0.0,2.5600000000000005,1,1,1,0.1,0.0,0.0,0.0,0.0,0.0,0.1,0.0,0.0,0.0,0.0,0.0,0.0,0.0,0.1,0.0,0.0,0.0,0.0,0.0,0.0,0.1,0.0,0.0,0.0,0.0,0.0,0.0,0.0,0.1,0.0,0.0,0.0,0.1,0.0,0.0,0.0,0.0,0.0,-0.0005170465763738634,-0.003825840586917283,1.0852820563818183e-05,excavator_base,571924721,1765332165,True,50.0,False,95.33999633789062,-2.569999933242798,False,False,-15.819999694824219,-2.2300000190734863,False,False,13.0,-10.699999809265137,False,excavator_base,572029596,1765332165,-15.883999824523926,False,0.0,0.0,0.0,0.0,0.0,0.0,0.0,0.0,0.0,excavator_base,572064992,1765332165,False,False,-15.883999824523926,0.0,0,False,,0,0,0.0,0.0,False,0.0,0.0,0.0,0,False,,0,0,False,0.0,0.0,0,default,2151.0,1294.0,False,954.0,501.0,False,1487.0,995.0,False,excavator_base,571989752,1765332165,0.0,0.0,-15.883999824523926,False,True,True,True,0,False,True,0,excavator_base,572119621,1765332165,0,True,0.0,0.0,0.0,0,0,False,0,True,True,24.0,True,8,d,gps,600374674,1765332165,-59.10300000000001,-2.064,1.069,0,0,0.0,59.584,0.0,0.0,0.8,gps,600172444,1765332165,-59.10300000000001,36.40011875016667,127.3612435765,0,1,14,0.0,0.0,0,0,0.0,0.0,59.584,36.4001187565,127.3612435775,0.0,0.0,0.0,0.0,0.0,0.0,0.0,0.0,0.0,-59.293000000000006,base_link,561649758,1765332165,68.46900177001953,18.788999557495117,160.81100463867188,-15.883999824523926,0.0,-2.054,1.013,0.0,zedx_cabin_imu_link,zedx_cabin_left_camera_frame,499288490,1765332165,0.9999747276306152,0.006695220712572336,-0.0017097544623538852,-0.0016760278958827257,0.0,-0.03564900532364845,-0.00014700002793688327
1765332165500000000,-115.07099151611328,excavator_base_link,698755942,1765332165,2.856906126628801,-0.1811112774659664,0.0,0.0,0.0,0.0,0.0,127,0,0.0,669333088,1765332165,0.0,4,f,0,4,f,0,4,f,0,59.584,gps,699279997,1765332165,36.40011875983333,127.36124356866667,0.6400000000000001,0.0,0.0,0.0,0.6400000000000001,0.0,0.0,0.0,2.5600000000000005,1,1,1,0.1,0.0,0.0,0.0,0.0,0.0,0.1,0.0,0.0,0.0,0.0,0.0,0.0,0.0,0.1,0.0,0.0,0.0,0.0,0.0,0.0,0.1,0.0,0.0,0.0,0.0,0.0,0.0,0.0,0.1,0.0,0.0,0.0,0.1,0.0,0.0,0.0,0.0,0.0,-0.0005168808469652027,-0.003825848964155956,1.0852060624089764e-05,8,d,gps,699895550,1765332165,-59.11099999999999,-2.07,1.049,0,0,-41.5109977722168,4,f,0,4,f,0,4,f,0,4,f,0,-15.70199966430664,-17.600000381469727,False,True,100.0,59.584,gps,599158994,1765332165,36.40011875016667,127.3612435765,0.6400000000000001,0.0,0.0,0.0,0.6400000000000001,0.0,0.0,0.0,2.5600000000000005,1,1,1,0.1,0.0,0.0,0.0,0.0,0.0,0.1,0.0,0.0,0.0,0.0,0.0,0.0,0.0,0.1,0.0,0.0,0.0,0.0,0.0,0.0,0.1,0.0,0.0,0.0,0.0,0.0,0.0,0.0,0.1,0.0,0.0,0.0,0.1,0.0,0.0,0.0,0.0,0.0,-0.0005172745914974879,-0.003825738008271824,1.0852440851938002e-05,excavator_base,671357908,1765332165,True,50.0,False,95.16999816894531,-2.569999933242798,False,False,-15.760000228881836,-2.259999990463257,False,False,14.210000038146973,-10.720000267028809,False,excavator_base,671474176,1765332165,-15.694000244140625,False,0.0,0.0,0.0,0.0,0.0,0.0,0.0,0.0,0.0,excavator_base,671511236,1765332165,False,False,-15.694000244140625,0.0,0,False,,0,0,0.0,0.0,False,0.0,0.0,0.0,0,False,,0,0,False,0.0,0.0,0,default,2350.0,1295.0,False,952.0,501.0,False,1490.0,1024.0,False,excavator_base,671430876,1765332165,0.0,0.0,-15.694000244140625,False,True,True,True,0,False,True,0,excavator_base,671564906,1765332165,0,True,0.0,0.0,0.0,0,0,False,0,True,True,24.0,True,8,d,gps,700258116,1765332165,-59.11099999999999,-2.07,1.049,0,0,0.0,59.584,0.0,0.0,0.8,gps,700114421,1765332165,-59.11099999999999,36.40011875983333,127.36124356866667,0,1,14,0.0,0.0,0,0,0.0,0.0,59.584,36.40011875016667,127.3612435765,0.0,0.0,0.0,0.0,0.0,0.0,0.0,0.0,0.0,-59.10300000000001,base_link,656286635,1765332165,68.86900329589844,18.73900032043457,158.49099731445312,-15.694000244140625,0.0,-2.064,1.069,0.0,zedx_boom_imu_link,zedx_boom_left_camera_frame,599119605,1765332165,0.999992847442627,0.003616482252255082,0.0005469119059853256,-0.0009107014629989862,0.0,-0.03564900532364845,-0.00014700002793688327
1765332165600000000,-117.31500244140625,excavator_base_link,805056280,1765332165,2.8306266473347512,-0.1666364089961703,0.0,0.0,0.0,0.0,0.0,127,0,0.0,769406982,1765332165,0.0,4,f,0,4,f,0,4,f,0,59.584,gps,802382144,1765332165,36.40011876483333,127.36124356833334,0.6400000000000001,0.0,0.0,0.0,0.6400000000000001,0.0,0.0,0.0,2.5600000000000005,1,1,1,0.1,0.0,0.0,0.0,0.0,0.0,0.1,0.0,0.0,0.0,0.0,0.0,0.0,0.0,0.1,0.0,0.0,0.0,0.0,0.0,0.0,0.1,0.0,0.0,0.0,0.0,0.0,0.0,0.0,0.1,0.0,0.0,0.0,0.1,0.0,0.0,0.0,0.0,0.0,-0.00051666788754237,-0.0038257211255362123,1.0851668439005322e-05,8,d,gps,803150224,1765332165,-59.221000000000004,-2.07,1.055,0,0,-41.62099838256836,4,f,0,4,f,0,4,f,0,4,f,0,-15.812000274658203,-17.600000381469727,False,True,100.0,59.584,gps,699279997,1765332165,36.40011875983333,127.36124356866667,0.6400000000000001,0.0,0.0,0.0,0.6400000000000001,0.0,0.0,0.0,2.5600000000000005,1,1,1,0.1,0.0,0.0,0.0,0.0,0.0,0.1,0.0,0.0,0.0,0.0,0.0,0.0,0.0,0.1,0.0,0.0,0.0,0.0,0.0,0.0,0.1,0.0,0.0,0.0,0.0,0.0,0.0,0.0,0.1,0.0,0.0,0.0,0.1,0.0,0.0,0.0,0.0,0.0,-0.0005168808469652027,-0.003825848964155956,1.0852060624089764e-05,excavator_base,770996780,1765332165,True,50.0,False,94.9800033569336,-2.5199999809265137,False,False,-15.760000228881836,-2.240000009536743,False,False,16.549999237060547,-10.720000267028809,False,excavator_base,771099895,1765332165,-15.70199966430664,False,0.0,0.0,0.0,0.0,0.0,0.0,0.0,0.0,0.0,excavator_base,771136987,1765332165,False,False,-15.70199966430664,0.0,0,False,,0,0,0.0,0.0,False,0.0,0.0,0.0,0,False,,0,0,False,0.0,0.0,0,default,2289.0,1297.0,False,955.0,501.0,False,1492.0,1020.0,False,excavator_base,771060883,1765332165,0.0,0.0,-15.70199966430664,False,True,True,True,0,False,True,0,excavator_base,771189153,1765332165,0,True,0.0,0.0,0.0,0,0,False,0,True,True,24.0,True,8,d,gps,804230945,1765332165,-59.221000000000004,-2.07,1.055,0,0,0.0,59.584,0.0,0.0,0.8,gps,803378472,1765332165,-59.221000000000004,36.40011876483333,127.36124356833334,0,1,14,0.0,0.0,0,0,0.0,0.0,59.584,36.40011875983333,127.36124356866667,0.0,0.0,0.0,0.0,0.0,0.0,0.0,0.0,0.0,-59.11099999999999,base_link,756342127,1765332165,68.9990005493164,18.7450008392334,156.02099609375,-15.70199966430664,0.0,-2.07,1.049,0.0,zedx_cabin_imu_link,zedx_cabin_left_camera_frame,696325083,1765332165,0.9999747276306152,0.006695220712572336,-0.0017097544623538852,-0.0016760278958827257,0.0,-0.03564900532364845,-0.00014700002793688327
1765332165700000000,-119.62500762939453,excavator_base_link,898705374,1765332165,2.8015456291075447,-0.150296463229913,0.0,0.0,0.0,0.0,0.0,127,0,0.0,869375041,1765332165,0.0,4,f,0,4,f,0,4,f,0,59.584,gps,899632735,1765332165,36.400118774,127.36124356366666,0.6400000000000001,0.0,0.0,0.0,0.6400000000000001,0.0,0.0,0.0,2.5600000000000005,1,1,1,0.1,0.0,0.0,0.0,0.0,0.0,0.1,0.0,0.0,0.0,0.0,0.0,0.0,0.0,0.1,0.0,0.0,0.0,0.0,0.0,0.0,0.1,0.0,0.0,0.0,0.0,0.0,0.0,0.0,0.1,0.0,0.0,0.0,0.1,0.0,0.0,0.0,0.0,0.0,-0.0005162941514839586,-0.003825736983449375,1.0851299448663074e-05,8,d,gps,900321159,1765332165,-59.27699999999999,-2.061,1.042,0,0,-41.676998138427734,4,f,0,4,f,0,4,f,0,4,f,0,-15.868000030517578,-17.600000381469727,False,True,100.0,59.584,gps,802382144,1765332165,36.40011876483333,127.36124356833334,0.6400000000000001,0.0,0.0,0.0,0.6400000000000001,0.0,0.0,0.0,2.5600000000000005,1,1,1,0.1,0.0,0.0,0.0,0.0,0.0,0.1,0.0,0.0,0.0,0.0,0.0,0.0,0.0,0.1,0.0,0.0,0.0,0.0,0.0,0.0,0.1,0.0,0.0,0.0,0.0,0.0,0.0,0.0,0.1,0.0,0.0,0.0,0.1,0.0,0.0,0.0,0.0,0.0,-0.00051666788754237,-0.0038257211255362123,1.0851668439005322e-05,excavator_base,871516129,1765332165,True,50.0,False,94.95999908447266,-2.450000047683716,False,False,-15.760000228881836,-2.2200000286102295,False,False,19.940000534057617,-10.600000381469727,False,excavator_base,871636430,1765332165,-15.812000274658203,False,0.0,0.0,0.0,0.0,0.0,0.0,0.0,0.0,0.0,excavator_base,871674354,1765332165,False,False,-15.812000274658203,0.0,0,False,,0,0,0.0,0.0,False,0.0,0.0,0.0,0,False,,0,0,False,0.0,0.0,0,default,2249.0,1297.0,False,952.0,501.0,False,1492.0,1009.0,False,excavator_base,871590761,1765332165,0.0,0.0,-15.812000274658203,False,True,True,True,0,False,True,0,excavator_base,871738168,1765332165,0,True,0.0,0.0,0.0,0,0,False,0,True,True,24.0,True,8,d,gps,900730577,1765332165,-59.27699999999999,-2.061,1.042,0,0,0.0,59.584,0.0,0.0,0.8,gps,900564352,1765332165,-59.27699999999999,36.400118774,127.36124356366666,0,1,14,0.0,0.0,0,0,0.0,0.0,59.584,36.40011876483333,127.36124356833334,0.0,0.0,0.0,0.0,0.0,0.0,0.0,0.0,0.0,-59.221000000000004,base_link,856752984,1765332165,69.05899810791016,18.7450008392334,153.74099731445312,-15.812000274658203,0.0,-2.07,1.055,0.0,zedx_boom_imu_link,zedx_boom_left_camera_frame,795685601,1765332165,0.999992847442627,0.003616482252255082,0.0005469119059853256,-0.0009107014629989862,0.0,-0.03564900532364845,-0.00014700002793688327
1765332165800000000,-121.91399383544922,excavator_base_link,998715965,1765332165,2.7680172246056753,-0.1334943826239904,0.0,0.0,0.0,0.0,0.0,127,0,0.0,969395265,1765332165,0.0,4,f,0,4,f,0,4,f,0,59.584,gps,1293419,1765332166,36.400118780166665,127.361243559,0.6400000000000001,0.0,0.0,0.0,0.6400000000000001,0.0,0.0,0.0,2.5600000000000005,1,1,1,0.1,0.0,0.0,0.0,0.0,0.0,0.1,0.0,0.0,0.0,0.0,0.0,0.0,0.0,0.1,0.0,0.0,0.0,0.0,0.0,0.0,0.1,0.0,0.0,0.0,0.0,0.0,0.0,0.0,0.1,0.0,0.0,0.0,0.1,0.0,0.0,0.0,0.0,0.0,-0.0005160361597932127,-0.0038257466036366134,1.0850912795337176e-05,8,d,gps,2761860,1765332166,-59.32599999999999,-2.06,1.043,0,0,-41.72599792480469,4,f,0,4,f,0,4,f,0,4,f,0,-15.916999816894531,-17.600000381469727,False,True,100.0,59.584,gps,899632735,1765332165,36.400118774,127.36124356366666,0.6400000000000001,0.0,0.0,0.0,0.6400000000000001,0.0,0.0,0.0,2.5600000000000005,1,1,1,0.1,0.0,0.0,0.0,0.0,0.0,0.1,0.0,0.0,0.0,0.0,0.0,0.0,0.0,0.1,0.0,0.0,0.0,0.0,0.0,0.0,0.1,0.0,0.0,0.0,0.0,0.0,0.0,0.0,0.1,0.0,0.0,0.0,0.1,0.0,0.0,0.0,0.0,0.0,-0.0005162941514839586,-0.003825736983449375,1.0851299448663074e-05,excavator_base,970877916,1765332165,True,50.0,False,95.16999816894531,-2.440000057220459,False,False,-15.779999732971191,-2.200000047683716,False,False,21.110000610351562,-10.609999656677246,False,excavator_base,970976519,1765332165,-15.868000030517578,False,0.0,0.0,0.0,0.0,0.0,0.0,0.0,0.0,0.0,excavator_base,971010506,1765332165,False,False,-15.868000030517578,0.0,0,False,,0,0,0.0,0.0,False,0.0,0.0,0.0,0,False,,0,0,False,0.0,0.0,0,default,2189.0,1298.0,False,954.0,501.0,False,1492.0,1014.0,False,excavator_base,970939811,1765332165,0.0,0.0,-15.868000030517578,False,True,True,True,0,False,True,0,excavator_base,971062192,1765332165,0,True,0.0,0.0,0.0,0,0,False,0,True,True,24.0,True,8,d,gps,3292348,1765332166,-59.32599999999999,-2.06,1.043,0,0,0.0,59.584,0.0,0.0,0.8,gps,3107240,1765332166,-59.32599999999999,36.400118780166665,127.361243559,0,1,14,0.0,0.0,0,0,0.0,0.0,59.584,36.400118774,127.36124356366666,0.0,0.0,0.0,0.0,0.0,0.0,0.0,0.0,0.0,-59.27699999999999,base_link,956332779,1765332165,68.95899963378906,18.756000518798828,151.4810028076172,-15.868000030517578,0.0,-2.061,1.042,0.0,zedx_boom_imu_link,zedx_boom_left_camera_frame,897730434,1765332165,0.999992847442627,0.003616482252255082,0.0005469119059853256,-0.0009107014629989862,0.0,-0.03564900532364845,-0.00014700002793688327
1765332165900000000,-123.86499786376953,excavator_base_link,98743518,1765332166,2.7411134541752307,-0.11845274332112127,0.0,0.0,0.0,0.0,0.0,127,0,0.0,69986653,1765332166,0.0,4,f,0,4,f,0,4,f,0,59.584,gps,99499821,1765332166,36.400118789666664,127.36124355033333,0.6400000000000001,0.0,0.0,0.0,0.6400000000000001,0.0,0.0,0.0,2.5600000000000005,1,1,1,0.1,0.0,0.0,0.0,0.0,0.0,0.1,0.0,0.0,0.0,0.0,0.0,0.0,0.0,0.1,0.0,0.0,0.0,0.0,0.0,0.0,0.1,0.0,0.0,0.0,0.0,0.0,0.0,0.0,0.1,0.0,0.0,0.0,0.1,0.0,0.0,0.0,0.0,0.0,-0.0005156493495471703,-0.0038258862760804126,1.08505402543613e-05,8,d,gps,100219800,1765332166,-59.31299999999999,-2.056,1.053,0,0,-41.7130012512207,4,f,0,4,f,0,4,f,0,4,f,0,-15.904000282287598,-17.600000381469727,False,True,100.0,59.584,gps,1293419,1765332166,36.400118780166665,127.361243559,0.6400000000000001,0.0,0.0,0.0,0.6400000000000001,0.0,0.0,0.0,2.5600000000000005,1,1,1,0.1,0.0,0.0,0.0,0.0,0.0,0.1,0.0,0.0,0.0,0.0,0.0,0.0,0.0,0.1,0.0,0.0,0.0,0.0,0.0,0.0,0.1,0.0,0.0,0.0,0.0,0.0,0.0,0.0,0.1,0.0,0.0,0.0,0.1,0.0,0.0,0.0,0.0,0.0,-0.0005160361597932127,-0.0038257466036366134,1.0850912795337176e-05,excavator_base,70933856,1765332166,True,50.0,False,95.30999755859375,-2.4100000858306885,False,False,-15.760000228881836,-2.200000047683716,False,False,23.34000015258789,-10.609999656677246,False,excavator_base,71047468,1765332166,-15.916999816894531,False,0.0,0.0,0.0,0.0,0.0,0.0,0.0,0.0,0.0,excavator_base,71087569,1765332166,False,False,-15.916999816894531,0.0,0,False,,0,0,0.0,0.0,False,0.0,0.0,0.0,0,False,,0,0,False,0.0,0.0,0,default,2153.0,1302.0,False,954.0,518.0,False,1492.0,1012.0,False,excavator_base,71002792,1765332166,0.0,0.0,-15.916999816894531,False,True,True,True,0,False,True,0,excavator_base,71147639,1765332166,0,True,0.0,0.0,0.0,0,0,False,0,True,True,24.0,True,8,d,gps,100681129,1765332166,-59.31299999999999,-2.056,1.053,0,0,0.0,59.584,0.0,0.0,0.8,gps,100502774,1765332166,-59.31299999999999,36.400118789666664,127.36124355033333,0,1,14,0.0,0.0,0,0,0.0,0.0,59.584,36.400118780166665,127.361243559,0.0,0.0,0.0,0.0,0.0,0.0,0.0,0.0,0.0,-59.32599999999999,base_link,56300389,1765332166,68.6989974975586,18.735000610351562,149.531005859375,-15.916999816894531,0.0,-2.06,1.043,0.0,zedx_cabin_imu_link,zedx_cabin_left_camera_frame,998331737,1765332165,0.9999747276306152,0.006695220712572336,-0.0017097544623538852,-0.0016760278958827257,0.0,-0.03564900532364845,-0.00014700002793688327
1765332166000000000,-126.30899047851562,excavator_base_link,198983573,1765332166,2.7092199719812773,-0.09933344234135837,0.0,0.0,0.0,0.0,0.0,127,0,0.0,169437730,1765332166,0.0,4,f,0,4,f,0,4,f,0,59.584,gps,199548624,1765332166,36.400118801,127.361243552,0.6400000000000001,0.0,0.0,0.0,0.6400000000000001,0.0,0.0,0.0,2.5600000000000005,1,1,1,0.1,0.0,0.0,0.0,0.0,0.0,0.1,0.0,0.0,0.0,0.0,0.0,0.0,0.0,0.1,0.0,0.0,0.0,0.0,0.0,0.0,0.1,0.0,0.0,0.0,0.0,0.0,0.0,0.0,0.1,0.0,0.0,0.0,0.1,0.0,0.0,0.0,0.0,0.0,-0.0005151909982027594,-0.003825700273372002,1.0850160547198672e-05,8,d,gps,200224311,1765332166,-59.281000000000006,-2.064,1.048,0,0,-41.680999755859375,4,f,0,4,f,0,4,f,0,4,f,0,-15.871999740600586,-17.600000381469727,False,True,100.0,59.584,gps,99499821,1765332166,36.400118789666664,127.36124355033333,0.6400000000000001,0.0,0.0,0.0,0.6400000000000001,0.0,0.0,0.0,2.5600000000000005,1,1,1,0.1,0.0,0.0,0.0,0.0,0.0,0.1,0.0,0.0,0.0,0.0,0.0,0.0,0.0,0.1,0.0,0.0,0.0,0.0,0.0,0.0,0.1,0.0,0.0,0.0,0.0,0.0,0.0,0.0,0.1,0.0,0.0,0.0,0.1,0.0,0.0,0.0,0.0,0.0,-0.0005156493495471703,-0.0038258862760804126,1.08505402543613e-05,excavator_base,171324872,1765332166,True,50.0,False,95.44999694824219,-2.450000047683716,False,False,-15.739999771118164,-2.2100000381469727,False,False,26.610000610351562,-10.640000343322754,False,excavator_base,171424498,1765332166,-15.904000282287598,False,0.0,0.0,0.0,0.0,0.0,0.0,0.0,0.0,0.0,excavator_base,171459830,1765332166,False,False,-15.904000282287598,0.0,0,False,,0,0,0.0,0.0,False,0.0,0.0,0.0,0,False,,0,0,False,0.0,0.0,0,default,2283.0,1304.0,False,955.0,518.0,False,1495.0,1027.0,False,excavator_base,171385390,1765332166,0.0,0.0,-15.904000282287598,False,True,True,True,0,False,True,0,excavator_base,171510427,1765332166,0,True,0.0,0.0,0.0,0,0,False,0,True,True,24.0,True,8,d,gps,200617152,1765332166,-59.281000000000006,-2.064,1.048,0,0,0.0,59.584,0.0,0.0,0.8,gps,200465744,1765332166,-59.281000000000006,36.400118801,127.361243552,0,1,14,0.0,0.0,0,0,0.0,0.0,59.584,36.400118789666664,127.36124355033333,0.0,0.0,0.0,0.0,0.0,0.0,0.0,0.0,0.0,-59.31299999999999,base_link,156308068,1765332166,68.80899810791016,18.711000442504883,147.56100463867188,-15.904000282287598,0.0,-2.056,1.053,0.0,zedx_cabin_imu_link,zedx_cabin_left_camera_frame,94660134,1765332166,0.9999747276306152,0.006695220712572336,-0.0017097544623538852,-0.0016760278958827257,0.0,-0.03564900532364845,-0.00014700002793688327
1765332166100000000,-128.61099243164062,excavator_base_link,298724824,1765332166,2.6594376288021975,-0.0738549685022956,0.0,0.0,0.0,0.0,0.0,127,0,0.0,269438272,1765332166,0.0,4,f,0,4,f,0,4,f,0,59.583,gps,299427106,1765332166,36.400118813666666,127.36124355383333,0.6400000000000001,0.0,0.0,0.0,0.6400000000000001,0.0,0.0,0.0,2.5600000000000005,1,1,1,0.1,0.0,0.0,0.0,0.0,0.0,0.1,0.0,0.0,0.0,0.0,0.0,0.0,0.0,0.1,0.0,0.0,0.0,0.0,0.0,0.0,0.1,0.0,0.0,0.0,0.0,0.0,0.0,0.0,0.1,0.0,0.0,0.0,0.1,0.0,0.0,0.0,0.0,0.0,-0.0005146808995195942,-0.0038255092177855656,1.0499788334077288e-05,8,d,gps,300294269,1765332166,-59.30699999999999,-2.061,1.01,0,0,-41.707000732421875,4,f,0,4,f,0,4,f,0,4,f,0,-15.89799976348877,-17.600000381469727,False,True,100.0,59.584,gps,199548624,1765332166,36.400118801,127.361243552,0.6400000000000001,0.0,0.0,0.0,0.6400000000000001,0.0,0.0,0.0,2.5600000000000005,1,1,1,0.1,0.0,0.0,0.0,0.0,0.0,0.1,0.0,0.0,0.0,0.0,0.0,0.0,0.0,0.1,0.0,0.0,0.0,0.0,0.0,0.0,0.1,0.0,0.0,0.0,0.0,0.0,0.0,0.0,0.1,0.0,0.0,0.0,0.1,0.0,0.0,0.0,0.0,0.0,-0.0005151909982027594,-0.003825700273372002,1.0850160547198672e-05,excavator_base,271152884,1765332166,True,50.0,False,96.38999938964844,-2.3499999046325684,False,False,-15.789999961853027,-2.180000066757202,False,False,27.760000228881836,-10.600000381469727,False,excavator_base,271254590,1765332166,-15.871999740600586,False,0.0,0.0,0.0,0.0,0.0,0.0,0.0,0.0,0.0,excavator_base,271287810,1765332166,False,False,-15.871999740600586,0.0,0,False,,0,0,0.0,0.0,False,0.0,0.0,0.0,0,False,,0,0,False,0.0,0.0,0,default,2016.0,1303.0,False,956.0,518.0,False,1496.0,1020.0,False,excavator_base,271217883,1765332166,0.0,0.0,-15.871999740600586,False,True,True,True,0,False,True,0,excavator_base,271338183,1765332166,0,True,0.0,0.0,0.0,0,0,False,0,True,True,24.0,True,8,d,gps,300683653,1765332166,-59.30699999999999,-2.061,1.01,0,0,0.0,59.583,0.0,0.0,0.8,gps,300533750,1765332166,-59.30699999999999,36.400118813666666,127.36124355383333,0,1,14,0.0,0.0,0,0,0.0,0.0,59.584,36.400118801,127.361243552,0.0,0.0,0.0,0.0,0.0,0.0,0.0,0.0,0.0,-59.281000000000006,base_link,256303170,1765332166,68.06900024414062,18.768999099731445,145.71099853515625,-15.871999740600586,0.0,-2.064,1.048,0.0,zedx_boom_imu_link,zedx_boom_left_camera_frame,197088991,1765332166,0.999992847442627,0.003616482252255082,0.0005469119059853256,-0.0009107014629989862,0.0,-0.03564900532364845,-0.00014700002793688327
1765332166200000000,-130.3040008544922,excavator_base_link,398704789,1765332166,2.6255457040590753,-0.05775808846143059,0.0,0.0,0.0,0.0,0.0,127,0,0.0,370515567,1765332166,0.0,4,f,0,4,f,0,4,f,0,59.583,gps,399318485,1765332166,36.400118823166665,127.3612435565,0.6400000000000001,0.0,0.0,0.0,0.6400000000000001,0.0,0.0,0.0,2.5600000000000005,1,1,1,0.1,0.0,0.0,0.0,0.0,0.0,0.1,0.0,0.0,0.0,0.0,0.0,0.0,0.0,0.1,0.0,0.0,0.0,0.0,0.0,0.0,0.1,0.0,0.0,0.0,0.0,0.0,0.0,0.0,0.1,0.0,0.0,0.0,0.1,0.0,0.0,0.0,0.0,0.0,-0.0005142938501606783,-0.0038252920841093064,1.049942123094005e-05,8,d,gps,399933397,1765332166,-59.38499999999999,-2.054,1.04,0,0,-41.78499984741211,4,f,0,4,f,0,4,f,0,4,f,0,-15.97599983215332,-17.600000381469727,False,True,100.0,59.583,gps,299427106,1765332166,36.400118813666666,127.36124355383333,0.6400000000000001,0.0,0.0,0.0,0.6400000000000001,0.0,0.0,0.0,2.5600000000000005,1,1,1,0.1,0.0,0.0,0.0,0.0,0.0,0.1,0.0,0.0,0.0,0.0,0.0,0.0,0.0,0.1,0.0,0.0,0.0,0.0,0.0,0.0,0.1,0.0,0.0,0.0,0.0,0.0,0.0,0.0,0.1,0.0,0.0,0.0,0.1,0.0,0.0,0.0,0.0,0.0,-0.0005146808995195942,-0.0038255092177855656,1.0499788334077288e-05,excavator_base,376356786,1765332166,True,50.0,False,96.91000366210938,-2.299999952316284,False,False,-15.819999694824219,-2.1600000858306885,False,False,29.969999313354492,-10.420000076293945,False,excavator_base,377036442,1765332166,-15.89799976348877,False,0.0,0.0,0.0,0.0,0.0,0.0,0.0,0.0,0.0,excavator_base,377125507,1765332166,False,False,-15.89799976348877,0.0,0,False,,0,0,0.0,0.0,False,0.0,0.0,0.0,0,False,,0,0,False,0.0,0.0,0,default,1970.0,1303.0,False,954.0,518.0,False,1498.0,1004.0,False,excavator_base,376934159,1765332166,0.0,0.0,-15.89799976348877,False,True,True,True,0,False,True,0,excavator_base,377470631,1765332166,0,True,0.0,0.0,0.0,0,0,False,0,True,True,24.0,True,8,d,gps,400854709,1765332166,-59.38499999999999,-2.054,1.04,0,0,0.0,59.583,0.0,0.0,0.8,gps,400154828,1765332166,-59.38499999999999,36.400118823166665,127.3612435565,0,1,14,0.0,0.0,0,0,0.0,0.0,59.583,36.400118813666666,127.36124355383333,0.0,0.0,0.0,0.0,0.0,0.0,0.0,0.0,0.0,-59.30699999999999,base_link,356352806,1765332166,67.06900024414062,18.79599952697754,144.4709930419922,-15.89799976348877,0.0,-2.061,1.01,0.0,zedx_boom_imu_link,zedx_boom_left_camera_frame,298768424,1765332166,0.999992847442627,0.003616482252255082,0.0005469119059853256,-0.0009107014629989862,0.0,-0.03564900532364845,-0.00014700002793688327
1765332166300000000,-132.3509979248047,excavator_base_link,498691825,1765332166,2.60361033332288,-0.04165510532278972,0.0,0.0,0.0,0.0,0.0,127,0,0.0,469492483,1765332166,0.0,4,f,0,4,f,0,4,f,0,59.583,gps,499500486,1765332166,36.4001188325,127.3612435535,0.6400000000000001,0.0,0.0,0.0,0.6400000000000001,0.0,0.0,0.0,2.5600000000000005,1,1,1,0.1,0.0,0.0,0.0,0.0,0.0,0.1,0.0,0.0,0.0,0.0,0.0,0.0,0.0,0.1,0.0,0.0,0.0,0.0,0.0,0.0,0.1,0.0,0.0,0.0,0.0,0.0,0.0,0.0,0.1,0.0,0.0,0.0,0.1,0.0,0.0,0.0,0.0,0.0,-0.0005139132426529419,-0.0038252517033298306,1.0499052936665775e-05,8,d,gps,501043527,1765332166,-59.387,-2.056,1.052,0,0,-41.7869987487793,4,f,0,4,f,0,4,f,0,4,f,0,-15.977999687194824,-17.600000381469727,False,True,100.0,59.583,gps,399318485,1765332166,36.400118823166665,127.3612435565,0.6400000000000001,0.0,0.0,0.0,0.6400000000000001,0.0,0.0,0.0,2.5600000000000005,1,1,1,0.1,0.0,0.0,0.0,0.0,0.0,0.1,0.0,0.0,0.0,0.0,0.0,0.0,0.0,0.1,0.0,0.0,0.0,0.0,0.0,0.0,0.1,0.0,0.0,0.0,0.0,0.0,0.0,0.0,0.1,0.0,0.0,0.0,0.1,0.0,0.0,0.0,0.0,0.0,-0.0005142938501606783,-0.0038252920841093064,1.049942123094005e-05,excavator_base,471081097,1765332166,True,50.0,False,97.05999755859375,-2.3399999141693115,False,False,-15.770000457763672,-2.1700000762939453,False,False,31.479999542236328,-10.40999984741211,False,excavator_base,471329539,1765332166,-15.97599983215332,False,0.0,0.0,0.0,0.0,0.0,0.0,0.0,0.0,0.0,excavator_base,471385961,1765332166,False,False,-15.97599983215332,0.0,0,False,,0,0,0.0,0.0,False,0.0,0.0,0.0,0,False,,0,0,False,0.0,0.0,0,default,2247.0,1306.0,False,954.0,518.0,False,1500.0,1036.0,False,excavator_base,471170098,1765332166,0.0,0.0,-15.97599983215332,False,True,True,True,0,False,True,0,excavator_base,471451952,1765332166,0,True,0.0,0.0,0.0,0,0,False,0,True,True,24.0,True,8,d,gps,501657896,1765332166,-59.387,-2.056,1.052,0,0,0.0,59.583,0.0,0.0,0.8,gps,501447506,1765332166,-59.387,36.4001188325,127.3612435535,0,1,14,0.0,0.0,0,0,0.0,0.0,59.583,36.400118823166665,127.3612435565,0.0,0.0,0.0,0.0,0.0,0.0,0.0,0.0,0.0,-59.38499999999999,base_link,456299070,1765332166,67.03900146484375,18.73900032043457,143.04100036621094,-15.97599983215332,0.0,-2.054,1.04,0.0,zedx_boom_imu_link,zedx_boom_left_camera_frame,395583705,1765332166,0.999992847442627,0.003616482252255082,0.0005469119059853256,-0.0009107014629989862,0.0,-0.03564900532364845,-0.00014700002793688327
1765332166400000000,-133.73899841308594,excavator_base_link,600846033,1765332166,2.5745060200623704,-0.025111070667206036,0.0,0.0,0.0,0.0,0.0,127,0,0.0,569454269,1765332166,0.0,4,f,0,4,f,0,4,f,0,59.582,gps,600984447,1765332166,36.400118846333335,127.36124356133334,0.6400000000000001,0.0,0.0,0.0,0.6400000000000001,0.0,0.0,0.0,2.5600000000000005,1,1,1,0.1,0.0,0.0,0.0,0.0,0.0,0.1,0.0,0.0,0.0,0.0,0.0,0.0,0.0,0.1,0.0,0.0,0.0,0.0,0.0,0.0,0.1,0.0,0.0,0.0,0.0,0.0,0.0,0.0,0.1,0.0,0.0,0.0,0.1,0.0,0.0,0.0,0.0,0.0,-0.000513357636318977,-0.0038248709518516784,1.0148724117041358e-05,8,d,gps,601640036,1765332166,-59.418000000000006,-2.056,1.02,0,0,-41.81800079345703,4,f,0,4,f,0,4,f,0,4,f,0,-16.009000778198242,-17.600000381469727,False,True,100.0,59.583,gps,499500486,1765332166,36.4001188325,127.3612435535,0.6400000000000001,0.0,0.0,0.0,0.6400000000000001,0.0,0.0,0.0,2.5600000000000005,1,1,1,0.1,0.0,0.0,0.0,0.0,0.0,0.1,0.0,0.0,0.0,0.0,0.0,0.0,0.0,0.1,0.0,0.0,0.0,0.0,0.0,0.0,0.1,0.0,0.0,0.0,0.0,0.0,0.0,0.0,0.1,0.0,0.0,0.0,0.1,0.0,0.0,0.0,0.0,0.0,-0.0005139132426529419,-0.0038252517033298306,1.0499052936665775e-05,excavator_base,571040899,1765332166,True,50.0,False,97.6500015258789,-2.299999952316284,False,False,-15.739999771118164,-2.180000066757202,False,False,33.47999954223633,-10.479999542236328,False,excavator_base,571146510,1765332166,-15.977999687194824,False,0.0,0.0,0.0,0.0,0.0,0.0,0.0,0.0,0.0,excavator_base,571183122,1765332166,False,False,-15.977999687194824,0.0,0,False,,0,0,0.0,0.0,False,0.0,0.0,0.0,0,False,,0,0,False,0.0,0.0,0,default,2118.0,1306.0,False,955.0,532.0,False,1500.0,1028.0,False,excavator_base,571104969,1765332166,0.0,0.0,-15.977999687194824,False,True,True,True,0,False,True,0,excavator_base,571236887,1765332166,0,True,0.0,0.0,0.0,0,0,False,0,True,True,24.0,True,8,d,gps,604289273,1765332166,-59.418000000000006,-2.056,1.02,0,0,0.0,59.582,0.0,0.0,0.8,gps,604035935,1765332166,-59.418000000000006,36.400118846333335,127.36124356133334,0,1,14,0.0,0.0,0,0,0.0,0.0,59.583,36.4001188325,127.3612435535,0.0,0.0,0.0,0.0,0.0,0.0,0.0,0.0,0.0,-59.387,base_link,556328960,1765332166,66.77899932861328,18.711000442504883,141.33099365234375,-15.977999687194824,0.0,-2.056,1.052,0.0,zedx_boom_imu_link,zedx_boom_left_camera_frame,496662518,1765332166,0.999992847442627,0.003616482252255082,0.0005469119059853256,-0.0009107014629989862,0.0,-0.03564900532364845,-0.00014700002793688327
1765332166500000000,-134.6389923095703,excavator_base_link,698682957,1765332166,2.5556473045989194,-0.02228087935589849,0.0,0.0,0.0,0.0,0.0,127,0,0.0,669484798,1765332166,0.0,4,f,0,4,f,0,4,f,0,59.582,gps,699629296,1765332166,36.400118867833335,127.36124358383333,0.6400000000000001,0.0,0.0,0.0,0.6400000000000001,0.0,0.0,0.0,2.5600000000000005,1,1,1,0.1,0.0,0.0,0.0,0.0,0.0,0.1,0.0,0.0,0.0,0.0,0.0,0.0,0.0,0.1,0.0,0.0,0.0,0.0,0.0,0.0,0.1,0.0,0.0,0.0,0.0,0.0,0.0,0.0,0.1,0.0,0.0,0.0,0.1,0.0,0.0,0.0,0.0,0.0,-0.000512504778208846,-0.0038240354836981995,1.0148373865640093e-05,8,d,gps,700240368,1765332166,-59.403999999999996,-2.052,0.834,0,0,-41.81800079345703,4,f,0,4,f,0,4,f,0,4,f,0,-16.009000778198242,-17.600000381469727,False,True,100.0,59.582,gps,600984447,1765332166,36.400118846333335,127.36124356133334,0.6400000000000001,0.0,0.0,0.0,0.6400000000000001,0.0,0.0,0.0,2.5600000000000005,1,1,1,0.1,0.0,0.0,0.0,0.0,0.0,0.1,0.0,0.0,0.0,0.0,0.0,0.0,0.0,0.1,0.0,0.0,0.0,0.0,0.0,0.0,0.1,0.0,0.0,0.0,0.0,0.0,0.0,0.0,0.1,0.0,0.0,0.0,0.1,0.0,0.0,0.0,0.0,0.0,-0.000513357636318977,-0.0038248709518516784,1.0148724117041358e-05,excavator_base,671122793,1765332166,True,50.0,False,98.16000366210938,-2.309999942779541,False,False,-15.699999809265137,-2.1500000953674316,False,False,34.56999969482422,-10.399999618530273,False,excavator_base,671237686,1765332166,-16.009000778198242,False,0.0,0.0,0.0,0.0,0.0,0.0,0.0,0.0,0.0,excavator_base,671273273,1765332166,False,False,-16.009000778198242,0.0,0,False,,0,0,0.0,0.0,False,0.0,0.0,0.0,0,False,,0,0,False,0.0,0.0,0,default,2047.0,1308.0,False,955.0,532.0,False,1500.0,1026.0,False,excavator_base,671192945,1765332166,0.0,0.0,-16.009000778198242,False,True,True,True,0,False,True,0,excavator_base,671329791,1765332166,0,True,0.0,0.0,0.0,0,0,False,0,True,True,24.0,True,8,d,gps,700699200,1765332166,-59.403999999999996,-2.052,0.834,0,0,0.0,59.582,0.0,0.0,0.8,gps,700486570,1765332166,-59.403999999999996,36.400118867833335,127.36124358383333,0,1,14,0.0,0.0,0,0,0.0,0.0,59.582,36.400118846333335,127.36124356133334,0.0,0.0,0.0,0.0,0.0,0.0,0.0,0.0,0.0,-59.418000000000006,base_link,656309340,1765332166,66.12899780273438,18.67099952697754,140.93099975585938,-16.009000778198242,0.0,-2.056,1.02,0.0,zedx_cabin_imu_link,zedx_cabin_left_camera_frame,582713856,1765332166,0.9999747276306152,0.006695220712572336,-0.0017097544623538852,-0.0016760278958827257,0.0,-0.03564900532364845,-0.00014700002793688327
1765332166600000000,-135.29299926757812,excavator_base_link,803766335,1765332166,2.556163229548484,-0.025902460182098137,0.0,0.0,0.0,0.0,0.0,127,0,0.0,770418526,1765332166,0.0,4,f,0,4,f,0,4,f,0,59.582,gps,799548870,1765332166,36.400118887666665,127.361243603,0.6400000000000001,0.0,0.0,0.0,0.6400000000000001,0.0,0.0,0.0,2.5600000000000005,1,1,1,0.1,0.0,0.0,0.0,0.0,0.0,0.1,0.0,0.0,0.0,0.0,0.0,0.0,0.0,0.1,0.0,0.0,0.0,0.0,0.0,0.0,0.1,0.0,0.0,0.0,0.0,0.0,0.0,0.0,0.1,0.0,0.0,0.0,0.1,0.0,0.0,0.0,0.0,0.0,-0.0005117164783174446,-0.0038233025063414434,1.0148018914943264e-05,8,d,gps,800173095,1765332166,-59.39500000000001,-2.061,0.723,0,0,-41.79499816894531,4,f,0,4,f,0,4,f,0,4,f,0,-15.986000061035156,-17.600000381469727,False,True,100.0,59.582,gps,699629296,1765332166,36.400118867833335,127.36124358383333,0.6400000000000001,0.0,0.0,0.0,0.6400000000000001,0.0,0.0,0.0,2.5600000000000005,1,1,1,0.1,0.0,0.0,0.0,0.0,0.0,0.1,0.0,0.0,0.0,0.0,0.0,0.0,0.0,0.1,0.0,0.0,0.0,0.0,0.0,0.0,0.1,0.0,0.0,0.0,0.0,0.0,0.0,0.0,0.1,0.0,0.0,0.0,0.1,0.0,0.0,0.0,0.0,0.0,-0.000512504778208846,-0.0038240354836981995,1.0148373865640093e-05,excavator_base,774526956,1765332166,True,50.0,False,97.98999786376953,-2.309999942779541,False,False,-15.5,-2.1700000762939453,False,False,35.06999969482422,-10.449999809265137,False,excavator_base,774679484,1765332166,-15.994999885559082,False,0.0,0.0,0.0,0.0,0.0,0.0,0.0,0.0,0.0,excavator_base,774733889,1765332166,False,False,-15.994999885559082,0.0,0,False,,0,0,0.0,0.0,False,0.0,0.0,0.0,0,False,,0,0,False,0.0,0.0,0,default,2017.0,1308.0,False,1113.0,532.0,False,1502.0,1004.0,False,excavator_base,774617237,1765332166,0.0,0.0,-15.994999885559082,False,True,True,True,0,False,True,0,excavator_base,774814474,1765332166,0,True,0.0,0.0,0.0,0,0,False,0,True,True,24.0,True,8,d,gps,800503530,1765332166,-59.39500000000001,-2.061,0.723,0,0,0.0,59.582,0.0,0.0,0.8,gps,800365371,1765332166,-59.39500000000001,36.400118887666665,127.361243603,0,1,14,0.0,0.0,0,0,0.0,0.0,59.582,36.400118867833335,127.36124358383333,0.0,0.0,0.0,0.0,0.0,0.0,0.0,0.0,0.0,-59.403999999999996,base_link,756434215,1765332166,66.13899993896484,18.466999053955078,140.62100219726562,-15.994999885559082,0.0,-2.052,0.834,0.0,zedx_cabin_imu_link,zedx_cabin_left_camera_frame,696270682,1765332166,0.9999747276306152,0.006695220712572336,-0.0017097544623538852,-0.0016760278958827257,0.0,-0.03564900532364845,-0.00014700002793688327
1765332166700000000,-136.63400268554688,excavator_base_link,898707692,1765332166,2.558160273458152,-0.024439862515216647,0.0,0.0,0.0,0.0,0.0,127,0,0.0,869437430,1765332166,0.0,4,f,0,4,f,0,4,f,0,59.582,gps,899581127,1765332166,36.40011890183333,127.361243612,0.6400000000000001,0.0,0.0,0.0,0.6400000000000001,0.0,0.0,0.0,2.5600000000000005,1,1,1,0.1,0.0,0.0,0.0,0.0,0.0,0.1,0.0,0.0,0.0,0.0,0.0,0.0,0.0,0.1,0.0,0.0,0.0,0.0,0.0,0.0,0.1,0.0,0.0,0.0,0.0,0.0,0.0,0.0,0.1,0.0,0.0,0.0,0.1,0.0,0.0,0.0,0.0,0.0,-0.0005111483229723429,-0.003822887347091898,1.0147663794358962e-05,8,d,gps,900194023,1765332166,-59.388000000000005,-2.058,0.666,0,0,-41.78799819946289,4,f,0,4,f,0,4,f,0,4,f,0,-15.979000091552734,-17.600000381469727,False,True,100.0,59.582,gps,799548870,1765332166,36.400118887666665,127.361243603,0.6400000000000001,0.0,0.0,0.0,0.6400000000000001,0.0,0.0,0.0,2.5600000000000005,1,1,1,0.1,0.0,0.0,0.0,0.0,0.0,0.1,0.0,0.0,0.0,0.0,0.0,0.0,0.0,0.1,0.0,0.0,0.0,0.0,0.0,0.0,0.1,0.0,0.0,0.0,0.0,0.0,0.0,0.0,0.1,0.0,0.0,0.0,0.1,0.0,0.0,0.0,0.0,0.0,-0.0005117164783174446,-0.0038233025063414434,1.0148018914943264e-05,excavator_base,871258996,1765332166,True,50.0,False,97.5,-2.259999990463257,False,False,-15.1899995803833,-2.140000104904175,False,False,36.939998626708984,-10.40999984741211,False,excavator_base,871365791,1765332166,-15.986000061035156,False,0.0,0.0,0.0,0.0,0.0,0.0,0.0,0.0,0.0,excavator_base,871401571,1765332166,False,False,-15.986000061035156,0.0,0,False,,0,0,0.0,0.0,False,0.0,0.0,0.0,0,False,,0,0,False,0.0,0.0,0,default,2087.0,1310.0,False,1048.0,532.0,False,1505.0,1040.0,False,excavator_base,871324731,1765332166,0.0,0.0,-15.986000061035156,False,True,True,True,0,False,True,0,excavator_base,871451240,1765332166,0,True,0.0,0.0,0.0,0,0,False,0,True,True,24.0,True,8,d,gps,900549677,1765332166,-59.388000000000005,-2.058,0.666,0,0,0.0,59.582,0.0,0.0,0.8,gps,900399773,1765332166,-59.388000000000005,36.40011890183333,127.361243612,0,1,14,0.0,0.0,0,0,0.0,0.0,59.582,36.400118887666665,127.361243603,0.0,0.0,0.0,0.0,0.0,0.0,0.0,0.0,0.0,-59.39500000000001,base_link,857769425,1765332166,66.86900329589844,18.166000366210938,138.9709930419922,-15.986000061035156,0.0,-2.061,0.723,0.0,zedx_boom_imu_link,zedx_boom_left_camera_frame,797546513,1765332166,0.999992847442627,0.003616482252255082,0.0005469119059853256,-0.0009107014629989862,0.0,-0.03564900532364845,-0.00014700002793688327
1765332166800000000,-138.26699829101562,excavator_base_link,998716779,1765332166,2.558798937296614,-0.020398685185459273,0.0,0.0,0.0,0.0,0.0,127,0,0.0,969423026,1765332166,0.0,4,f,0,4,f,0,4,f,0,59.581,gps,999479995,1765332166,36.400118911166665,127.36124361,0.6400000000000001,0.0,0.0,0.0,0.6400000000000001,0.0,0.0,0.0,2.5600000000000005,1,1,1,0.1,0.0,0.0,0.0,0.0,0.0,0.1,0.0,0.0,0.0,0.0,0.0,0.0,0.0,0.1,0.0,0.0,0.0,0.0,0.0,0.0,0.1,0.0,0.0,0.0,0.0,0.0,0.0,0.0,0.1,0.0,0.0,0.0,0.1,0.0,0.0,0.0,0.0,0.0,-0.0005107679509551957,-0.003822816234013414,9.797401855216275e-06,8,d,gps,1693538,1765332167,-59.38300000000001,-2.062,0.7,0,0,-41.78300094604492,4,f,0,4,f,0,4,f,0,4,f,0,-15.973999977111816,-17.600000381469727,False,True,100.0,59.582,gps,899581127,1765332166,36.40011890183333,127.361243612,0.6400000000000001,0.0,0.0,0.0,0.6400000000000001,0.0,0.0,0.0,2.5600000000000005,1,1,1,0.1,0.0,0.0,0.0,0.0,0.0,0.1,0.0,0.0,0.0,0.0,0.0,0.0,0.0,0.1,0.0,0.0,0.0,0.0,0.0,0.0,0.1,0.0,0.0,0.0,0.0,0.0,0.0,0.0,0.1,0.0,0.0,0.0,0.1,0.0,0.0,0.0,0.0,0.0,-0.0005111483229723429,-0.003822887347091898,1.0147663794358962e-05,excavator_base,970925487,1765332166,True,50.0,False,96.95999908447266,-2.2799999713897705,False,False,-14.920000076293945,-2.1500000953674316,False,False,38.56999969482422,-10.4399995803833,False,excavator_base,971027962,1765332166,-15.979000091552734,False,0.0,0.0,0.0,0.0,0.0,0.0,0.0,0.0,0.0,excavator_base,971062494,1765332166,False,False,-15.979000091552734,0.0,0,False,,0,0,0.0,0.0,False,0.0,0.0,0.0,0,False,,0,0,False,0.0,0.0,0,default,2081.0,1312.0,False,984.0,532.0,False,1505.0,1031.0,False,excavator_base,970988182,1765332166,0.0,0.0,-15.979000091552734,False,True,True,True,0,False,True,0,excavator_base,971113347,1765332166,0,True,0.0,0.0,0.0,0,0,False,0,True,True,24.0,True,8,d,gps,2295265,1765332167,-59.38300000000001,-2.062,0.7,0,0,0.0,59.581,0.0,0.0,0.8,gps,2097549,1765332167,-59.38300000000001,36.400118911166665,127.36124361,0,1,14,0.0,0.0,0,0,0.0,0.0,59.582,36.40011890183333,127.361243612,0.0,0.0,0.0,0.0,0.0,0.0,0.0,0.0,0.0,-59.388000000000005,base_link,956989309,1765332166,67.60900115966797,17.89299964904785,137.17100524902344,-15.979000091552734,0.0,-2.058,0.666,0.0,zedx_cabin_imu_link,zedx_cabin_left_camera_frame,896476491,1765332166,0.9999747276306152,0.006695220712572336,-0.0017097544623538852,-0.0016760278958827257,0.0,-0.03564900532364845,-0.00014700002793688327
1765332166900000000,-140.72299194335938,excavator_base_link,98687590,1765332167,2.556884662678563,-0.00905688774765781,0.0,0.0,0.0,0.0,0.0,127,0,0.0,70239878,1765332167,0.0,4,f,0,4,f,0,4,f,0,59.58,gps,99879779,1765332167,36.400118917,127.36124359416667,0.6400000000000001,0.0,0.0,0.0,0.6400000000000001,0.0,0.0,0.0,2.5600000000000005,1,1,1,0.1,0.0,0.0,0.0,0.0,0.0,0.1,0.0,0.0,0.0,0.0,0.0,0.0,0.0,0.1,0.0,0.0,0.0,0.0,0.0,0.0,0.1,0.0,0.0,0.0,0.0,0.0,0.0,0.0,0.1,0.0,0.0,0.0,0.1,0.0,0.0,0.0,0.0,0.0,-0.00051052340185474,-0.003823176533907512,9.44716185302142e-06,8,d,gps,100936914,1765332167,-59.366000000000014,-2.065,0.792,0,0,-41.76599884033203,4,f,0,4,f,0,4,f,0,4,f,0,-15.956999778747559,-17.600000381469727,False,True,100.0,59.581,gps,999479995,1765332166,36.400118911166665,127.36124361,0.6400000000000001,0.0,0.0,0.0,0.6400000000000001,0.0,0.0,0.0,2.5600000000000005,1,1,1,0.1,0.0,0.0,0.0,0.0,0.0,0.1,0.0,0.0,0.0,0.0,0.0,0.0,0.0,0.1,0.0,0.0,0.0,0.0,0.0,0.0,0.1,0.0,0.0,0.0,0.0,0.0,0.0,0.0,0.1,0.0,0.0,0.0,0.1,0.0,0.0,0.0,0.0,0.0,-0.0005107679509551957,-0.003822816234013414,9.797401855216275e-06,excavator_base,71259889,1765332167,True,50.0,False,96.26000213623047,-2.3399999141693115,False,False,-14.59000015258789,-2.1600000858306885,False,False,39.72999954223633,-10.460000038146973,False,excavator_base,71364956,1765332167,-15.973999977111816,False,0.0,0.0,0.0,0.0,0.0,0.0,0.0,0.0,0.0,excavator_base,71401311,1765332167,False,False,-15.973999977111816,0.0,0,False,,0,0,0.0,0.0,False,0.0,0.0,0.0,0,False,,0,0,False,0.0,0.0,0,default,2180.0,1312.0,False,1017.0,534.0,False,1504.0,1025.0,False,excavator_base,71323831,1765332167,0.0,0.0,-15.973999977111816,False,True,True,True,0,False,True,0,excavator_base,71455621,1765332167,0,True,0.0,0.0,0.0,0,0,False,0,True,True,24.0,True,8,d,gps,101327162,1765332167,-59.366000000000014,-2.065,0.792,0,0,0.0,59.58,0.0,0.0,0.8,gps,101179307,1765332167,-59.366000000000014,36.400118917,127.36124359416667,0,1,14,0.0,0.0,0,0,0.0,0.0,59.581,36.400118911166665,127.36124361,0.0,0.0,0.0,0.0,0.0,0.0,0.0,0.0,0.0,-59.38300000000001,base_link,56342136,1765332167,68.61900329589844,17.566999435424805,134.39100646972656,-15.973999977111816,0.0,-2.062,0.7,0.0,zedx_boom_imu_link,zedx_boom_left_camera_frame,995934944,1765332166,0.999992847442627,0.003616482252255082,0.0005469119059853256,-0.0009107014629989862,0.0,-0.03564900532364845,-0.00014700002793688327
1765332167000000000,-143.5500030517578,excavator_base_link,198782670,1765332167,2.542343634450235,0.009462066569407625,0.0,0.0,0.0,0.0,0.0,127,0,0.0,169444529,1765332167,0.0,4,f,0,4,f,0,4,f,0,59.58,gps,200409145,1765332167,36.40011891466666,127.36124358883333,0.6400000000000001,0.0,0.0,0.0,0.6400000000000001,0.0,0.0,0.0,2.5600000000000005,1,1,1,0.1,0.0,0.0,0.0,0.0,0.0,0.1,0.0,0.0,0.0,0.0,0.0,0.0,0.0,0.1,0.0,0.0,0.0,0.0,0.0,0.0,0.1,0.0,0.0,0.0,0.0,0.0,0.0,0.0,0.1,0.0,0.0,0.0,0.1,0.0,0.0,0.0,0.0,0.0,-0.0005105960784944615,-0.003823208880668449,9.446829818629522e-06,8,d,gps,201377118,1765332167,-59.382000000000005,-2.064,0.907,0,0,-41.78200149536133,4,f,0,4,f,0,4,f,0,4,f,0,-15.972999572753906,-17.600000381469727,False,True,100.0,59.58,gps,99879779,1765332167,36.400118917,127.36124359416667,0.6400000000000001,0.0,0.0,0.0,0.6400000000000001,0.0,0.0,0.0,2.5600000000000005,1,1,1,0.1,0.0,0.0,0.0,0.0,0.0,0.1,0.0,0.0,0.0,0.0,0.0,0.0,0.0,0.1,0.0,0.0,0.0,0.0,0.0,0.0,0.1,0.0,0.0,0.0,0.0,0.0,0.0,0.0,0.1,0.0,0.0,0.0,0.1,0.0,0.0,0.0,0.0,0.0,-0.00051052340185474,-0.003823176533907512,9.44716185302142e-06,excavator_base,171049305,1765332167,True,50.0,False,95.98999786376953,-2.3399999141693115,False,False,-14.239999771118164,-2.180000066757202,False,False,43.86000061035156,-10.5,False,excavator_base,171149507,1765332167,-15.956999778747559,False,0.0,0.0,0.0,0.0,0.0,0.0,0.0,0.0,0.0,excavator_base,171184807,1765332167,False,False,-15.956999778747559,0.0,0,False,,0,0,0.0,0.0,False,0.0,0.0,0.0,0,False,,0,0,False,0.0,0.0,0,default,2236.0,1315.0,False,1151.0,534.0,False,1506.0,1029.0,False,excavator_base,171110143,1765332167,0.0,0.0,-15.956999778747559,False,True,True,True,0,False,True,0,excavator_base,171236716,1765332167,0,True,0.0,0.0,0.0,0,0,False,0,True,True,24.0,True,8,d,gps,204199813,1765332167,-59.382000000000005,-2.064,0.907,0,0,0.0,59.58,0.0,0.0,0.8,gps,201784296,1765332167,-59.382000000000005,36.40011891466666,127.36124358883333,0,1,14,0.0,0.0,0,0,0.0,0.0,59.58,36.400118917,127.36124359416667,0.0,0.0,0.0,0.0,0.0,0.0,0.0,0.0,0.0,-59.366000000000014,base_link,156308115,1765332167,69.48899841308594,17.219999313354492,131.17100524902344,-15.956999778747559,0.0,-2.065,0.792,0.0,zedx_cabin_imu_link,zedx_cabin_left_camera_frame,89960167,1765332167,0.9999747276306152,0.006695220712572336,-0.0017097544623538852,-0.0016760278958827257,0.0,-0.03564900532364845,-0.00014700002793688327
1765332167100000000,-147.0810089111328,excavator_base_link,299263999,1765332167,2.50672740139552,0.04015088053206091,0.0,0.0,0.0,0.0,0.0,127,0,0.0,269480947,1765332167,0.0,4,f,0,4,f,0,4,f,0,59.579,gps,299750930,1765332167,36.400118921166666,127.36124358466667,0.6400000000000001,0.0,0.0,0.0,0.6400000000000001,0.0,0.0,0.0,2.5600000000000005,1,1,1,0.1,0.0,0.0,0.0,0.0,0.0,0.1,0.0,0.0,0.0,0.0,0.0,0.0,0.0,0.1,0.0,0.0,0.0,0.0,0.0,0.0,0.1,0.0,0.0,0.0,0.0,0.0,0.0,0.0,0.1,0.0,0.0,0.0,0.1,0.0,0.0,0.0,0.0,0.0,-0.0005103259342715908,-0.0038232064967463285,9.096631659183669e-06,8,d,gps,300393013,1765332167,-59.381,-2.063,0.961,0,0,-41.78099822998047,4,f,0,4,f,0,4,f,0,4,f,0,-15.972000122070312,-17.600000381469727,False,True,100.0,59.58,gps,200409145,1765332167,36.40011891466666,127.36124358883333,0.6400000000000001,0.0,0.0,0.0,0.6400000000000001,0.0,0.0,0.0,2.5600000000000005,1,1,1,0.1,0.0,0.0,0.0,0.0,0.0,0.1,0.0,0.0,0.0,0.0,0.0,0.0,0.0,0.1,0.0,0.0,0.0,0.0,0.0,0.0,0.1,0.0,0.0,0.0,0.0,0.0,0.0,0.0,0.1,0.0,0.0,0.0,0.1,0.0,0.0,0.0,0.0,0.0,-0.0005105960784944615,-0.003823208880668449,9.446829818629522e-06,excavator_base,271098396,1765332167,True,50.0,False,96.41999816894531,-2.430000066757202,False,False,-13.920000076293945,-2.2200000286102295,False,False,45.61000061035156,-10.550000190734863,False,excavator_base,271223689,1765332167,-15.972999572753906,False,0.0,0.0,0.0,0.0,0.0,0.0,0.0,0.0,0.0,excavator_base,271265006,1765332167,False,False,-15.972999572753906,0.0,0,False,,0,0,0.0,0.0,False,0.0,0.0,0.0,0,False,,0,0,False,0.0,0.0,0,default,2217.0,1314.0,False,1244.0,534.0,False,1507.0,1025.0,False,excavator_base,271177925,1765332167,0.0,0.0,-15.972999572753906,False,True,True,True,0,False,True,0,excavator_base,271323476,1765332167,0,True,0.0,0.0,0.0,0,0,False,0,True,True,24.0,True,8,d,gps,300765532,1765332167,-59.381,-2.063,0.961,0,0,0.0,59.579,0.0,0.0,0.8,gps,300618637,1765332167,-59.381,36.400118921166666,127.36124358466667,0,1,14,0.0,0.0,0,0,0.0,0.0,59.58,36.40011891466666,127.36124358883333,0.0,0.0,0.0,0.0,0.0,0.0,0.0,0.0,0.0,-59.382000000000005,base_link,256308913,1765332167,69.72899627685547,16.89900016784668,128.0709991455078,-15.972999572753906,0.0,-2.064,0.907,0.0,zedx_cabin_imu_link,zedx_cabin_left_camera_frame,196800786,1765332167,0.9999747276306152,0.006695220712572336,-0.0017097544623538852,-0.0016760278958827257,0.0,-0.03564900532364845,-0.00014700002793688327
1765332167200000000,-151.20199584960938,excavator_base_link,398692097,1765332167,2.4682912142809,0.08662433757648558,0.0,0.0,0.0,0.0,0.0,127,0,0.0,370979982,1765332167,0.0,4,f,0,4,f,0,4,f,0,59.579,gps,399709932,1765332167,36.400118930666665,127.36124359,0.6400000000000001,0.0,0.0,0.0,0.6400000000000001,0.0,0.0,0.0,2.5600000000000005,1,1,1,0.1,0.0,0.0,0.0,0.0,0.0,0.1,0.0,0.0,0.0,0.0,0.0,0.0,0.0,0.1,0.0,0.0,0.0,0.0,0.0,0.0,0.1,0.0,0.0,0.0,0.0,0.0,0.0,0.0,0.1,0.0,0.0,0.0,0.1,0.0,0.0,0.0,0.0,0.0,-0.0005099391460829734,-0.0038229059677856825,9.096313253095024e-06,8,d,gps,400523905,1765332167,-59.358000000000004,-2.069,0.959,0,0,-41.757999420166016,4,f,0,4,f,0,4,f,0,4,f,0,-15.949000358581543,-17.600000381469727,False,True,100.0,59.579,gps,299750930,1765332167,36.400118921166666,127.36124358466667,0.6400000000000001,0.0,0.0,0.0,0.6400000000000001,0.0,0.0,0.0,2.5600000000000005,1,1,1,0.1,0.0,0.0,0.0,0.0,0.0,0.1,0.0,0.0,0.0,0.0,0.0,0.0,0.0,0.1,0.0,0.0,0.0,0.0,0.0,0.0,0.1,0.0,0.0,0.0,0.0,0.0,0.0,0.0,0.1,0.0,0.0,0.0,0.1,0.0,0.0,0.0,0.0,0.0,-0.0005103259342715908,-0.0038232064967463285,9.096631659183669e-06,excavator_base,371090298,1765332167,True,50.0,False,96.81999969482422,-2.5199999809265137,False,False,-13.6899995803833,-2.25,False,False,51.5099983215332,-10.640000343322754,False,excavator_base,371195173,1765332167,-15.972000122070312,False,0.0,0.0,0.0,0.0,0.0,0.0,0.0,0.0,0.0,excavator_base,371231080,1765332167,False,False,-15.972000122070312,0.0,0,False,,0,0,0.0,0.0,False,0.0,0.0,0.0,0,False,,0,0,False,0.0,0.0,0,default,2145.0,1314.0,False,1328.0,534.0,False,1509.0,1037.0,False,excavator_base,371152832,1765332167,0.0,0.0,-15.972000122070312,False,True,True,True,0,False,True,0,excavator_base,371282734,1765332167,0,True,0.0,0.0,0.0,0,0,False,0,True,True,24.0,True,8,d,gps,401036695,1765332167,-59.358000000000004,-2.069,0.959,0,0,0.0,59.579,0.0,0.0,0.8,gps,400766426,1765332167,-59.358000000000004,36.400118930666665,127.36124359,0,1,14,0.0,0.0,0,0,0.0,0.0,59.579,36.400118921166666,127.36124358466667,0.0,0.0,0.0,0.0,0.0,0.0,0.0,0.0,0.0,-59.381,base_link,356383063,1765332167,69.46900177001953,16.667999267578125,124.71099853515625,-15.972000122070312,0.0,-2.063,0.961,0.0,zedx_cabin_imu_link,zedx_cabin_left_camera_frame,299281154,1765332167,0.9999747276306152,0.006695220712572336,-0.0017097544623538852,-0.0016760278958827257,0.0,-0.03564900532364845,-0.00014700002793688327
1765332167300000000,-155.71600341796875,excavator_base_link,498690751,1765332167,2.4259525375112956,0.137893531698385,0.0,0.0,0.0,0.0,0.0,127,0,0.0,419355155,1765332167,0.0,4,f,0,4,f,0,4,f,0,59.579,gps,499767088,1765332167,36.40011894333333,127.36124360716667,0.6400000000000001,0.0,0.0,0.0,0.6400000000000001,0.0,0.0,0.0,2.5600000000000005,1,1,1,0.1,0.0,0.0,0.0,0.0,0.0,0.1,0.0,0.0,0.0,0.0,0.0,0.0,0.0,0.1,0.0,0.0,0.0,0.0,0.0,0.0,0.1,0.0,0.0,0.0,0.0,0.0,0.0,0.0,0.1,0.0,0.0,0.0,0.1,0.0,0.0,0.0,0.0,0.0,-0.0005094294168846746,-0.003822235614605646,9.095994920128263e-06,8,d,gps,500506845,1765332167,-59.33099999999999,-2.06,0.855,0,0,-41.73099899291992,4,f,0,4,f,0,4,f,0,4,f,0,-15.92199993133545,-17.600000381469727,False,True,100.0,59.579,gps,399709932,1765332167,36.400118930666665,127.36124359,0.6400000000000001,0.0,0.0,0.0,0.6400000000000001,0.0,0.0,0.0,2.5600000000000005,1,1,1,0.1,0.0,0.0,0.0,0.0,0.0,0.1,0.0,0.0,0.0,0.0,0.0,0.0,0.0,0.1,0.0,0.0,0.0,0.0,0.0,0.0,0.1,0.0,0.0,0.0,0.0,0.0,0.0,0.0,0.1,0.0,0.0,0.0,0.1,0.0,0.0,0.0,0.0,0.0,-0.0005099391460829734,-0.0038229059677856825,9.096313253095024e-06,excavator_base,472401633,1765332167,True,50.0,False,97.48999786376953,-2.569999933242798,False,False,-13.5600004196167,-2.319999933242798,False,False,53.790000915527344,-10.710000038146973,False,excavator_base,472510764,1765332167,-15.949000358581543,False,0.0,0.0,0.0,0.0,0.0,0.0,0.0,0.0,0.0,excavator_base,472546640,1765332167,False,False,-15.949000358581543,0.0,0,False,,0,0,0.0,0.0,False,0.0,0.0,0.0,0,False,,0,0,False,0.0,0.0,0,default,1988.0,1315.0,False,1313.0,534.0,False,1510.0,1043.0,False,excavator_base,472467400,1765332167,0.0,0.0,-15.949000358581543,False,True,True,True,0,False,True,0,excavator_base,472605686,1765332167,0,True,0.0,0.0,0.0,0,0,False,0,True,True,24.0,True,8,d,gps,500940555,1765332167,-59.33099999999999,-2.06,0.855,0,0,0.0,59.579,0.0,0.0,0.8,gps,500748023,1765332167,-59.33099999999999,36.40011894333333,127.36124360716667,0,1,14,0.0,0.0,0,0,0.0,0.0,59.579,36.400118930666665,127.36124359,0.0,0.0,0.0,0.0,0.0,0.0,0.0,0.0,0.0,-59.358000000000004,base_link,456375380,1765332167,69.16899871826172,16.54400062561035,120.81099700927734,-15.949000358581543,0.0,-2.069,0.959,0.0,zedx_boom_imu_link,zedx_boom_left_camera_frame,394825992,1765332167,0.999992847442627,0.003616482252255082,0.0005469119059853256,-0.0009107014629989862,0.0,-0.03564900532364845,-0.00014700002793688327
1765332167400000000,-156.33499145507812,excavator_base_link,598699743,1765332167,2.414819725967672,0.14435348237543622,0.0,0.0,0.0,0.0,0.0,127,0,0.0,570071947,1765332167,0.0,4,f,0,4,f,0,4,f,0,59.579,gps,599707272,1765332167,36.400118960166665,127.36124362466667,0.6400000000000001,0.0,0.0,0.0,0.6400000000000001,0.0,0.0,0.0,2.5600000000000005,1,1,1,0.1,0.0,0.0,0.0,0.0,0.0,0.1,0.0,0.0,0.0,0.0,0.0,0.0,0.0,0.1,0.0,0.0,0.0,0.0,0.0,0.0,0.1,0.0,0.0,0.0,0.0,0.0,0.0,0.0,0.1,0.0,0.0,0.0,0.1,0.0,0.0,0.0,0.0,0.0,-0.0005087574994577094,-0.003821551690931004,9.095668995718616e-06,8,d,gps,603115373,1765332167,-59.334,-2.066,0.775,0,0,-41.73400115966797,4,f,0,4,f,0,4,f,0,4,f,0,-15.925000190734863,-17.600000381469727,False,True,100.0,59.579,gps,499767088,1765332167,36.40011894333333,127.36124360716667,0.6400000000000001,0.0,0.0,0.0,0.6400000000000001,0.0,0.0,0.0,2.5600000000000005,1,1,1,0.1,0.0,0.0,0.0,0.0,0.0,0.1,0.0,0.0,0.0,0.0,0.0,0.0,0.0,0.1,0.0,0.0,0.0,0.0,0.0,0.0,0.1,0.0,0.0,0.0,0.0,0.0,0.0,0.0,0.1,0.0,0.0,0.0,0.1,0.0,0.0,0.0,0.0,0.0,-0.0005094294168846746,-0.003822235614605646,9.095994920128263e-06,excavator_base,571329519,1765332167,True,50.0,False,97.7699966430664,-2.5799999237060547,False,False,-13.399999618530273,-2.2899999618530273,False,False,56.70000076293945,-10.680000305175781,False,excavator_base,571442139,1765332167,-15.92199993133545,False,0.0,0.0,0.0,0.0,0.0,0.0,0.0,0.0,0.0,excavator_base,571478719,1765332167,False,False,-15.92199993133545,0.0,0,False,,0,0,0.0,0.0,False,0.0,0.0,0.0,0,False,,0,0,False,0.0,0.0,0,default,1636.0,1315.0,False,1220.0,533.0,False,1510.0,1127.0,False,excavator_base,571397430,1765332167,0.0,0.0,-15.92199993133545,False,True,True,True,0,False,True,0,excavator_base,571536613,1765332167,0,True,0.0,0.0,0.0,0,0,False,0,True,True,24.0,True,8,d,gps,603619041,1765332167,-59.334,-2.066,0.775,0,0,0.0,59.579,0.0,0.0,0.8,gps,603449487,1765332167,-59.334,36.400118960166665,127.36124362466667,0,1,14,0.0,0.0,0,0,0.0,0.0,59.579,36.40011894333333,127.36124360716667,0.0,0.0,0.0,0.0,0.0,0.0,0.0,0.0,0.0,-59.33099999999999,base_link,556634350,1765332167,68.62899780273438,16.375,118.60099792480469,-15.92199993133545,0.0,-2.06,0.855,0.0,zedx_cabin_imu_link,zedx_cabin_left_camera_frame,497233831,1765332167,0.9999747276306152,0.006695220712572336,-0.0017097544623538852,-0.0016760278958827257,0.0,-0.03564900532364845,-0.00014700002793688327
1765332167500000000,-156.37899780273438,excavator_base_link,700636103,1765332167,2.407354809779206,0.14503297808494306,0.0,0.0,0.0,0.0,0.0,127,0,0.0,670008067,1765332167,0.0,4,f,0,4,f,0,4,f,0,59.579,gps,699851797,1765332167,36.4001189775,127.36124364450001,0.6400000000000001,0.0,0.0,0.0,0.6400000000000001,0.0,0.0,0.0,2.5600000000000005,1,1,1,0.1,0.0,0.0,0.0,0.0,0.0,0.1,0.0,0.0,0.0,0.0,0.0,0.0,0.0,0.1,0.0,0.0,0.0,0.0,0.0,0.0,0.1,0.0,0.0,0.0,0.0,0.0,0.0,0.0,0.1,0.0,0.0,0.0,0.1,0.0,0.0,0.0,0.0,0.0,-0.0005080669959746161,-0.003820800762709812,9.095357074670928e-06,8,d,gps,700980843,1765332167,-59.35499999999999,-2.063,0.697,0,0,-41.755001068115234,4,f,0,4,f,0,4,f,0,4,f,0,-15.946000099182129,-17.600000381469727,False,True,100.0,59.579,gps,599707272,1765332167,36.400118960166665,127.36124362466667,0.6400000000000001,0.0,0.0,0.0,0.6400000000000001,0.0,0.0,0.0,2.5600000000000005,1,1,1,0.1,0.0,0.0,0.0,0.0,0.0,0.1,0.0,0.0,0.0,0.0,0.0,0.0,0.0,0.1,0.0,0.0,0.0,0.0,0.0,0.0,0.1,0.0,0.0,0.0,0.0,0.0,0.0,0.0,0.1,0.0,0.0,0.0,0.1,0.0,0.0,0.0,0.0,0.0,-0.0005087574994577094,-0.003821551690931004,9.095668995718616e-06,excavator_base,671147578,1765332167,True,50.0,False,98.1500015258789,-2.450000047683716,False,False,-13.390000343322754,-2.240000009536743,False,False,56.61000061035156,-10.550000190734863,False,excavator_base,671252965,1765332167,-15.925000190734863,False,0.0,0.0,0.0,0.0,0.0,0.0,0.0,0.0,0.0,excavator_base,671287177,1765332167,False,False,-15.925000190734863,0.0,0,False,,0,0,0.0,0.0,False,0.0,0.0,0.0,0,False,,0,0,False,0.0,0.0,0,default,1762.0,1317.0,False,1045.0,533.0,False,1510.0,985.0,False,excavator_base,671212065,1765332167,0.0,0.0,-15.925000190734863,False,True,True,True,0,False,True,0,excavator_base,671337742,1765332167,0,True,0.0,0.0,0.0,0,0,False,0,True,True,24.0,True,8,d,gps,701434459,1765332167,-59.35499999999999,-2.063,0.697,0,0,0.0,59.579,0.0,0.0,0.8,gps,701259401,1765332167,-59.35499999999999,36.4001189775,127.36124364450001,0,1,14,0.0,0.0,0,0,0.0,0.0,59.579,36.400118960166665,127.36124362466667,0.0,0.0,0.0,0.0,0.0,0.0,0.0,0.0,0.0,-59.334,base_link,657050903,1765332167,68.46900177001953,16.371000289916992,118.86100006103516,-15.925000190734863,0.0,-2.066,0.775,0.0,zedx_cabin_imu_link,zedx_cabin_left_camera_frame,599550583,1765332167,0.9999747276306152,0.006695220712572336,-0.0017097544623538852,-0.0016760278958827257,0.0,-0.03564900532364845,-0.00014700002793688327
1765332167600000000,-156.66200256347656,excavator_base_link,798720349,1765332167,2.4008825030149774,0.1479339513612071,0.0,0.0,0.0,0.0,0.0,127,0,0.0,770170962,1765332167,0.0,4,f,0,4,f,0,4,f,0,59.579,gps,801282665,1765332167,36.40011899066667,127.36124365583333,0.6400000000000001,0.0,0.0,0.0,0.6400000000000001,0.0,0.0,0.0,2.5600000000000005,1,1,1,0.1,0.0,0.0,0.0,0.0,0.0,0.1,0.0,0.0,0.0,0.0,0.0,0.0,0.0,0.1,0.0,0.0,0.0,0.0,0.0,0.0,0.1,0.0,0.0,0.0,0.0,0.0,0.0,0.0,0.1,0.0,0.0,0.0,0.1,0.0,0.0,0.0,0.0,0.0,-0.0005075377848412966,-0.003820311459109318,9.09503546575965e-06,8,d,gps,802065211,1765332167,-59.34700000000001,-2.065,0.652,0,0,-41.74699783325195,4,f,0,4,f,0,4,f,0,4,f,0,-15.937999725341797,-17.600000381469727,False,True,100.0,59.579,gps,699851797,1765332167,36.4001189775,127.36124364450001,0.6400000000000001,0.0,0.0,0.0,0.6400000000000001,0.0,0.0,0.0,2.5600000000000005,1,1,1,0.1,0.0,0.0,0.0,0.0,0.0,0.1,0.0,0.0,0.0,0.0,0.0,0.0,0.0,0.1,0.0,0.0,0.0,0.0,0.0,0.0,0.1,0.0,0.0,0.0,0.0,0.0,0.0,0.0,0.1,0.0,0.0,0.0,0.1,0.0,0.0,0.0,0.0,0.0,-0.0005080669959746161,-0.003820800762709812,9.095357074670928e-06,excavator_base,771526400,1765332167,True,50.0,False,98.37000274658203,-2.4200000762939453,False,False,-13.350000381469727,-2.200000047683716,False,False,56.84000015258789,-10.449999809265137,False,excavator_base,771638796,1765332167,-15.946000099182129,False,0.0,0.0,0.0,0.0,0.0,0.0,0.0,0.0,0.0,excavator_base,771674415,1765332167,False,False,-15.946000099182129,0.0,0,False,,0,0,0.0,0.0,False,0.0,0.0,0.0,0,False,,0,0,False,0.0,0.0,0,default,1913.0,1317.0,False,1015.0,533.0,False,1513.0,977.0,False,excavator_base,771596071,1765332167,0.0,0.0,-15.946000099182129,False,True,True,True,0,False,True,0,excavator_base,771730837,1765332167,0,True,0.0,0.0,0.0,0,0,False,0,True,True,24.0,True,8,d,gps,802436258,1765332167,-59.34700000000001,-2.065,0.652,0,0,0.0,59.579,0.0,0.0,0.8,gps,802288754,1765332167,-59.34700000000001,36.40011899066667,127.36124365583333,0,1,14,0.0,0.0,0,0,0.0,0.0,59.579,36.4001189775,127.36124364450001,0.0,0.0,0.0,0.0,0.0,0.0,0.0,0.0,0.0,-59.35499999999999,base_link,756342443,1765332167,68.11900329589844,16.327999114990234,119.02100372314453,-15.946000099182129,0.0,-2.063,0.697,0.0,zedx_boom_imu_link,zedx_boom_left_camera_frame,694989809,1765332167,0.999992847442627,0.003616482252255082,0.0005469119059853256,-0.0009107014629989862,0.0,-0.03564900532364845,-0.00014700002793688327
1765332167700000000,-157.42999267578125,excavator_base_link,898710522,1765332167,2.4003550853322926,0.15387746626676427,0.0,0.0,0.0,0.0,0.0,127,0,0.0,869440708,1765332167,0.0,4,f,0,4,f,0,4,f,0,59.579,gps,899375776,1765332167,36.40011899933333,127.36124365933334,0.6400000000000001,0.0,0.0,0.0,0.6400000000000001,0.0,0.0,0.0,2.5600000000000005,1,1,1,0.1,0.0,0.0,0.0,0.0,0.0,0.1,0.0,0.0,0.0,0.0,0.0,0.0,0.0,0.1,0.0,0.0,0.0,0.0,0.0,0.0,0.1,0.0,0.0,0.0,0.0,0.0,0.0,0.0,0.1,0.0,0.0,0.0,0.1,0.0,0.0,0.0,0.0,0.0,-0.00050718388477041,-0.0038200711379093124,9.09472373909953e-06,8,d,gps,900002369,1765332167,-59.29599999999999,-2.071,0.644,0,0,-41.69599914550781,4,f,0,4,f,0,4,f,0,4,f,0,-15.88700008392334,-17.600000381469727,False,True,100.0,59.579,gps,801282665,1765332167,36.40011899066667,127.36124365583333,0.6400000000000001,0.0,0.0,0.0,0.6400000000000001,0.0,0.0,0.0,2.5600000000000005,1,1,1,0.1,0.0,0.0,0.0,0.0,0.0,0.1,0.0,0.0,0.0,0.0,0.0,0.0,0.0,0.1,0.0,0.0,0.0,0.0,0.0,0.0,0.1,0.0,0.0,0.0,0.0,0.0,0.0,0.0,0.1,0.0,0.0,0.0,0.1,0.0,0.0,0.0,0.0,0.0,-0.0005075377848412966,-0.003820311459109318,9.09503546575965e-06,excavator_base,871764407,1765332167,True,50.0,False,98.26000213623047,-2.4800000190734863,False,False,-13.300000190734863,-2.2300000190734863,False,False,57.189998626708984,-10.449999809265137,False,excavator_base,871874691,1765332167,-15.937999725341797,False,0.0,0.0,0.0,0.0,0.0,0.0,0.0,0.0,0.0,excavator_base,871910694,1765332167,False,False,-15.937999725341797,0.0,0,False,,0,0,0.0,0.0,False,0.0,0.0,0.0,0,False,,0,0,False,0.0,0.0,0,default,2087.0,1321.0,False,967.0,533.0,False,1511.0,1005.0,False,excavator_base,871831646,1765332167,0.0,0.0,-15.937999725341797,False,True,True,True,0,False,True,0,excavator_base,871969997,1765332167,0,True,0.0,0.0,0.0,0,0,False,0,True,True,24.0,True,8,d,gps,900376489,1765332167,-59.29599999999999,-2.071,0.644,0,0,0.0,59.579,0.0,0.0,0.8,gps,900231321,1765332167,-59.29599999999999,36.40011899933333,127.36124365933334,0,1,14,0.0,0.0,0,0,0.0,0.0,59.579,36.40011899066667,127.36124365583333,0.0,0.0,0.0,0.0,0.0,0.0,0.0,0.0,0.0,-59.34700000000001,base_link,856314791,1765332167,68.16899871826172,16.280000686645508,118.6709976196289,-15.937999725341797,0.0,-2.065,0.652,0.0,zedx_cabin_imu_link,zedx_cabin_left_camera_frame,796945959,1765332167,0.9999747276306152,0.006695220712572336,-0.0017097544623538852,-0.0016760278958827257,0.0,-0.03564900532364845,-0.00014700002793688327
1765332167800000000,-159.7740020751953,excavator_base_link,998691062,1765332167,2.393238411658913,0.17880421714909853,0.0,0.0,0.0,0.0,0.0,127,0,0.0,969371451,1765332167,0.0,4,f,0,4,f,0,4,f,0,59.578,gps,117260,1765332168,36.400119007,127.36124366583333,0.6400000000000001,0.0,0.0,0.0,0.6400000000000001,0.0,0.0,0.0,2.5600000000000005,1,1,1,0.1,0.0,0.0,0.0,0.0,0.0,0.1,0.0,0.0,0.0,0.0,0.0,0.0,0.0,0.1,0.0,0.0,0.0,0.0,0.0,0.0,0.1,0.0,0.0,0.0,0.0,0.0,0.0,0.0,0.1,0.0,0.0,0.0,0.1,0.0,0.0,0.0,0.0,0.0,-0.0005068683316309478,-0.0038197332901202434,8.744618276664657e-06,8,d,gps,868794,1765332168,-59.19200000000001,-2.078,0.665,0,0,-41.59199905395508,4,f,0,4,f,0,4,f,0,4,f,0,-15.782999992370605,-17.600000381469727,False,True,100.0,59.579,gps,899375776,1765332167,36.40011899933333,127.36124365933334,0.6400000000000001,0.0,0.0,0.0,0.6400000000000001,0.0,0.0,0.0,2.5600000000000005,1,1,1,0.1,0.0,0.0,0.0,0.0,0.0,0.1,0.0,0.0,0.0,0.0,0.0,0.0,0.0,0.1,0.0,0.0,0.0,0.0,0.0,0.0,0.1,0.0,0.0,0.0,0.0,0.0,0.0,0.0,0.1,0.0,0.0,0.0,0.1,0.0,0.0,0.0,0.0,0.0,-0.00050718388477041,-0.0038200711379093124,9.09472373909953e-06,excavator_base,975576644,1765332167,True,50.0,False,98.1500015258789,-2.549999952316284,False,False,-13.149999618530273,-2.2699999809265137,False,False,58.869998931884766,-10.579999923706055,False,excavator_base,975687760,1765332167,-15.88700008392334,False,0.0,0.0,0.0,0.0,0.0,0.0,0.0,0.0,0.0,excavator_base,975726356,1765332167,False,False,-15.88700008392334,0.0,0,False,,0,0,0.0,0.0,False,0.0,0.0,0.0,0,False,,0,0,False,0.0,0.0,0,default,2252.0,1321.0,False,968.0,533.0,False,1515.0,1024.0,False,excavator_base,975645771,1765332167,0.0,0.0,-15.88700008392334,False,True,True,True,0,False,True,0,excavator_base,975779225,1765332167,0,True,0.0,0.0,0.0,0,0,False,0,True,True,24.0,True,8,d,gps,1342252,1765332168,-59.19200000000001,-2.078,0.665,0,0,0.0,59.578,0.0,0.0,0.8,gps,1144663,1765332168,-59.19200000000001,36.400119007,127.36124366583333,0,1,14,0.0,0.0,0,0,0.0,0.0,59.579,36.40011899933333,127.36124365933334,0.0,0.0,0.0,0.0,0.0,0.0,0.0,0.0,0.0,-59.29599999999999,base_link,956469429,1765332167,68.4990005493164,16.13599967956543,116.81099700927734,-15.88700008392334,0.0,-2.071,0.644,0.0,zedx_cabin_imu_link,zedx_cabin_left_camera_frame,899043105,1765332167,0.9999747276306152,0.006695220712572336,-0.0017097544623538852,-0.0016760278958827257,0.0,-0.03564900532364845,-0.00014700002793688327
1765332167900000000,-162.20700073242188,excavator_base_link,98712983,1765332168,2.383735066318296,0.20658920659090135,0.0,0.0,0.0,0.0,0.0,127,0,0.0,69528330,1765332168,0.0,4,f,0,4,f,0,4,f,0,59.578,gps,99960986,1765332168,36.40011901966667,127.361243668,0.6400000000000001,0.0,0.0,0.0,0.6400000000000001,0.0,0.0,0.0,2.5600000000000005,1,1,1,0.1,0.0,0.0,0.0,0.0,0.0,0.1,0.0,0.0,0.0,0.0,0.0,0.0,0.0,0.1,0.0,0.0,0.0,0.0,0.0,0.0,0.1,0.0,0.0,0.0,0.0,0.0,0.0,0.0,0.1,0.0,0.0,0.0,0.1,0.0,0.0,0.0,0.0,0.0,-0.0005063588533576351,-0.00381953220977792,8.74431294512318e-06,8,d,gps,100686693,1765332168,-59.209,-2.071,0.652,0,0,-41.60900115966797,4,f,0,4,f,0,4,f,0,4,f,0,-15.800000190734863,-17.600000381469727,False,True,100.0,59.578,gps,117260,1765332168,36.400119007,127.36124366583333,0.6400000000000001,0.0,0.0,0.0,0.6400000000000001,0.0,0.0,0.0,2.5600000000000005,1,1,1,0.1,0.0,0.0,0.0,0.0,0.0,0.1,0.0,0.0,0.0,0.0,0.0,0.0,0.0,0.1,0.0,0.0,0.0,0.0,0.0,0.0,0.1,0.0,0.0,0.0,0.0,0.0,0.0,0.0,0.1,0.0,0.0,0.0,0.1,0.0,0.0,0.0,0.0,0.0,-0.0005068683316309478,-0.0038197332901202434,8.744618276664657e-06,excavator_base,71001796,1765332168,True,50.0,False,98.11000061035156,-2.5999999046325684,False,False,-13.010000228881836,-2.2899999618530273,False,False,61.25,-10.619999885559082,False,excavator_base,71146419,1765332168,-15.782999992370605,False,0.0,0.0,0.0,0.0,0.0,0.0,0.0,0.0,0.0,excavator_base,71186839,1765332168,False,False,-15.782999992370605,0.0,0,False,,0,0,0.0,0.0,False,0.0,0.0,0.0,0,False,,0,0,False,0.0,0.0,0,default,2205.0,1321.0,False,968.0,534.0,False,1514.0,1014.0,False,excavator_base,71096302,1765332168,0.0,0.0,-15.782999992370605,False,True,True,True,0,False,True,0,excavator_base,71249278,1765332168,0,True,0.0,0.0,0.0,0,0,False,0,True,True,24.0,True,8,d,gps,101094640,1765332168,-59.209,-2.071,0.652,0,0,0.0,59.578,0.0,0.0,0.8,gps,100944000,1765332168,-59.209,36.40011901966667,127.361243668,0,1,14,0.0,0.0,0,0,0.0,0.0,59.578,36.400119007,127.36124366583333,0.0,0.0,0.0,0.0,0.0,0.0,0.0,0.0,0.0,-59.19200000000001,base_link,56391531,1765332168,68.68900299072266,16.003000259399414,114.38099670410156,-15.782999992370605,0.0,-2.078,0.665,0.0,zedx_boom_imu_link,zedx_boom_left_camera_frame,999289599,1765332167,0.999992847442627,0.003616482252255082,0.0005469119059853256,-0.0009107014629989862,0.0,-0.03564900532364845,-0.00014700002793688327
1765332168000000000,-165.0340118408203,excavator_base_link,199329430,1765332168,2.3701089960186708,0.23975186493197134,0.0,0.0,0.0,0.0,0.0,127,0,0.0,169602192,1765332168,0.0,4,f,0,4,f,0,4,f,0,59.578,gps,199969689,1765332168,36.40011902,127.36124367283334,0.6400000000000001,0.0,0.0,0.0,0.6400000000000001,0.0,0.0,0.0,2.5600000000000005,1,1,1,0.1,0.0,0.0,0.0,0.0,0.0,0.1,0.0,0.0,0.0,0.0,0.0,0.0,0.0,0.1,0.0,0.0,0.0,0.0,0.0,0.0,0.1,0.0,0.0,0.0,0.0,0.0,0.0,0.0,0.1,0.0,0.0,0.0,0.1,0.0,0.0,0.0,0.0,0.0,-0.0005063279536917544,-0.00381924570976837,8.744002816635342e-06,8,d,gps,202206659,1765332168,-59.23599999999999,-2.068,0.652,0,0,-41.6359977722168,4,f,0,4,f,0,4,f,0,4,f,0,-15.82699966430664,-17.600000381469727,False,True,100.0,59.578,gps,99960986,1765332168,36.40011901966667,127.361243668,0.6400000000000001,0.0,0.0,0.0,0.6400000000000001,0.0,0.0,0.0,2.5600000000000005,1,1,1,0.1,0.0,0.0,0.0,0.0,0.0,0.1,0.0,0.0,0.0,0.0,0.0,0.0,0.0,0.1,0.0,0.0,0.0,0.0,0.0,0.0,0.1,0.0,0.0,0.0,0.0,0.0,0.0,0.0,0.1,0.0,0.0,0.0,0.1,0.0,0.0,0.0,0.0,0.0,-0.0005063588533576351,-0.00381953220977792,8.74431294512318e-06,excavator_base,171004642,1765332168,True,50.0,False,98.2699966430664,-2.5299999713897705,False,False,-12.869999885559082,-2.2699999809265137,False,False,63.88999938964844,-10.5,False,excavator_base,171121134,1765332168,-15.800000190734863,False,0.0,0.0,0.0,0.0,0.0,0.0,0.0,0.0,0.0,excavator_base,171163987,1765332168,False,False,-15.800000190734863,0.0,0,False,,0,0,0.0,0.0,False,0.0,0.0,0.0,0,False,,0,0,False,0.0,0.0,0,default,2156.0,1321.0,False,968.0,534.0,False,1516.0,1016.0,False,excavator_base,171071913,1765332168,0.0,0.0,-15.800000190734863,False,True,True,True,0,False,True,0,excavator_base,171224665,1765332168,0,True,0.0,0.0,0.0,0,0,False,0,True,True,24.0,True,8,d,gps,202647665,1765332168,-59.23599999999999,-2.068,0.652,0,0,0.0,59.578,0.0,0.0,0.8,gps,202496737,1765332168,-59.23599999999999,36.40011902,127.36124367283334,0,1,14,0.0,0.0,0,0,0.0,0.0,59.578,36.40011901966667,127.361243668,0.0,0.0,0.0,0.0,0.0,0.0,0.0,0.0,0.0,-59.209,base_link,156702154,1765332168,68.7490005493164,15.855999946594238,111.82099914550781,-15.800000190734863,0.0,-2.071,0.652,0.0,zedx_cabin_imu_link,zedx_cabin_left_camera_frame,97381627,1765332168,0.9999747276306152,0.006695220712572336,-0.0017097544623538852,-0.0016760278958827257,0.0,-0.03564900532364845,-0.00014700002793688327
1765332168100000000,-167.9669952392578,excavator_base_link,304191409,1765332168,2.354618886345628,0.27464879227691985,0.0,0.0,0.0,0.0,0.0,127,0,0.0,269494787,1765332168,0.0,4,f,0,4,f,0,4,f,0,59.578,gps,300012667,1765332168,36.40011902133333,127.36124367733333,0.6400000000000001,0.0,0.0,0.0,0.6400000000000001,0.0,0.0,0.0,2.5600000000000005,1,1,1,0.1,0.0,0.0,0.0,0.0,0.0,0.1,0.0,0.0,0.0,0.0,0.0,0.0,0.0,0.1,0.0,0.0,0.0,0.0,0.0,0.0,0.1,0.0,0.0,0.0,0.0,0.0,0.0,0.0,0.1,0.0,0.0,0.0,0.1,0.0,0.0,0.0,0.0,0.0,-0.0005062587186253667,-0.003818973301382244,8.743701078815963e-06,8,d,gps,300712581,1765332168,-59.20400000000001,-2.066,0.615,0,0,-41.604000091552734,4,f,0,4,f,0,4,f,0,4,f,0,-15.795000076293945,-17.600000381469727,False,True,100.0,59.578,gps,199969689,1765332168,36.40011902,127.36124367283334,0.6400000000000001,0.0,0.0,0.0,0.6400000000000001,0.0,0.0,0.0,2.5600000000000005,1,1,1,0.1,0.0,0.0,0.0,0.0,0.0,0.1,0.0,0.0,0.0,0.0,0.0,0.0,0.0,0.1,0.0,0.0,0.0,0.0,0.0,0.0,0.1,0.0,0.0,0.0,0.0,0.0,0.0,0.0,0.1,0.0,0.0,0.0,0.1,0.0,0.0,0.0,0.0,0.0,-0.0005063279536917544,-0.00381924570976837,8.744002816635342e-06,excavator_base,270928633,1765332168,True,50.0,False,98.58999633789062,-2.549999952316284,False,False,-12.699999809265137,-2.259999990463257,False,False,66.95999908447266,-10.449999809265137,False,excavator_base,271034148,1765332168,-15.82699966430664,False,0.0,0.0,0.0,0.0,0.0,0.0,0.0,0.0,0.0,excavator_base,271070023,1765332168,False,False,-15.82699966430664,0.0,0,False,,0,0,0.0,0.0,False,0.0,0.0,0.0,0,False,,0,0,False,0.0,0.0,0,default,2076.0,1321.0,False,964.0,534.0,False,1519.0,1017.0,False,excavator_base,270993279,1765332168,0.0,0.0,-15.82699966430664,False,True,True,True,0,False,True,0,excavator_base,271122125,1765332168,0,True,0.0,0.0,0.0,0,0,False,0,True,True,24.0,True,8,d,gps,301073130,1765332168,-59.20400000000001,-2.066,0.615,0,0,0.0,59.578,0.0,0.0,0.8,gps,300930107,1765332168,-59.20400000000001,36.40011902133333,127.36124367733333,0,1,14,0.0,0.0,0,0,0.0,0.0,59.578,36.40011902,127.36124367283334,0.0,0.0,0.0,0.0,0.0,0.0,0.0,0.0,0.0,-59.23599999999999,base_link,256323328,1765332168,68.65899658203125,15.682999610900879,109.01100158691406,-15.82699966430664,0.0,-2.068,0.652,0.0,zedx_boom_imu_link,zedx_boom_left_camera_frame,197442301,1765332168,0.999992847442627,0.003616482252255082,0.0005469119059853256,-0.0009107014629989862,0.0,-0.03564900532364845,-0.00014700002793688327
1765332168200000000,-169.65899658203125,excavator_base_link,398727571,1765332168,2.351222609404384,0.2936429207484628,0.0,0.0,0.0,0.0,0.0,127,0,0.0,369738522,1765332168,0.0,4,f,0,4,f,0,4,f,0,59.578,gps,399955668,1765332168,36.400119022,127.36124367983334,0.6400000000000001,0.0,0.0,0.0,0.6400000000000001,0.0,0.0,0.0,2.5600000000000005,1,1,1,0.1,0.0,0.0,0.0,0.0,0.0,0.1,0.0,0.0,0.0,0.0,0.0,0.0,0.0,0.1,0.0,0.0,0.0,0.0,0.0,0.0,0.1,0.0,0.0,0.0,0.0,0.0,0.0,0.0,0.1,0.0,0.0,0.0,0.1,0.0,0.0,0.0,0.0,0.0,-0.000506215151335375,-0.0038187617640767,8.743395605727163e-06,8,d,gps,400609720,1765332168,-59.230999999999995,-2.064,0.658,0,0,-41.63100051879883,4,f,0,4,f,0,4,f,0,4,f,0,-15.821999549865723,-17.600000381469727,False,True,100.0,59.578,gps,300012667,1765332168,36.40011902133333,127.36124367733333,0.6400000000000001,0.0,0.0,0.0,0.6400000000000001,0.0,0.0,0.0,2.5600000000000005,1,1,1,0.1,0.0,0.0,0.0,0.0,0.0,0.1,0.0,0.0,0.0,0.0,0.0,0.0,0.0,0.1,0.0,0.0,0.0,0.0,0.0,0.0,0.1,0.0,0.0,0.0,0.0,0.0,0.0,0.0,0.1,0.0,0.0,0.0,0.1,0.0,0.0,0.0,0.0,0.0,-0.0005062587186253667,-0.003818973301382244,8.743701078815963e-06,excavator_base,371149678,1765332168,True,50.0,False,98.58999633789062,-2.559999942779541,False,False,-12.550000190734863,-2.2799999713897705,False,False,69.18000030517578,-10.4399995803833,False,excavator_base,371261946,1765332168,-15.795000076293945,False,0.0,0.0,0.0,0.0,0.0,0.0,0.0,0.0,0.0,excavator_base,371296925,1765332168,False,False,-15.795000076293945,0.0,0,False,,0,0,0.0,0.0,False,0.0,0.0,0.0,0,False,,0,0,False,0.0,0.0,0,default,1993.0,1324.0,False,966.0,534.0,False,1517.0,1025.0,False,excavator_base,371221301,1765332168,0.0,0.0,-15.795000076293945,False,True,True,True,0,False,True,0,excavator_base,371351043,1765332168,0,True,0.0,0.0,0.0,0,0,False,0,True,True,24.0,True,8,d,gps,400970590,1765332168,-59.230999999999995,-2.064,0.658,0,0,0.0,59.578,0.0,0.0,0.8,gps,400826447,1765332168,-59.230999999999995,36.400119022,127.36124367983334,0,1,14,0.0,0.0,0,0,0.0,0.0,59.578,36.40011902133333,127.36124367733333,0.0,0.0,0.0,0.0,0.0,0.0,0.0,0.0,0.0,-59.20400000000001,base_link,356410952,1765332168,68.62899780273438,15.531000137329102,106.97100067138672,-15.795000076293945,0.0,-2.066,0.615,0.0,zedx_boom_imu_link,zedx_boom_left_camera_frame,299131208,1765332168,0.999992847442627,0.003616482252255082,0.0005469119059853256,-0.0009107014629989862,0.0,-0.03564900532364845,-0.00014700002793688327
1765332168300000000,-171.91099548339844,excavator_base_link,498726449,1765332168,2.3422971580329564,0.3209106992747511,0.0,0.0,0.0,0.0,0.0,127,0,0.0,469442649,1765332168,0.0,4,f,0,4,f,0,4,f,0,59.578,gps,499988853,1765332168,36.4001190255,127.36124367683334,0.6400000000000001,0.0,0.0,0.0,0.6400000000000001,0.0,0.0,0.0,2.5600000000000005,1,1,1,0.1,0.0,0.0,0.0,0.0,0.0,0.1,0.0,0.0,0.0,0.0,0.0,0.0,0.0,0.1,0.0,0.0,0.0,0.0,0.0,0.0,0.1,0.0,0.0,0.0,0.0,0.0,0.0,0.0,0.1,0.0,0.0,0.0,0.1,0.0,0.0,0.0,0.0,0.0,-0.0005060615759519066,-0.003818721916486024,8.743089754487599e-06,8,d,gps,500599285,1765332168,-59.337999999999994,-2.061,0.658,0,0,-41.737998962402344,4,f,0,4,f,0,4,f,0,4,f,0,-15.928999900817871,-17.600000381469727,False,True,100.0,59.578,gps,399955668,1765332168,36.400119022,127.36124367983334,0.6400000000000001,0.0,0.0,0.0,0.6400000000000001,0.0,0.0,0.0,2.5600000000000005,1,1,1,0.1,0.0,0.0,0.0,0.0,0.0,0.1,0.0,0.0,0.0,0.0,0.0,0.0,0.0,0.1,0.0,0.0,0.0,0.0,0.0,0.0,0.1,0.0,0.0,0.0,0.0,0.0,0.0,0.0,0.1,0.0,0.0,0.0,0.1,0.0,0.0,0.0,0.0,0.0,-0.000506215151335375,-0.0038187617640767,8.743395605727163e-06,excavator_base,471016062,1765332168,True,50.0,False,98.80999755859375,-2.450000047683716,False,False,-12.4399995803833,-2.259999990463257,False,False,70.94999694824219,-10.369999885559082,False,excavator_base,471129738,1765332168,-15.821999549865723,False,0.0,0.0,0.0,0.0,0.0,0.0,0.0,0.0,0.0,excavator_base,471168526,1765332168,False,False,-15.821999549865723,0.0,0,False,,0,0,0.0,0.0,False,0.0,0.0,0.0,0,False,,0,0,False,0.0,0.0,0,default,2103.0,1326.0,False,962.0,534.0,False,1518.0,1027.0,False,excavator_base,471084773,1765332168,0.0,0.0,-15.821999549865723,False,True,True,True,0,False,True,0,excavator_base,471222452,1765332168,0,True,0.0,0.0,0.0,0,0,False,0,True,True,24.0,True,8,d,gps,500968732,1765332168,-59.337999999999994,-2.061,0.658,0,0,0.0,59.578,0.0,0.0,0.8,gps,500820172,1765332168,-59.337999999999994,36.4001190255,127.36124367683334,0,1,14,0.0,0.0,0,0,0.0,0.0,59.578,36.400119022,127.36124367983334,0.0,0.0,0.0,0.0,0.0,0.0,0.0,0.0,0.0,-59.230999999999995,base_link,456283321,1765332168,68.70899963378906,15.418999671936035,105.23100280761719,-15.821999549865723,0.0,-2.064,0.658,0.0,zedx_cabin_imu_link,zedx_cabin_left_camera_frame,398054213,1765332168,0.9999747276306152,0.006695220712572336,-0.0017097544623538852,-0.0016760278958827257,0.0,-0.03564900532364845,-0.00014700002793688327
1765332168400000000,-174.10400390625,excavator_base_link,599190176,1765332168,2.332837908570683,0.34849744911978975,0.0,0.0,0.0,0.0,0.0,127,0,0.0,569945100,1765332168,0.0,4,f,0,4,f,0,4,f,0,59.578,gps,600027800,1765332168,36.40011902716667,127.3612436815,0.6400000000000001,0.0,0.0,0.0,0.6400000000000001,0.0,0.0,0.0,2.5600000000000005,1,1,1,0.1,0.0,0.0,0.0,0.0,0.0,0.1,0.0,0.0,0.0,0.0,0.0,0.0,0.0,0.1,0.0,0.0,0.0,0.0,0.0,0.0,0.1,0.0,0.0,0.0,0.0,0.0,0.0,0.0,0.1,0.0,0.0,0.0,0.1,0.0,0.0,0.0,0.0,0.0,-0.0005059791681335883,-0.003818442462822246,8.742783765004424e-06,8,d,gps,600719328,1765332168,-59.394000000000005,-2.05,0.688,0,0,-41.79399871826172,4,f,0,4,f,0,4,f,0,4,f,0,-15.984999656677246,-17.600000381469727,False,True,100.0,59.578,gps,499988853,1765332168,36.4001190255,127.36124367683334,0.6400000000000001,0.0,0.0,0.0,0.6400000000000001,0.0,0.0,0.0,2.5600000000000005,1,1,1,0.1,0.0,0.0,0.0,0.0,0.0,0.1,0.0,0.0,0.0,0.0,0.0,0.0,0.0,0.1,0.0,0.0,0.0,0.0,0.0,0.0,0.1,0.0,0.0,0.0,0.0,0.0,0.0,0.0,0.1,0.0,0.0,0.0,0.1,0.0,0.0,0.0,0.0,0.0,-0.0005060615759519066,-0.003818721916486024,8.743089754487599e-06,excavator_base,573846116,1765332168,True,50.0,False,98.97000122070312,-2.319999933242798,False,False,-12.3100004196167,-2.200000047683716,False,False,73.47000122070312,-10.119999885559082,False,excavator_base,573977746,1765332168,-15.928999900817871,False,0.0,0.0,0.0,0.0,0.0,0.0,0.0,0.0,0.0,excavator_base,574013878,1765332168,False,False,-15.928999900817871,0.0,0,False,,0,0,0.0,0.0,False,0.0,0.0,0.0,0,False,,0,0,False,0.0,0.0,0,default,2011.0,1326.0,False,989.0,524.0,False,1520.0,1125.0,False,excavator_base,573922156,1765332168,0.0,0.0,-15.928999900817871,False,True,True,True,0,False,True,0,excavator_base,574125026,1765332168,0,True,0.0,0.0,0.0,0,0,False,0,True,True,24.0,True,8,d,gps,601127947,1765332168,-59.394000000000005,-2.05,0.688,0,0,0.0,59.578,0.0,0.0,0.8,gps,600962361,1765332168,-59.394000000000005,36.40011902716667,127.3612436815,0,1,14,0.0,0.0,0,0,0.0,0.0,59.578,36.4001190255,127.36124367683334,0.0,0.0,0.0,0.0,0.0,0.0,0.0,0.0,0.0,-59.337999999999994,base_link,557217849,1765332168,68.51899719238281,15.28600025177002,103.03099822998047,-15.928999900817871,0.0,-2.061,0.658,0.0,zedx_cabin_imu_link,zedx_cabin_left_camera_frame,498413390,1765332168,0.9999747276306152,0.006695220712572336,-0.0017097544623538852,-0.0016760278958827257,0.0,-0.03564900532364845,-0.00014700002793688327
1765332168500000000,-174.4350128173828,excavator_base_link,698720717,1765332168,2.3316432407732477,0.3533078576525703,0.0,0.0,0.0,0.0,0.0,127,0,0.0,669557634,1765332168,0.0,4,f,0,4,f,0,4,f,0,59.578,gps,700087548,1765332168,36.400119022,127.3612436685,0.6400000000000001,0.0,0.0,0.0,0.6400000000000001,0.0,0.0,0.0,2.5600000000000005,1,1,1,0.1,0.0,0.0,0.0,0.0,0.0,0.1,0.0,0.0,0.0,0.0,0.0,0.0,0.0,0.1,0.0,0.0,0.0,0.0,0.0,0.0,0.1,0.0,0.0,0.0,0.0,0.0,0.0,0.0,0.1,0.0,0.0,0.0,0.1,0.0,0.0,0.0,0.0,0.0,-0.0005061620135526383,-0.003818714995582614,8.742477804956379e-06,8,d,gps,700800615,1765332168,-59.37700000000001,-2.051,0.744,0,0,-41.777000427246094,4,f,0,4,f,0,4,f,0,4,f,0,-15.968000411987305,-17.600000381469727,False,True,100.0,59.578,gps,600027800,1765332168,36.40011902716667,127.3612436815,0.6400000000000001,0.0,0.0,0.0,0.6400000000000001,0.0,0.0,0.0,2.5600000000000005,1,1,1,0.1,0.0,0.0,0.0,0.0,0.0,0.1,0.0,0.0,0.0,0.0,0.0,0.0,0.0,0.1,0.0,0.0,0.0,0.0,0.0,0.0,0.1,0.0,0.0,0.0,0.0,0.0,0.0,0.0,0.1,0.0,0.0,0.0,0.1,0.0,0.0,0.0,0.0,0.0,-0.0005059791681335883,-0.003818442462822246,8.742783765004424e-06,excavator_base,671335580,1765332168,True,50.0,False,99.12000274658203,-2.319999933242798,False,False,-12.25,-2.2200000286102295,False,False,74.68000030517578,-10.039999961853027,False,excavator_base,671455753,1765332168,-15.984999656677246,False,0.0,0.0,0.0,0.0,0.0,0.0,0.0,0.0,0.0,excavator_base,671497581,1765332168,False,False,-15.984999656677246,0.0,0,False,,0,0,0.0,0.0,False,0.0,0.0,0.0,0,False,,0,0,False,0.0,0.0,0,default,1836.0,1326.0,False,1029.0,524.0,False,1522.0,1123.0,False,excavator_base,671408388,1765332168,0.0,0.0,-15.984999656677246,False,True,True,True,0,False,True,0,excavator_base,671561780,1765332168,0,True,0.0,0.0,0.0,0,0,False,0,True,True,24.0,True,8,d,gps,701179118,1765332168,-59.37700000000001,-2.051,0.744,0,0,0.0,59.578,0.0,0.0,0.8,gps,701026174,1765332168,-59.37700000000001,36.400119022,127.3612436685,0,1,14,0.0,0.0,0,0,0.0,0.0,59.578,36.40011902716667,127.3612436815,0.0,0.0,0.0,0.0,0.0,0.0,0.0,0.0,0.0,-59.394000000000005,base_link,656284981,1765332168,68.42900085449219,15.21500015258789,101.97100067138672,-15.984999656677246,0.0,-2.05,0.688,0.0,zedx_boom_imu_link,zedx_boom_left_camera_frame,597770456,1765332168,0.999992847442627,0.003616482252255082,0.0005469119059853256,-0.0009107014629989862,0.0,-0.03564900532364845,-0.00014700002793688327
1765332168600000000,-174.46400451660156,excavator_base_link,800575341,1765332168,2.3301183835281085,0.35674743866625414,0.0,0.0,0.0,0.0,0.0,127,0,0.0,771878291,1765332168,0.0,4,f,0,4,f,0,4,f,0,59.577,gps,800015283,1765332168,36.40011901583333,127.36124365066667,0.6400000000000001,0.0,0.0,0.0,0.6400000000000001,0.0,0.0,0.0,2.5600000000000005,1,1,1,0.1,0.0,0.0,0.0,0.0,0.0,0.1,0.0,0.0,0.0,0.0,0.0,0.0,0.0,0.1,0.0,0.0,0.0,0.0,0.0,0.0,0.1,0.0,0.0,0.0,0.0,0.0,0.0,0.0,0.1,0.0,0.0,0.0,0.1,0.0,0.0,0.0,0.0,0.0,-0.000506383688302531,-0.0038191387163204536,8.392485439473787e-06,8,d,gps,800705851,1765332168,-59.381,-2.046,0.865,0,0,-41.78099822998047,4,f,0,4,f,0,4,f,0,4,f,0,-15.972000122070312,-17.600000381469727,False,True,100.0,59.578,gps,700087548,1765332168,36.400119022,127.3612436685,0.6400000000000001,0.0,0.0,0.0,0.6400000000000001,0.0,0.0,0.0,2.5600000000000005,1,1,1,0.1,0.0,0.0,0.0,0.0,0.0,0.1,0.0,0.0,0.0,0.0,0.0,0.0,0.0,0.1,0.0,0.0,0.0,0.0,0.0,0.0,0.1,0.0,0.0,0.0,0.0,0.0,0.0,0.0,0.1,0.0,0.0,0.0,0.1,0.0,0.0,0.0,0.0,0.0,-0.0005061620135526383,-0.003818714995582614,8.742477804956379e-06,excavator_base,773868643,1765332168,True,50.0,False,99.12999725341797,-2.309999942779541,False,False,-12.289999961853027,-2.2300000190734863,False,False,74.73999786376953,-10.050000190734863,False,excavator_base,774004337,1765332168,-15.968000411987305,False,0.0,0.0,0.0,0.0,0.0,0.0,0.0,0.0,0.0,excavator_base,774047606,1765332168,False,False,-15.968000411987305,0.0,0,False,,0,0,0.0,0.0,False,0.0,0.0,0.0,0,False,,0,0,False,0.0,0.0,0,default,1826.0,1326.0,False,1064.0,524.0,False,1523.0,1133.0,False,excavator_base,773956428,1765332168,0.0,0.0,-15.968000411987305,False,True,True,True,0,False,True,0,excavator_base,774113661,1765332168,0,True,0.0,0.0,0.0,0,0,False,0,True,True,24.0,True,8,d,gps,701179118,1765332168,-59.37700000000001,-2.051,0.744,0,0,0.0,59.578,0.0,0.0,0.8,gps,701026174,1765332168,-59.37700000000001,36.400119022,127.3612436685,0,1,14,0.0,0.0,0,0,0.0,0.0,59.578,36.400119022,127.3612436685,0.0,0.0,0.0,0.0,0.0,0.0,0.0,0.0,0.0,-59.37700000000001,base_link,756312758,1765332168,68.37899780273438,15.255999565124512,101.9209976196289,-15.968000411987305,0.0,-2.051,0.744,0.0,zedx_boom_imu_link,zedx_boom_left_camera_frame,694476479,1765332168,0.999992847442627,0.003616482252255082,0.0005469119059853256,-0.0009107014629989862,0.0,-0.03564900532364845,-0.00014700002793688327
1765332168700000000,-174.69900512695312,excavator_base_link,898733515,1765332168,2.3242574350015452,0.3641810196615005,0.0,0.0,0.0,0.0,0.0,127,0,0.0,869511450,1765332168,0.0,4,f,0,4,f,0,4,f,0,59.577,gps,900074007,1765332168,36.400119010666664,127.3612436455,0.6400000000000001,0.0,0.0,0.0,0.6400000000000001,0.0,0.0,0.0,2.5600000000000005,1,1,1,0.1,0.0,0.0,0.0,0.0,0.0,0.1,0.0,0.0,0.0,0.0,0.0,0.0,0.0,0.1,0.0,0.0,0.0,0.0,0.0,0.0,0.1,0.0,0.0,0.0,0.0,0.0,0.0,0.0,0.1,0.0,0.0,0.0,0.1,0.0,0.0,0.0,0.0,0.0,-0.0005065665126915975,-0.003819166528921027,8.392191856859467e-06,8,d,gps,900739933,1765332168,-59.35400000000001,-2.053,0.971,0,0,-41.753997802734375,4,f,0,4,f,0,4,f,0,4,f,0,-15.944999694824219,-17.600000381469727,False,True,100.0,59.577,gps,800015283,1765332168,36.40011901583333,127.36124365066667,0.6400000000000001,0.0,0.0,0.0,0.6400000000000001,0.0,0.0,0.0,2.5600000000000005,1,1,1,0.1,0.0,0.0,0.0,0.0,0.0,0.1,0.0,0.0,0.0,0.0,0.0,0.0,0.0,0.1,0.0,0.0,0.0,0.0,0.0,0.0,0.1,0.0,0.0,0.0,0.0,0.0,0.0,0.0,0.1,0.0,0.0,0.0,0.1,0.0,0.0,0.0,0.0,0.0,-0.000506383688302531,-0.0038191387163204536,8.392485439473787e-06,excavator_base,871177864,1765332168,True,50.0,False,99.33999633789062,-2.299999952316284,False,False,-12.390000343322754,-2.2200000286102295,False,False,74.80000305175781,-9.989999771118164,False,excavator_base,871292468,1765332168,-15.972000122070312,False,0.0,0.0,0.0,0.0,0.0,0.0,0.0,0.0,0.0,excavator_base,871329208,1765332168,False,False,-15.972000122070312,0.0,0,False,,0,0,0.0,0.0,False,0.0,0.0,0.0,0,False,,0,0,False,0.0,0.0,0,default,1824.0,1329.0,False,1073.0,524.0,False,1523.0,1138.0,False,excavator_base,871249007,1765332168,0.0,0.0,-15.972000122070312,False,True,True,True,0,False,True,0,excavator_base,871381245,1765332168,0,True,0.0,0.0,0.0,0,0,False,0,True,True,24.0,True,8,d,gps,901116772,1765332168,-59.35400000000001,-2.053,0.971,0,0,0.0,59.577,0.0,0.0,0.8,gps,900961204,1765332168,-59.35400000000001,36.400119010666664,127.3612436455,0,1,14,0.0,0.0,0,0,0.0,0.0,59.577,36.40011901583333,127.36124365066667,0.0,0.0,0.0,0.0,0.0,0.0,0.0,0.0,0.0,-59.381,base_link,856289266,1765332168,68.1989974975586,15.35099983215332,101.94100189208984,-15.972000122070312,0.0,-2.046,0.865,0.0,zedx_cabin_imu_link,zedx_cabin_left_camera_frame,798142126,1765332168,0.9999747276306152,0.006695220712572336,-0.0017097544623538852,-0.0016760278958827257,0.0,-0.03564900532364845,-0.00014700002793688327
1765332168800000000,-175.21200561523438,excavator_base_link,998723112,1765332168,2.3144603918559348,0.3773564768912259,0.0,0.0,0.0,0.0,0.0,127,0,0.0,969416462,1765332168,0.0,4,f,0,4,f,0,4,f,0,59.577,gps,26640,1765332169,36.40011900416667,127.36124361983333,0.6400000000000001,0.0,0.0,0.0,0.6400000000000001,0.0,0.0,0.0,2.5600000000000005,1,1,1,0.1,0.0,0.0,0.0,0.0,0.0,0.1,0.0,0.0,0.0,0.0,0.0,0.0,0.0,0.1,0.0,0.0,0.0,0.0,0.0,0.0,0.1,0.0,0.0,0.0,0.0,0.0,0.0,0.0,0.1,0.0,0.0,0.0,0.1,0.0,0.0,0.0,0.0,0.0,-0.0005068010778606157,-0.0038198347864762654,8.391898357748337e-06,8,d,gps,850598,1765332169,-59.388000000000005,-2.019,1.031,0,0,-41.78799819946289,4,f,0,4,f,0,4,f,0,4,f,0,-15.979000091552734,-17.600000381469727,False,True,100.0,59.577,gps,900074007,1765332168,36.400119010666664,127.3612436455,0.6400000000000001,0.0,0.0,0.0,0.6400000000000001,0.0,0.0,0.0,2.5600000000000005,1,1,1,0.1,0.0,0.0,0.0,0.0,0.0,0.1,0.0,0.0,0.0,0.0,0.0,0.0,0.0,0.1,0.0,0.0,0.0,0.0,0.0,0.0,0.1,0.0,0.0,0.0,0.0,0.0,0.0,0.0,0.1,0.0,0.0,0.0,0.1,0.0,0.0,0.0,0.0,0.0,-0.0005065665126915975,-0.003819166528921027,8.392191856859467e-06,excavator_base,971699965,1765332168,True,50.0,False,99.68000030517578,-2.2899999618530273,False,False,-12.470000267028809,-2.2100000381469727,False,False,75.2699966430664,-10.0,False,excavator_base,971820585,1765332168,-15.944999694824219,False,0.0,0.0,0.0,0.0,0.0,0.0,0.0,0.0,0.0,excavator_base,971859405,1765332168,False,False,-15.944999694824219,0.0,0,False,,0,0,0.0,0.0,False,0.0,0.0,0.0,0,False,,0,0,False,0.0,0.0,0,default,1754.0,1328.0,False,1133.0,524.0,False,1523.0,1193.0,False,excavator_base,971775621,1765332168,0.0,0.0,-15.944999694824219,False,True,True,True,0,False,True,0,excavator_base,971916051,1765332168,0,True,0.0,0.0,0.0,0,0,False,0,True,True,24.0,True,8,d,gps,1278003,1765332169,-59.388000000000005,-2.019,1.031,0,0,0.0,59.577,0.0,0.0,0.8,gps,1124771,1765332169,-59.388000000000005,36.40011900416667,127.36124361983333,0,1,14,0.0,0.0,0,0,0.0,0.0,59.577,36.400119010666664,127.3612436455,0.0,0.0,0.0,0.0,0.0,0.0,0.0,0.0,0.0,-59.35400000000001,base_link,956292945,1765332168,67.80899810791016,15.437999725341797,101.78099822998047,-15.944999694824219,0.0,-2.053,0.971,0.0,zedx_cabin_imu_link,zedx_cabin_left_camera_frame,899528882,1765332168,0.9999747276306152,0.006695220712572336,-0.0017097544623538852,-0.0016760278958827257,0.0,-0.03564900532364845,-0.00014700002793688327
1765332168900000000,-175.75599670410156,excavator_base_link,102086566,1765332169,2.303401490477335,0.40033191105829846,0.0,0.0,0.0,0.0,0.0,127,0,0.0,69642308,1765332169,0.0,4,f,0,4,f,0,4,f,0,59.577,gps,100237285,1765332169,36.4001189965,127.36124361433333,0.6400000000000001,0.0,0.0,0.0,0.6400000000000001,0.0,0.0,0.0,2.5600000000000005,1,1,1,0.1,0.0,0.0,0.0,0.0,0.0,0.1,0.0,0.0,0.0,0.0,0.0,0.0,0.0,0.1,0.0,0.0,0.0,0.0,0.0,0.0,0.1,0.0,0.0,0.0,0.0,0.0,0.0,0.0,0.1,0.0,0.0,0.0,0.1,0.0,0.0,0.0,0.0,0.0,-0.0005070808889612555,-0.0038198728809719635,8.391604586053967e-06,8,d,gps,100845828,1765332169,-59.297,-2.024,1.194,0,0,-41.696998596191406,4,f,0,4,f,0,4,f,0,4,f,0,-15.887999534606934,-17.600000381469727,False,True,100.0,59.577,gps,26640,1765332169,36.40011900416667,127.36124361983333,0.6400000000000001,0.0,0.0,0.0,0.6400000000000001,0.0,0.0,0.0,2.5600000000000005,1,1,1,0.1,0.0,0.0,0.0,0.0,0.0,0.1,0.0,0.0,0.0,0.0,0.0,0.0,0.0,0.1,0.0,0.0,0.0,0.0,0.0,0.0,0.1,0.0,0.0,0.0,0.0,0.0,0.0,0.0,0.1,0.0,0.0,0.0,0.1,0.0,0.0,0.0,0.0,0.0,-0.0005068010778606157,-0.0038198347864762654,8.391898357748337e-06,excavator_base,71236490,1765332169,True,50.0,False,99.81999969482422,-2.359999895095825,False,False,-12.680000305175781,-2.25,False,False,75.73999786376953,-10.050000190734863,False,excavator_base,71346486,1765332169,-15.979000091552734,False,0.0,0.0,0.0,0.0,0.0,0.0,0.0,0.0,0.0,excavator_base,71383514,1765332169,False,False,-15.979000091552734,0.0,0,False,,0,0,0.0,0.0,False,0.0,0.0,0.0,0,False,,0,0,False,0.0,0.0,0,default,1679.0,1329.0,False,1362.0,523.0,False,1521.0,1301.0,False,excavator_base,71302769,1765332169,0.0,0.0,-15.979000091552734,False,True,True,True,0,False,True,0,excavator_base,71435583,1765332169,0,True,0.0,0.0,0.0,0,0,False,0,True,True,24.0,True,8,d,gps,101200649,1765332169,-59.297,-2.024,1.194,0,0,0.0,59.577,0.0,0.0,0.8,gps,101051066,1765332169,-59.297,36.4001189965,127.36124361433333,0,1,14,0.0,0.0,0,0,0.0,0.0,59.577,36.40011900416667,127.36124361983333,0.0,0.0,0.0,0.0,0.0,0.0,0.0,0.0,0.0,-59.388000000000005,base_link,56366007,1765332169,67.29900360107422,15.61400032043457,101.61100006103516,-15.979000091552734,0.0,-2.019,1.031,0.0,zedx_cabin_imu_link,zedx_cabin_left_camera_frame,997437106,1765332168,0.9999747276306152,0.006695220712572336,-0.0017097544623538852,-0.0016760278958827257,0.0,-0.03564900532364845,-0.00014700002793688327
1765332169000000000,-175.46099853515625,excavator_base_link,198696130,1765332169,2.30334833486865,0.4317394321813669,0.0,0.0,0.0,0.0,0.0,127,0,0.0,169472016,1765332169,0.0,4,f,0,4,f,0,4,f,0,59.578,gps,202101222,1765332169,36.400118987333336,127.361243615,0.6400000000000001,0.0,0.0,0.0,0.6400000000000001,0.0,0.0,0.0,2.5600000000000005,1,1,1,0.1,0.0,0.0,0.0,0.0,0.0,0.1,0.0,0.0,0.0,0.0,0.0,0.0,0.0,0.1,0.0,0.0,0.0,0.0,0.0,0.0,0.1,0.0,0.0,0.0,0.0,0.0,0.0,0.0,0.1,0.0,0.0,0.0,0.1,0.0,0.0,0.0,0.0,0.0,-0.0005074185203825236,-0.003819715521122916,8.740942335675726e-06,8,d,gps,203182583,1765332169,-59.108000000000004,-2.02,1.097,0,0,-41.507999420166016,4,f,0,4,f,0,4,f,0,4,f,0,-15.699000358581543,-17.600000381469727,False,True,100.0,59.577,gps,100237285,1765332169,36.4001189965,127.36124361433333,0.6400000000000001,0.0,0.0,0.0,0.6400000000000001,0.0,0.0,0.0,2.5600000000000005,1,1,1,0.1,0.0,0.0,0.0,0.0,0.0,0.1,0.0,0.0,0.0,0.0,0.0,0.0,0.0,0.1,0.0,0.0,0.0,0.0,0.0,0.0,0.1,0.0,0.0,0.0,0.0,0.0,0.0,0.0,0.1,0.0,0.0,0.0,0.1,0.0,0.0,0.0,0.0,0.0,-0.0005070808889612555,-0.0038198728809719635,8.391604586053967e-06,excavator_base,170885092,1765332169,True,50.0,False,99.4800033569336,-2.5,False,False,-13.300000190734863,-2.2699999809265137,False,False,76.06999969482422,-10.109999656677246,False,excavator_base,170985006,1765332169,-15.887999534606934,False,0.0,0.0,0.0,0.0,0.0,0.0,0.0,0.0,0.0,excavator_base,171020466,1765332169,False,False,-15.887999534606934,0.0,0,False,,0,0,0.0,0.0,False,0.0,0.0,0.0,0,False,,0,0,False,0.0,0.0,0,default,1551.0,1329.0,False,1642.0,523.0,False,1525.0,1478.0,False,excavator_base,170944874,1765332169,0.0,0.0,-15.887999534606934,False,True,True,True,0,False,True,0,excavator_base,171071959,1765332169,0,True,0.0,0.0,0.0,0,0,False,0,True,True,24.0,True,8,d,gps,203623397,1765332169,-59.108000000000004,-2.02,1.097,0,0,0.0,59.578,0.0,0.0,0.8,gps,203462196,1765332169,-59.108000000000004,36.400118987333336,127.361243615,0,1,14,0.0,0.0,0,0,0.0,0.0,59.577,36.4001189965,127.36124361433333,0.0,0.0,0.0,0.0,0.0,0.0,0.0,0.0,0.0,-59.297,base_link,156298990,1765332169,66.64900207519531,16.23900032043457,101.31099700927734,-15.887999534606934,0.0,-2.024,1.194,0.0,zedx_cabin_imu_link,zedx_cabin_left_camera_frame,98720905,1765332169,0.9999747276306152,0.006695220712572336,-0.0017097544623538852,-0.0016760278958827257,0.0,-0.03564900532364845,-0.00014700002793688327
1765332169100000000,-174.40499877929688,excavator_base_link,298706337,1765332169,2.315983768687841,0.457168325366037,0.0,0.0,0.0,0.0,0.0,127,0,0.0,269592923,1765332169,0.0,4,f,0,4,f,0,4,f,0,59.578,gps,300215039,1765332169,36.400118976,127.36124363016667,0.6400000000000001,0.0,0.0,0.0,0.6400000000000001,0.0,0.0,0.0,2.5600000000000005,1,1,1,0.1,0.0,0.0,0.0,0.0,0.0,0.1,0.0,0.0,0.0,0.0,0.0,0.0,0.0,0.1,0.0,0.0,0.0,0.0,0.0,0.0,0.1,0.0,0.0,0.0,0.0,0.0,0.0,0.0,0.1,0.0,0.0,0.0,0.1,0.0,0.0,0.0,0.0,0.0,-0.0005078410080366635,-0.0038191112232691597,8.740643604660522e-06,8,d,gps,300859714,1765332169,-58.953,-2.031,1.146,0,0,-41.35300064086914,4,f,0,4,f,0,4,f,0,4,f,0,-15.543999671936035,-17.600000381469727,False,True,100.0,59.578,gps,202101222,1765332169,36.400118987333336,127.361243615,0.6400000000000001,0.0,0.0,0.0,0.6400000000000001,0.0,0.0,0.0,2.5600000000000005,1,1,1,0.1,0.0,0.0,0.0,0.0,0.0,0.1,0.0,0.0,0.0,0.0,0.0,0.0,0.0,0.1,0.0,0.0,0.0,0.0,0.0,0.0,0.1,0.0,0.0,0.0,0.0,0.0,0.0,0.0,0.1,0.0,0.0,0.0,0.1,0.0,0.0,0.0,0.0,0.0,-0.0005074185203825236,-0.003819715521122916,8.740942335675726e-06,excavator_base,271189058,1765332169,True,50.0,False,98.94000244140625,-2.4800000190734863,False,False,-14.359999656677246,-2.259999990463257,False,False,75.18000030517578,-10.079999923706055,False,excavator_base,271306638,1765332169,-15.699000358581543,False,0.0,0.0,0.0,0.0,0.0,0.0,0.0,0.0,0.0,excavator_base,271345906,1765332169,False,False,-15.699000358581543,0.0,0,False,,0,0,0.0,0.0,False,0.0,0.0,0.0,0,False,,0,0,False,0.0,0.0,0,default,1538.0,1329.0,False,1540.0,523.0,False,1525.0,1490.0,False,excavator_base,271261641,1765332169,0.0,0.0,-15.699000358581543,False,True,True,True,0,False,True,0,excavator_base,271407161,1765332169,0,True,0.0,0.0,0.0,0,0,False,0,True,True,24.0,True,8,d,gps,301225032,1765332169,-58.953,-2.031,1.146,0,0,0.0,59.578,0.0,0.0,0.8,gps,301071736,1765332169,-58.953,36.400118976,127.36124363016667,0,1,14,0.0,0.0,0,0,0.0,0.0,59.578,36.400118987333336,127.361243615,0.0,0.0,0.0,0.0,0.0,0.0,0.0,0.0,0.0,-59.108000000000004,base_link,256414008,1765332169,66.4990005493164,17.295000076293945,101.29100036621094,-15.699000358581543,0.0,-2.02,1.097,0.0,zedx_boom_imu_link,zedx_boom_left_camera_frame,197208058,1765332169,0.999992847442627,0.003616482252255082,0.0005469119059853256,-0.0009107014629989862,0.0,-0.03564900532364845,-0.00014700002793688327
1765332169200000000,-173.65399169921875,excavator_base_link,398690109,1765332169,2.322443588341198,0.4827065865728361,0.0,0.0,0.0,0.0,0.0,127,0,0.0,369507504,1765332169,0.0,4,f,0,4,f,0,4,f,0,59.578,gps,400672941,1765332169,36.4001189635,127.361243632,0.6400000000000001,0.0,0.0,0.0,0.6400000000000001,0.0,0.0,0.0,2.5600000000000005,1,1,1,0.1,0.0,0.0,0.0,0.0,0.0,0.1,0.0,0.0,0.0,0.0,0.0,0.0,0.0,0.1,0.0,0.0,0.0,0.0,0.0,0.0,0.1,0.0,0.0,0.0,0.0,0.0,0.0,0.0,0.1,0.0,0.0,0.0,0.1,0.0,0.0,0.0,0.0,0.0,-0.0005083082422491064,-0.0038189196874222875,8.740336303052605e-06,8,d,gps,401558473,1765332169,-58.758999999999986,-2.032,1.143,0,0,-41.45899963378906,4,f,0,4,f,0,4,f,0,4,f,0,-15.350000381469727,-17.299999237060547,False,True,100.0,59.578,gps,300215039,1765332169,36.400118976,127.36124363016667,0.6400000000000001,0.0,0.0,0.0,0.6400000000000001,0.0,0.0,0.0,2.5600000000000005,1,1,1,0.1,0.0,0.0,0.0,0.0,0.0,0.1,0.0,0.0,0.0,0.0,0.0,0.0,0.0,0.1,0.0,0.0,0.0,0.0,0.0,0.0,0.1,0.0,0.0,0.0,0.0,0.0,0.0,0.0,0.1,0.0,0.0,0.0,0.1,0.0,0.0,0.0,0.0,0.0,-0.0005078410080366635,-0.0038191112232691597,8.740643604660522e-06,excavator_base,371693301,1765332169,True,50.0,False,97.66999816894531,-2.430000066757202,False,False,-15.34000015258789,-2.25,False,False,74.25,-9.970000267028809,False,excavator_base,371825891,1765332169,-15.543999671936035,False,0.0,0.0,0.0,0.0,0.0,0.0,0.0,0.0,0.0,excavator_base,371872808,1765332169,False,False,-15.543999671936035,0.0,0,False,,0,0,0.0,0.0,False,0.0,0.0,0.0,0,False,,0,0,False,0.0,0.0,0,default,1548.0,1328.0,False,1480.0,523.0,False,1523.0,1475.0,False,excavator_base,371774813,1765332169,0.0,0.0,-15.543999671936035,False,True,True,True,0,False,True,0,excavator_base,371945359,1765332169,0,True,0.0,0.0,0.0,0,0,False,0,True,True,24.0,True,8,d,gps,301225032,1765332169,-58.953,-2.031,1.146,0,0,0.0,59.578,0.0,0.0,0.8,gps,301071736,1765332169,-58.953,36.400118976,127.36124363016667,0,1,14,0.0,0.0,0,0,0.0,0.0,59.578,36.400118976,127.36124363016667,0.0,0.0,0.0,0.0,0.0,0.0,0.0,0.0,0.0,-58.953,base_link,357039096,1765332169,66.4489974975586,18.285999298095703,101.29100036621094,-15.543999671936035,0.0,-2.031,1.146,0.0,zedx_cabin_imu_link,zedx_cabin_left_camera_frame,296460889,1765332169,0.9999747276306152,0.006695220712572336,-0.0017097544623538852,-0.0016760278958827257,0.0,-0.03564900532364845,-0.00014700002793688327
1765332169300000000,-172.93299865722656,excavator_base_link,498726079,1765332169,2.328685554777828,0.5079104504400279,0.0,0.0,0.0,0.0,0.0,127,0,0.0,419357776,1765332169,0.0,4,f,0,4,f,0,4,f,0,59.579,gps,500326055,1765332169,36.40011895366667,127.361243638,0.6400000000000001,0.0,0.0,0.0,0.6400000000000001,0.0,0.0,0.0,2.5600000000000005,1,1,1,0.1,0.0,0.0,0.0,0.0,0.0,0.1,0.0,0.0,0.0,0.0,0.0,0.0,0.0,0.1,0.0,0.0,0.0,0.0,0.0,0.0,0.1,0.0,0.0,0.0,0.0,0.0,0.0,0.0,0.1,0.0,0.0,0.0,0.1,0.0,0.0,0.0,0.0,0.0,-0.0005086721327982438,-0.0038185993078304857,9.089633247086514e-06,8,d,gps,501044658,1765332169,-58.565,-2.032,1.15,0,0,-41.46500015258789,4,f,0,4,f,0,4,f,0,4,f,0,-15.156000137329102,-17.100000381469727,False,True,100.0,59.578,gps,400672941,1765332169,36.4001189635,127.361243632,0.6400000000000001,0.0,0.0,0.0,0.6400000000000001,0.0,0.0,0.0,2.5600000000000005,1,1,1,0.1,0.0,0.0,0.0,0.0,0.0,0.1,0.0,0.0,0.0,0.0,0.0,0.0,0.0,0.1,0.0,0.0,0.0,0.0,0.0,0.0,0.1,0.0,0.0,0.0,0.0,0.0,0.0,0.0,0.1,0.0,0.0,0.0,0.1,0.0,0.0,0.0,0.0,0.0,-0.0005083082422491064,-0.0038189196874222875,8.740336303052605e-06,excavator_base,421167757,1765332169,True,50.0,False,97.30000305175781,-2.4600000381469727,False,False,-15.789999961853027,-2.25,False,False,73.93000030517578,-9.979999542236328,False,excavator_base,421276472,1765332169,-15.350000381469727,False,0.0,0.0,0.0,0.0,0.0,0.0,0.0,0.0,0.0,excavator_base,421313084,1765332169,False,False,-15.350000381469727,0.0,0,False,,0,0,0.0,0.0,False,0.0,0.0,0.0,0,False,,0,0,False,0.0,0.0,0,default,1536.0,1328.0,False,1516.0,523.0,False,1523.0,1482.0,False,excavator_base,421234932,1765332169,0.0,0.0,-15.350000381469727,False,True,True,True,0,False,True,0,excavator_base,421369826,1765332169,0,True,0.0,0.0,0.0,0,0,False,0,True,True,24.0,True,8,d,gps,501446140,1765332169,-58.565,-2.032,1.15,0,0,0.0,59.579,0.0,0.0,0.8,gps,501285899,1765332169,-58.565,36.40011895366667,127.361243638,0,1,14,0.0,0.0,0,0,0.0,0.0,59.578,36.4001189635,127.361243632,0.0,0.0,0.0,0.0,0.0,0.0,0.0,0.0,0.0,-58.758999999999986,base_link,456714004,1765332169,66.2490005493164,19.19700050354004,101.23100280761719,-15.350000381469727,0.0,-2.032,1.143,0.0,zedx_boom_imu_link,zedx_boom_left_camera_frame,397221654,1765332169,0.999992847442627,0.003616482252255082,0.0005469119059853256,-0.0009107014629989862,0.0,-0.03564900532364845,-0.00014700002793688327
1765332169400000000,-172.17300415039062,excavator_base_link,598772514,1765332169,2.3345744545309772,0.5337405033384498,0.0,0.0,0.0,0.0,0.0,127,0,0.0,569494923,1765332169,0.0,4,f,0,4,f,0,4,f,0,59.579,gps,600141970,1765332169,36.40011894533333,127.3612436475,0.6400000000000001,0.0,0.0,0.0,0.6400000000000001,0.0,0.0,0.0,2.5600000000000005,1,1,1,0.1,0.0,0.0,0.0,0.0,0.0,0.1,0.0,0.0,0.0,0.0,0.0,0.0,0.0,0.1,0.0,0.0,0.0,0.0,0.0,0.0,0.1,0.0,0.0,0.0,0.0,0.0,0.0,0.0,0.1,0.0,0.0,0.0,0.1,0.0,0.0,0.0,0.0,0.0,-0.0005089777535806015,-0.003818169347548754,9.089316079216708e-06,8,d,gps,600918979,1765332169,-58.43899999999999,-2.039,1.163,0,0,-41.3390007019043,4,f,0,4,f,0,4,f,0,4,f,0,-15.029999732971191,-17.100000381469727,False,True,100.0,59.579,gps,500326055,1765332169,36.40011895366667,127.361243638,0.6400000000000001,0.0,0.0,0.0,0.6400000000000001,0.0,0.0,0.0,2.5600000000000005,1,1,1,0.1,0.0,0.0,0.0,0.0,0.0,0.1,0.0,0.0,0.0,0.0,0.0,0.0,0.0,0.1,0.0,0.0,0.0,0.0,0.0,0.0,0.1,0.0,0.0,0.0,0.0,0.0,0.0,0.0,0.1,0.0,0.0,0.0,0.1,0.0,0.0,0.0,0.0,0.0,-0.0005086721327982438,-0.0038185993078304857,9.089633247086514e-06,excavator_base,571757656,1765332169,True,50.0,False,96.12999725341797,-2.440000057220459,False,False,-17.15999984741211,-2.259999990463257,False,False,72.81999969482422,-10.0,False,excavator_base,571892038,1765332169,-15.156000137329102,False,0.0,0.0,0.0,0.0,0.0,0.0,0.0,0.0,0.0,excavator_base,571936235,1765332169,False,False,-15.156000137329102,0.0,0,False,,0,0,0.0,0.0,False,0.0,0.0,0.0,0,False,,0,0,False,0.0,0.0,0,default,1536.0,1331.0,False,1527.0,529.0,False,1523.0,1480.0,False,excavator_base,571840257,1765332169,0.0,0.0,-15.156000137329102,False,True,True,True,0,False,True,0,excavator_base,571992497,1765332169,0,True,0.0,0.0,0.0,0,0,False,0,True,True,24.0,True,8,d,gps,601424024,1765332169,-58.43899999999999,-2.039,1.163,0,0,0.0,59.579,0.0,0.0,0.8,gps,601217250,1765332169,-58.43899999999999,36.40011894533333,127.3612436475,0,1,14,0.0,0.0,0,0,0.0,0.0,59.579,36.40011895366667,127.361243638,0.0,0.0,0.0,0.0,0.0,0.0,0.0,0.0,0.0,-58.565,base_link,557003536,1765332169,66.12899780273438,20.10700035095215,101.22100067138672,-15.156000137329102,0.0,-2.032,1.15,0.0,zedx_boom_imu_link,zedx_boom_left_camera_frame,498734627,1765332169,0.999992847442627,0.003616482252255082,0.0005469119059853256,-0.0009107014629989862,0.0,-0.03564900532364845,-0.00014700002793688327
1765332169500000000,-171.42599487304688,excavator_base_link,698714426,1765332169,2.3402660310369936,0.5588764454834828,0.0,0.0,0.0,0.0,0.0,127,0,0.0,669733026,1765332169,0.0,4,f,0,4,f,0,4,f,0,59.579,gps,700323907,1765332169,36.40011893516667,127.36124365116666,0.6400000000000001,0.0,0.0,0.0,0.6400000000000001,0.0,0.0,0.0,2.5600000000000005,1,1,1,0.1,0.0,0.0,0.0,0.0,0.0,0.1,0.0,0.0,0.0,0.0,0.0,0.0,0.0,0.1,0.0,0.0,0.0,0.0,0.0,0.0,0.1,0.0,0.0,0.0,0.0,0.0,0.0,0.0,0.1,0.0,0.0,0.0,0.1,0.0,0.0,0.0,0.0,0.0,-0.0005093544310230087,-0.0038179211508800877,9.08899785021492e-06,8,d,gps,700970246,1765332169,-58.27799999999999,-2.034,1.146,0,0,-41.47800064086914,4,f,0,4,f,0,4,f,0,4,f,0,-14.869000434875488,-16.799999237060547,False,True,100.0,59.579,gps,600141970,1765332169,36.40011894533333,127.3612436475,0.6400000000000001,0.0,0.0,0.0,0.6400000000000001,0.0,0.0,0.0,2.5600000000000005,1,1,1,0.1,0.0,0.0,0.0,0.0,0.0,0.1,0.0,0.0,0.0,0.0,0.0,0.0,0.0,0.1,0.0,0.0,0.0,0.0,0.0,0.0,0.1,0.0,0.0,0.0,0.0,0.0,0.0,0.0,0.1,0.0,0.0,0.0,0.1,0.0,0.0,0.0,0.0,0.0,-0.0005089777535806015,-0.003818169347548754,9.089316079216708e-06,excavator_base,671617960,1765332169,True,50.0,False,95.36000061035156,-2.3399999141693115,False,False,-18.110000610351562,-2.240000009536743,False,False,72.08999633789062,-9.84000015258789,False,excavator_base,671735764,1765332169,-15.029999732971191,False,0.0,0.0,0.0,0.0,0.0,0.0,0.0,0.0,0.0,excavator_base,671774328,1765332169,False,False,-15.029999732971191,0.0,0,False,,0,0,0.0,0.0,False,0.0,0.0,0.0,0,False,,0,0,False,0.0,0.0,0,default,1534.0,1330.0,False,1501.0,529.0,False,1528.0,1483.0,False,excavator_base,671689711,1765332169,0.0,0.0,-15.029999732971191,False,True,True,True,0,False,True,0,excavator_base,671827101,1765332169,0,True,0.0,0.0,0.0,0,0,False,0,True,True,24.0,True,8,d,gps,701350190,1765332169,-58.27799999999999,-2.034,1.146,0,0,0.0,59.579,0.0,0.0,0.8,gps,701192190,1765332169,-58.27799999999999,36.40011893516667,127.36124365116666,0,1,14,0.0,0.0,0,0,0.0,0.0,59.579,36.40011894533333,127.3612436475,0.0,0.0,0.0,0.0,0.0,0.0,0.0,0.0,0.0,-58.43899999999999,base_link,656288228,1765332169,65.93900299072266,21.06399917602539,101.19100189208984,-15.029999732971191,0.0,-2.039,1.163,0.0,zedx_cabin_imu_link,zedx_cabin_left_camera_frame,598397907,1765332169,0.9999747276306152,0.006695220712572336,-0.0017097544623538852,-0.0016760278958827257,0.0,-0.03564900532364845,-0.00014700002793688327
1765332169600000000,-170.7310028076172,excavator_base_link,798734811,1765332169,2.3453522596262264,0.5819706367257578,0.0,0.0,0.0,0.0,0.0,127,0,0.0,770275609,1765332169,0.0,4,f,0,4,f,0,4,f,0,59.58,gps,800298430,1765332169,36.40011892166667,127.36124366133333,0.6400000000000001,0.0,0.0,0.0,0.6400000000000001,0.0,0.0,0.0,2.5600000000000005,1,1,1,0.1,0.0,0.0,0.0,0.0,0.0,0.1,0.0,0.0,0.0,0.0,0.0,0.0,0.0,0.1,0.0,0.0,0.0,0.0,0.0,0.0,0.1,0.0,0.0,0.0,0.0,0.0,0.0,0.0,0.1,0.0,0.0,0.0,0.1,0.0,0.0,0.0,0.0,0.0,-0.0005098604484967712,-0.003817470174439935,9.438244754103507e-06,8,d,gps,801051693,1765332169,-58.059,-2.041,1.175,0,0,-41.45899963378906,4,f,0,4,f,0,4,f,0,4,f,0,-14.649999618530273,-16.600000381469727,False,True,100.0,59.579,gps,700323907,1765332169,36.40011893516667,127.36124365116666,0.6400000000000001,0.0,0.0,0.0,0.6400000000000001,0.0,0.0,0.0,2.5600000000000005,1,1,1,0.1,0.0,0.0,0.0,0.0,0.0,0.1,0.0,0.0,0.0,0.0,0.0,0.0,0.0,0.1,0.0,0.0,0.0,0.0,0.0,0.0,0.1,0.0,0.0,0.0,0.0,0.0,0.0,0.0,0.1,0.0,0.0,0.0,0.1,0.0,0.0,0.0,0.0,0.0,-0.0005093544310230087,-0.0038179211508800877,9.08899785021492e-06,excavator_base,772129019,1765332169,True,50.0,False,94.9800033569336,-2.3399999141693115,False,False,-18.979999542236328,-2.240000009536743,False,False,71.33999633789062,-9.779999732971191,False,excavator_base,772379125,1765332169,-14.869000434875488,False,0.0,0.0,0.0,0.0,0.0,0.0,0.0,0.0,0.0,excavator_base,772429883,1765332169,False,False,-14.869000434875488,0.0,0,False,,0,0,0.0,0.0,False,0.0,0.0,0.0,0,False,,0,0,False,0.0,0.0,0,default,1531.0,1332.0,False,1496.0,529.0,False,1525.0,1483.0,False,excavator_base,772198531,1765332169,0.0,0.0,-14.869000434875488,False,True,True,True,0,False,True,0,excavator_base,772499234,1765332169,0,True,0.0,0.0,0.0,0,0,False,0,True,True,24.0,True,8,d,gps,801561987,1765332169,-58.059,-2.041,1.175,0,0,0.0,59.58,0.0,0.0,0.8,gps,801356621,1765332169,-58.059,36.40011892166667,127.36124366133333,0,1,14,0.0,0.0,0,0,0.0,0.0,59.579,36.40011893516667,127.36124365116666,0.0,0.0,0.0,0.0,0.0,0.0,0.0,0.0,0.0,-58.27799999999999,base_link,757173023,1765332169,65.83899688720703,21.929000854492188,101.1709976196289,-14.869000434875488,0.0,-2.034,1.146,0.0,zedx_cabin_imu_link,zedx_cabin_left_camera_frame,697734657,1765332169,0.9999747276306152,0.006695220712572336,-0.0017097544623538852,-0.0016760278958827257,0.0,-0.03564900532364845,-0.00014700002793688327
1765332169700000000,-170.12399291992188,excavator_base_link,898887657,1765332169,2.348418000778409,0.6048938854678514,0.0,0.0,0.0,0.0,0.0,127,0,0.0,869997915,1765332169,0.0,4,f,0,4,f,0,4,f,0,59.58,gps,900383686,1765332169,36.40011890816667,127.3612436675,0.6400000000000001,0.0,0.0,0.0,0.6400000000000001,0.0,0.0,0.0,2.5600000000000005,1,1,1,0.1,0.0,0.0,0.0,0.0,0.0,0.1,0.0,0.0,0.0,0.0,0.0,0.0,0.0,0.1,0.0,0.0,0.0,0.0,0.0,0.0,0.1,0.0,0.0,0.0,0.0,0.0,0.0,0.0,0.1,0.0,0.0,0.0,0.1,0.0,0.0,0.0,0.0,0.0,-0.0005103664184727547,-0.0038171440592189637,9.437914616498072e-06,8,d,gps,901099152,1765332169,-57.804,-2.046,1.171,0,0,-41.45899963378906,4,f,0,4,f,0,4,f,0,4,f,0,-14.649999618530273,-16.600000381469727,False,True,100.0,59.58,gps,800298430,1765332169,36.40011892166667,127.36124366133333,0.6400000000000001,0.0,0.0,0.0,0.6400000000000001,0.0,0.0,0.0,2.5600000000000005,1,1,1,0.1,0.0,0.0,0.0,0.0,0.0,0.1,0.0,0.0,0.0,0.0,0.0,0.0,0.0,0.1,0.0,0.0,0.0,0.0,0.0,0.0,0.1,0.0,0.0,0.0,0.0,0.0,0.0,0.0,0.1,0.0,0.0,0.0,0.1,0.0,0.0,0.0,0.0,0.0,-0.0005098604484967712,-0.003817470174439935,9.438244754103507e-06,excavator_base,871164949,1765332169,True,50.0,False,94.0,-2.319999933242798,False,False,-19.799999237060547,-2.2200000286102295,False,False,70.70999908447266,-9.710000038146973,False,excavator_base,871271488,1765332169,-14.649999618530273,False,0.0,0.0,0.0,0.0,0.0,0.0,0.0,0.0,0.0,excavator_base,871308228,1765332169,False,False,-14.649999618530273,0.0,0,False,,0,0,0.0,0.0,False,0.0,0.0,0.0,0,False,,0,0,False,0.0,0.0,0,default,1534.0,1331.0,False,1496.0,529.0,False,1528.0,1483.0,False,excavator_base,871230587,1765332169,0.0,0.0,-14.649999618530273,False,True,True,True,0,False,True,0,excavator_base,871362601,1765332169,0,True,0.0,0.0,0.0,0,0,False,0,True,True,24.0,True,8,d,gps,901596292,1765332169,-57.804,-2.046,1.171,0,0,0.0,59.58,0.0,0.0,0.8,gps,901373549,1765332169,-57.804,36.40011890816667,127.3612436675,0,1,14,0.0,0.0,0,0,0.0,0.0,59.58,36.40011892166667,127.36124366133333,0.0,0.0,0.0,0.0,0.0,0.0,0.0,0.0,0.0,-58.059,base_link,857357744,1765332169,65.68900299072266,22.756000518798828,101.13099670410156,-14.649999618530273,0.0,-2.041,1.175,0.0,zedx_cabin_imu_link,zedx_cabin_left_camera_frame,798247086,1765332169,0.9999747276306152,0.006695220712572336,-0.0017097544623538852,-0.0016760278958827257,0.0,-0.03564900532364845,-0.00014700002793688327
1765332169800000000,-169.53900146484375,excavator_base_link,998733303,1765332169,2.351347133197761,0.6268667823452755,0.0,0.0,0.0,0.0,0.0,127,0,0.0,969389881,1765332169,0.0,4,f,0,4,f,0,4,f,0,59.58,gps,842868,1765332170,36.400118893666665,127.36124367483333,0.6400000000000001,0.0,0.0,0.0,0.6400000000000001,0.0,0.0,0.0,2.5600000000000005,1,1,1,0.1,0.0,0.0,0.0,0.0,0.0,0.1,0.0,0.0,0.0,0.0,0.0,0.0,0.0,0.1,0.0,0.0,0.0,0.0,0.0,0.0,0.1,0.0,0.0,0.0,0.0,0.0,0.0,0.0,0.1,0.0,0.0,0.0,0.1,0.0,0.0,0.0,0.0,0.0,-0.0005109110805374421,-0.0038167809984120666,9.437583179096688e-06,8,d,gps,1993484,1765332170,-57.52199999999999,-2.05,1.185,0,0,-41.22200012207031,4,f,0,4,f,0,4,f,0,4,f,0,-14.11299991607666,-16.299999237060547,False,True,100.0,59.58,gps,900383686,1765332169,36.40011890816667,127.3612436675,0.6400000000000001,0.0,0.0,0.0,0.6400000000000001,0.0,0.0,0.0,2.5600000000000005,1,1,1,0.1,0.0,0.0,0.0,0.0,0.0,0.1,0.0,0.0,0.0,0.0,0.0,0.0,0.0,0.1,0.0,0.0,0.0,0.0,0.0,0.0,0.1,0.0,0.0,0.0,0.0,0.0,0.0,0.0,0.1,0.0,0.0,0.0,0.1,0.0,0.0,0.0,0.0,0.0,-0.0005103664184727547,-0.0038171440592189637,9.437914616498072e-06,excavator_base,970992161,1765332169,True,50.0,False,93.37999725341797,-2.2799999713897705,False,False,-20.59000015258789,-2.2100000381469727,False,False,70.12000274658203,-9.65999984741211,False,excavator_base,971088363,1765332169,-14.395000457763672,False,0.0,0.0,0.0,0.0,0.0,0.0,0.0,0.0,0.0,excavator_base,971123438,1765332169,False,False,-14.395000457763672,0.0,0,False,,0,0,0.0,0.0,False,0.0,0.0,0.0,0,False,,0,0,False,0.0,0.0,0,default,1531.0,1331.0,False,1497.0,529.0,False,1526.0,1485.0,False,excavator_base,971051207,1765332169,0.0,0.0,-14.395000457763672,False,True,True,True,0,False,True,0,excavator_base,971174420,1765332169,0,True,0.0,0.0,0.0,0,0,False,0,True,True,24.0,True,8,d,gps,3917813,1765332170,-57.52199999999999,-2.05,1.185,0,0,0.0,59.58,0.0,0.0,0.8,gps,3623287,1765332170,-57.52199999999999,36.400118893666665,127.36124367483333,0,1,14,0.0,0.0,0,0,0.0,0.0,59.58,36.40011890816667,127.3612436675,0.0,0.0,0.0,0.0,0.0,0.0,0.0,0.0,0.0,-57.804,base_link,956393225,1765332169,65.51899719238281,23.551000595092773,101.10099792480469,-14.649999618530273,0.0,-2.046,1.171,0.0,zedx_boom_imu_link,zedx_boom_left_camera_frame,899113464,1765332169,0.999992847442627,0.003616482252255082,0.0005469119059853256,-0.0009107014629989862,0.0,-0.03564900532364845,-0.00014700002793688327
1765332169900000000,-168.9550018310547,excavator_base_link,99069720,1765332170,2.353470786625111,0.6488085995458273,0.0,0.0,0.0,0.0,0.0,127,0,0.0,69507620,1765332170,0.0,4,f,0,4,f,0,4,f,0,59.581,gps,100479852,1765332170,36.40011887883333,127.36124368366667,0.6400000000000001,0.0,0.0,0.0,0.6400000000000001,0.0,0.0,0.0,2.5600000000000005,1,1,1,0.1,0.0,0.0,0.0,0.0,0.0,0.1,0.0,0.0,0.0,0.0,0.0,0.0,0.0,0.1,0.0,0.0,0.0,0.0,0.0,0.0,0.1,0.0,0.0,0.0,0.0,0.0,0.0,0.0,0.1,0.0,0.0,0.0,0.1,0.0,0.0,0.0,0.0,0.0,-0.0005114687992627748,-0.003816372333550708,9.78678271789444e-06,8,d,gps,101054472,1765332170,-57.20400000000001,-2.051,1.203,0,0,-41.20399856567383,4,f,0,4,f,0,4,f,0,4,f,0,-13.795000076293945,-16.0,False,True,100.0,59.58,gps,842868,1765332170,36.400118893666665,127.36124367483333,0.6400000000000001,0.0,0.0,0.0,0.6400000000000001,0.0,0.0,0.0,2.5600000000000005,1,1,1,0.1,0.0,0.0,0.0,0.0,0.0,0.1,0.0,0.0,0.0,0.0,0.0,0.0,0.0,0.1,0.0,0.0,0.0,0.0,0.0,0.0,0.1,0.0,0.0,0.0,0.0,0.0,0.0,0.0,0.1,0.0,0.0,0.0,0.1,0.0,0.0,0.0,0.0,0.0,-0.0005109110805374421,-0.0038167809984120666,9.437583179096688e-06,excavator_base,71211926,1765332170,True,50.0,False,92.77999877929688,-2.2300000190734863,False,False,-21.350000381469727,-2.200000047683716,False,False,69.52999877929688,-9.59000015258789,False,excavator_base,71326306,1765332170,-14.11299991607666,False,0.0,0.0,0.0,0.0,0.0,0.0,0.0,0.0,0.0,excavator_base,71363750,1765332170,False,False,-14.11299991607666,0.0,0,False,,0,0,0.0,0.0,False,0.0,0.0,0.0,0,False,,0,0,False,0.0,0.0,0,default,1529.0,1330.0,False,1505.0,529.0,False,1525.0,1480.0,False,excavator_base,71283293,1765332170,0.0,0.0,-14.11299991607666,False,True,True,True,0,False,True,0,excavator_base,71418956,1765332170,0,True,0.0,0.0,0.0,0,0,False,0,True,True,24.0,True,8,d,gps,101408333,1765332170,-57.20400000000001,-2.051,1.203,0,0,0.0,59.581,0.0,0.0,0.8,gps,101265374,1765332170,-57.20400000000001,36.40011887883333,127.36124368366667,0,1,14,0.0,0.0,0,0,0.0,0.0,59.58,36.400118893666665,127.36124367483333,0.0,0.0,0.0,0.0,0.0,0.0,0.0,0.0,0.0,-57.52199999999999,base_link,56380902,1765332170,65.37899780273438,24.315000534057617,101.07099914550781,-14.11299991607666,0.0,-2.05,1.185,0.0,zedx_boom_imu_link,zedx_boom_left_camera_frame,995535892,1765332169,0.999992847442627,0.003616482252255082,0.0005469119059853256,-0.0009107014629989862,0.0,-0.03564900532364845,-0.00014700002793688327
1765332170000000000,-168.41400146484375,excavator_base_link,200661341,1765332170,2.35470894303235,0.6716079924726494,0.0,0.0,0.0,0.0,0.0,127,0,0.0,170121986,1765332170,0.0,4,f,0,4,f,0,4,f,0,59.58,gps,204359072,1765332170,36.40011885966667,127.36124369466667,0.6400000000000001,0.0,0.0,0.0,0.6400000000000001,0.0,0.0,0.0,2.5600000000000005,1,1,1,0.1,0.0,0.0,0.0,0.0,0.0,0.1,0.0,0.0,0.0,0.0,0.0,0.0,0.0,0.1,0.0,0.0,0.0,0.0,0.0,0.0,0.1,0.0,0.0,0.0,0.0,0.0,0.0,0.0,0.1,0.0,0.0,0.0,0.1,0.0,0.0,0.0,0.0,0.0,-0.000512193774737169,-0.0038158899199480767,9.43691123709078e-06,8,d,gps,205412046,1765332170,-56.834,-2.054,1.205,0,0,-41.034000396728516,4,f,0,4,f,0,4,f,0,4,f,0,-13.425000190734863,-15.800000190734863,False,True,100.0,59.581,gps,100479852,1765332170,36.40011887883333,127.36124368366667,0.6400000000000001,0.0,0.0,0.0,0.6400000000000001,0.0,0.0,0.0,2.5600000000000005,1,1,1,0.1,0.0,0.0,0.0,0.0,0.0,0.1,0.0,0.0,0.0,0.0,0.0,0.0,0.0,0.1,0.0,0.0,0.0,0.0,0.0,0.0,0.1,0.0,0.0,0.0,0.0,0.0,0.0,0.0,0.1,0.0,0.0,0.0,0.1,0.0,0.0,0.0,0.0,0.0,-0.0005114687992627748,-0.003816372333550708,9.78678271789444e-06,excavator_base,171407625,1765332170,True,50.0,False,92.19000244140625,-2.240000009536743,False,False,-22.1299991607666,-2.200000047683716,False,False,68.98999786376953,-9.510000228881836,False,excavator_base,171775631,1765332170,-13.795000076293945,False,0.0,0.0,0.0,0.0,0.0,0.0,0.0,0.0,0.0,excavator_base,171817780,1765332170,False,False,-13.795000076293945,0.0,0,False,,0,0,0.0,0.0,False,0.0,0.0,0.0,0,False,,0,0,False,0.0,0.0,0,default,1528.0,1330.0,False,1505.0,529.0,False,1528.0,1482.0,False,excavator_base,171712905,1765332170,0.0,0.0,-13.795000076293945,False,True,True,True,0,False,True,0,excavator_base,171886779,1765332170,0,True,0.0,0.0,0.0,0,0,False,0,True,True,24.0,True,8,d,gps,205901633,1765332170,-56.834,-2.054,1.205,0,0,0.0,59.58,0.0,0.0,0.8,gps,205727887,1765332170,-56.834,36.40011885966667,127.36124369466667,0,1,14,0.0,0.0,0,0,0.0,0.0,59.581,36.40011887883333,127.36124368366667,0.0,0.0,0.0,0.0,0.0,0.0,0.0,0.0,0.0,-57.20400000000001,base_link,156325215,1765332170,65.17900085449219,25.09600067138672,101.03099822998047,-13.795000076293945,0.0,-2.051,1.203,0.0,zedx_cabin_imu_link,zedx_cabin_left_camera_frame,98711778,1765332170,0.9999747276306152,0.006695220712572336,-0.0017097544623538852,-0.0016760278958827257,0.0,-0.03564900532364845,-0.00014700002793688327
1765332170100000000,-167.84100341796875,excavator_base_link,298675436,1765332170,2.3566553713022174,0.6940135575871307,0.0,0.0,0.0,0.0,0.0,127,0,0.0,269832002,1765332170,0.0,4,f,0,4,f,0,4,f,0,59.58,gps,300500363,1765332170,36.40011883933333,127.36124370833333,0.6400000000000001,0.0,0.0,0.0,0.6400000000000001,0.0,0.0,0.0,2.5600000000000005,1,1,1,0.1,0.0,0.0,0.0,0.0,0.0,0.1,0.0,0.0,0.0,0.0,0.0,0.0,0.0,0.1,0.0,0.0,0.0,0.0,0.0,0.0,0.1,0.0,0.0,0.0,0.0,0.0,0.0,0.0,0.1,0.0,0.0,0.0,0.1,0.0,0.0,0.0,0.0,0.0,-0.0005129654312408928,-0.0038153352281913603,9.436594830920387e-06,8,d,gps,301202996,1765332170,-56.43799999999999,-2.062,1.228,0,0,-41.237998962402344,4,f,0,4,f,0,4,f,0,4,f,0,-13.029000282287598,-15.199999809265137,False,True,100.0,59.58,gps,204359072,1765332170,36.40011885966667,127.36124369466667,0.6400000000000001,0.0,0.0,0.0,0.6400000000000001,0.0,0.0,0.0,2.5600000000000005,1,1,1,0.1,0.0,0.0,0.0,0.0,0.0,0.1,0.0,0.0,0.0,0.0,0.0,0.0,0.0,0.1,0.0,0.0,0.0,0.0,0.0,0.0,0.1,0.0,0.0,0.0,0.0,0.0,0.0,0.0,0.1,0.0,0.0,0.0,0.1,0.0,0.0,0.0,0.0,0.0,-0.000512193774737169,-0.0038158899199480767,9.43691123709078e-06,excavator_base,271087461,1765332170,True,50.0,False,91.55999755859375,-2.259999990463257,False,False,-22.90999984741211,-2.200000047683716,False,False,68.41999816894531,-9.5,False,excavator_base,271205234,1765332170,-13.425000190734863,False,0.0,0.0,0.0,0.0,0.0,0.0,0.0,0.0,0.0,excavator_base,271243990,1765332170,False,False,-13.425000190734863,0.0,0,False,,0,0,0.0,0.0,False,0.0,0.0,0.0,0,False,,0,0,False,0.0,0.0,0,default,1528.0,1331.0,False,1508.0,529.0,False,1528.0,1484.0,False,excavator_base,271160013,1765332170,0.0,0.0,-13.425000190734863,False,True,True,True,0,False,True,0,excavator_base,271300540,1765332170,0,True,0.0,0.0,0.0,0,0,False,0,True,True,24.0,True,8,d,gps,301704489,1765332170,-56.43799999999999,-2.062,1.228,0,0,0.0,59.58,0.0,0.0,0.8,gps,301494963,1765332170,-56.43799999999999,36.40011883933333,127.36124370833333,0,1,14,0.0,0.0,0,0,0.0,0.0,59.58,36.40011885966667,127.36124369466667,0.0,0.0,0.0,0.0,0.0,0.0,0.0,0.0,0.0,-56.834,base_link,256322237,1765332170,65.01899719238281,25.878999710083008,100.98100280761719,-13.425000190734863,0.0,-2.054,1.205,0.0,zedx_cabin_imu_link,zedx_cabin_left_camera_frame,199309919,1765332170,0.9999747276306152,0.006695220712572336,-0.0017097544623538852,-0.0016760278958827257,0.0,-0.03564900532364845,-0.00014700002793688327
1765332170200000000,-167.2429962158203,excavator_base_link,398731024,1765332170,2.3575836566827917,0.7177716389465764,0.0,0.0,0.0,0.0,0.0,127,0,0.0,369685329,1765332170,0.0,4,f,0,4,f,0,4,f,0,59.58,gps,400525611,1765332170,36.400118817666666,127.3612437205,0.6400000000000001,0.0,0.0,0.0,0.6400000000000001,0.0,0.0,0.0,2.5600000000000005,1,1,1,0.1,0.0,0.0,0.0,0.0,0.0,0.1,0.0,0.0,0.0,0.0,0.0,0.0,0.0,0.1,0.0,0.0,0.0,0.0,0.0,0.0,0.1,0.0,0.0,0.0,0.0,0.0,0.0,0.0,0.1,0.0,0.0,0.0,0.1,0.0,0.0,0.0,0.0,0.0,-0.0005137880174352167,-0.003814821893357916,9.436264798505582e-06,8,d,gps,401266553,1765332170,-56.00800000000001,-2.068,1.24,0,0,-41.30799865722656,4,f,0,4,f,0,4,f,0,4,f,0,-12.598999977111816,-14.699999809265137,False,True,100.0,59.58,gps,300500363,1765332170,36.40011883933333,127.36124370833333,0.6400000000000001,0.0,0.0,0.0,0.6400000000000001,0.0,0.0,0.0,2.5600000000000005,1,1,1,0.1,0.0,0.0,0.0,0.0,0.0,0.1,0.0,0.0,0.0,0.0,0.0,0.0,0.0,0.1,0.0,0.0,0.0,0.0,0.0,0.0,0.1,0.0,0.0,0.0,0.0,0.0,0.0,0.0,0.1,0.0,0.0,0.0,0.1,0.0,0.0,0.0,0.0,0.0,-0.0005129654312408928,-0.0038153352281913603,9.436594830920387e-06,excavator_base,371220049,1765332170,True,50.0,False,90.93000030517578,-2.25,False,False,-23.709999084472656,-2.200000047683716,False,False,67.83999633789062,-9.449999809265137,False,excavator_base,371326461,1765332170,-13.029000282287598,False,0.0,0.0,0.0,0.0,0.0,0.0,0.0,0.0,0.0,excavator_base,371362560,1765332170,False,False,-13.029000282287598,0.0,0,False,,0,0,0.0,0.0,False,0.0,0.0,0.0,0,False,,0,0,False,0.0,0.0,0,default,1527.0,1333.0,False,1511.0,529.0,False,1526.0,1483.0,False,excavator_base,371284760,1765332170,0.0,0.0,-13.029000282287598,False,True,True,True,0,False,True,0,excavator_base,371415014,1765332170,0,True,0.0,0.0,0.0,0,0,False,0,True,True,24.0,True,8,d,gps,401736874,1765332170,-56.00800000000001,-2.068,1.24,0,0,0.0,59.58,0.0,0.0,0.8,gps,401543094,1765332170,-56.00800000000001,36.400118817666666,127.3612437205,0,1,14,0.0,0.0,0,0,0.0,0.0,59.58,36.40011883933333,127.36124370833333,0.0,0.0,0.0,0.0,0.0,0.0,0.0,0.0,0.0,-56.43799999999999,base_link,356307033,1765332170,64.8489990234375,26.687000274658203,100.93099975585938,-13.029000282287598,0.0,-2.062,1.228,0.0,zedx_boom_imu_link,zedx_boom_left_camera_frame,296442355,1765332170,0.999992847442627,0.003616482252255082,0.0005469119059853256,-0.0009107014629989862,0.0,-0.03564900532364845,-0.00014700002793688327
1765332170300000000,-166.65699768066406,excavator_base_link,498679945,1765332170,2.3583939805280605,0.7423647618112802,0.0,0.0,0.0,0.0,0.0,127,0,0.0,469723731,1765332170,0.0,4,f,0,4,f,0,4,f,0,59.58,gps,500638037,1765332170,36.40011879433333,127.36124373316666,0.6400000000000001,0.0,0.0,0.0,0.6400000000000001,0.0,0.0,0.0,2.5600000000000005,1,1,1,0.1,0.0,0.0,0.0,0.0,0.0,0.1,0.0,0.0,0.0,0.0,0.0,0.0,0.0,0.1,0.0,0.0,0.0,0.0,0.0,0.0,0.1,0.0,0.0,0.0,0.0,0.0,0.0,0.0,0.1,0.0,0.0,0.0,0.1,0.0,0.0,0.0,0.0,0.0,-0.000514675193860503,-0.0038142929384149243,9.435934679103533e-06,8,d,gps,501375235,1765332170,-55.54400000000001,-2.075,1.256,0,0,-40.54399871826172,4,f,0,4,f,0,4,f,0,4,f,0,-12.135000228881836,-15.0,False,True,100.0,59.58,gps,400525611,1765332170,36.400118817666666,127.3612437205,0.6400000000000001,0.0,0.0,0.0,0.6400000000000001,0.0,0.0,0.0,2.5600000000000005,1,1,1,0.1,0.0,0.0,0.0,0.0,0.0,0.1,0.0,0.0,0.0,0.0,0.0,0.0,0.0,0.1,0.0,0.0,0.0,0.0,0.0,0.0,0.1,0.0,0.0,0.0,0.0,0.0,0.0,0.0,0.1,0.0,0.0,0.0,0.1,0.0,0.0,0.0,0.0,0.0,-0.0005137880174352167,-0.003814821893357916,9.436264798505582e-06,excavator_base,472258652,1765332170,True,50.0,False,90.5999984741211,-2.25,False,False,-24.540000915527344,-2.200000047683716,False,False,67.2699966430664,-9.40999984741211,False,excavator_base,474680890,1765332170,-12.598999977111816,False,0.0,0.0,0.0,0.0,0.0,0.0,0.0,0.0,0.0,excavator_base,474728415,1765332170,False,False,-12.598999977111816,0.0,0,False,,0,0,0.0,0.0,False,0.0,0.0,0.0,0,False,,0,0,False,0.0,0.0,0,default,1525.0,1335.0,False,1517.0,529.0,False,1525.0,1482.0,False,excavator_base,474609618,1765332170,0.0,0.0,-12.598999977111816,False,True,True,True,0,False,True,0,excavator_base,474828617,1765332170,0,True,0.0,0.0,0.0,0,0,False,0,True,True,24.0,True,8,d,gps,501880919,1765332170,-55.54400000000001,-2.075,1.256,0,0,0.0,59.58,0.0,0.0,0.8,gps,501681795,1765332170,-55.54400000000001,36.40011879433333,127.36124373316666,0,1,14,0.0,0.0,0,0,0.0,0.0,59.58,36.400118817666666,127.3612437205,0.0,0.0,0.0,0.0,0.0,0.0,0.0,0.0,0.0,-56.00800000000001,base_link,456350524,1765332170,64.65899658203125,27.523000717163086,100.86100006103516,-12.598999977111816,0.0,-2.068,1.24,0.0,zedx_boom_imu_link,zedx_boom_left_camera_frame,398316444,1765332170,0.999992847442627,0.003616482252255082,0.0005469119059853256,-0.0009107014629989862,0.0,-0.03564900532364845,-0.00014700002793688327
1765332170400000000,-166.02999877929688,excavator_base_link,608689182,1765332170,2.358980681152295,0.766761214043903,0.0,0.0,0.0,0.0,0.0,127,0,0.0,569768150,1765332170,0.0,4,f,0,4,f,0,4,f,0,59.579,gps,601478732,1765332170,36.40011877083333,127.36124374683334,0.6400000000000001,0.0,0.0,0.0,0.6400000000000001,0.0,0.0,0.0,2.5600000000000005,1,1,1,0.1,0.0,0.0,0.0,0.0,0.0,0.1,0.0,0.0,0.0,0.0,0.0,0.0,0.0,0.1,0.0,0.0,0.0,0.0,0.0,0.0,0.1,0.0,0.0,0.0,0.0,0.0,0.0,0.0,0.1,0.0,0.0,0.0,0.1,0.0,0.0,0.0,0.0,0.0,-0.0005155686397719636,-0.0038137318098984303,9.086135393484214e-06,8,d,gps,602179285,1765332170,-55.036,-2.079,1.282,0,0,-40.83599853515625,4,f,0,4,f,0,4,f,0,4,f,0,-11.626999855041504,-14.199999809265137,False,True,100.0,59.58,gps,500638037,1765332170,36.40011879433333,127.36124373316666,0.6400000000000001,0.0,0.0,0.0,0.6400000000000001,0.0,0.0,0.0,2.5600000000000005,1,1,1,0.1,0.0,0.0,0.0,0.0,0.0,0.1,0.0,0.0,0.0,0.0,0.0,0.0,0.0,0.1,0.0,0.0,0.0,0.0,0.0,0.0,0.1,0.0,0.0,0.0,0.0,0.0,0.0,0.0,0.1,0.0,0.0,0.0,0.1,0.0,0.0,0.0,0.0,0.0,-0.000514675193860503,-0.0038142929384149243,9.435934679103533e-06,excavator_base,571432004,1765332170,True,50.0,False,89.93000030517578,-2.2300000190734863,False,False,-25.3799991607666,-2.190000057220459,False,False,66.66000366210938,-9.369999885559082,False,excavator_base,571548752,1765332170,-12.135000228881836,False,0.0,0.0,0.0,0.0,0.0,0.0,0.0,0.0,0.0,excavator_base,571590837,1765332170,False,False,-12.135000228881836,0.0,0,False,,0,0,0.0,0.0,False,0.0,0.0,0.0,0,False,,0,0,False,0.0,0.0,0,default,1523.0,1333.0,False,1515.0,529.0,False,1532.0,1485.0,False,excavator_base,571500779,1765332170,0.0,0.0,-12.135000228881836,False,True,True,True,0,False,True,0,excavator_base,571653947,1765332170,0,True,0.0,0.0,0.0,0,0,False,0,True,True,24.0,True,8,d,gps,602544667,1765332170,-55.036,-2.079,1.282,0,0,0.0,59.579,0.0,0.0,0.8,gps,602395499,1765332170,-55.036,36.40011877083333,127.36124374683334,0,1,14,0.0,0.0,0,0,0.0,0.0,59.58,36.40011879433333,127.36124373316666,0.0,0.0,0.0,0.0,0.0,0.0,0.0,0.0,0.0,-55.54400000000001,base_link,556677212,1765332170,64.48899841308594,28.3700008392334,100.8010025024414,-12.135000228881836,0.0,-2.075,1.256,0.0,zedx_cabin_imu_link,zedx_cabin_left_camera_frame,499018181,1765332170,0.9999747276306152,0.006695220712572336,-0.0017097544623538852,-0.0016760278958827257,0.0,-0.03564900532364845,-0.00014700002793688327
1765332170500000000,-165.43600463867188,excavator_base_link,698714537,1765332170,2.358382084080401,0.7921818118055343,0.0,0.0,0.0,0.0,0.0,127,0,0.0,669836955,1765332170,0.0,4,f,0,4,f,0,4,f,0,59.579,gps,700565290,1765332170,36.40011874533333,127.36124376116666,0.6400000000000001,0.0,0.0,0.0,0.6400000000000001,0.0,0.0,0.0,2.5600000000000005,1,1,1,0.1,0.0,0.0,0.0,0.0,0.0,0.1,0.0,0.0,0.0,0.0,0.0,0.0,0.0,0.1,0.0,0.0,0.0,0.0,0.0,0.0,0.1,0.0,0.0,0.0,0.0,0.0,0.0,0.0,0.1,0.0,0.0,0.0,0.1,0.0,0.0,0.0,0.0,0.0,-0.0005165399303993153,-0.0038131523346848794,9.085820976088732e-06,8,d,gps,701212366,1765332170,-54.48400000000001,-2.085,1.295,0,0,-40.784000396728516,4,f,0,4,f,0,4,f,0,4,f,0,-11.074999809265137,-13.699999809265137,False,True,100.0,59.579,gps,601478732,1765332170,36.40011877083333,127.36124374683334,0.6400000000000001,0.0,0.0,0.0,0.6400000000000001,0.0,0.0,0.0,2.5600000000000005,1,1,1,0.1,0.0,0.0,0.0,0.0,0.0,0.1,0.0,0.0,0.0,0.0,0.0,0.0,0.0,0.1,0.0,0.0,0.0,0.0,0.0,0.0,0.1,0.0,0.0,0.0,0.0,0.0,0.0,0.0,0.1,0.0,0.0,0.0,0.1,0.0,0.0,0.0,0.0,0.0,-0.0005155686397719636,-0.0038137318098984303,9.086135393484214e-06,excavator_base,670961681,1765332170,True,50.0,False,88.94000244140625,-2.200000047683716,False,False,-26.239999771118164,-2.200000047683716,False,False,66.05000305175781,-9.270000457763672,False,excavator_base,671081470,1765332170,-11.626999855041504,False,0.0,0.0,0.0,0.0,0.0,0.0,0.0,0.0,0.0,excavator_base,671121986,1765332170,False,False,-11.626999855041504,0.0,0,False,,0,0,0.0,0.0,False,0.0,0.0,0.0,0,False,,0,0,False,0.0,0.0,0,default,1523.0,1333.0,False,1519.0,529.0,False,1525.0,1486.0,False,excavator_base,671031384,1765332170,0.0,0.0,-11.626999855041504,False,True,True,True,0,False,True,0,excavator_base,671182312,1765332170,0,True,0.0,0.0,0.0,0,0,False,0,True,True,24.0,True,8,d,gps,701701953,1765332170,-54.48400000000001,-2.085,1.295,0,0,0.0,59.579,0.0,0.0,0.8,gps,701452199,1765332170,-54.48400000000001,36.40011874533333,127.36124376116666,0,1,14,0.0,0.0,0,0,0.0,0.0,59.579,36.40011877083333,127.36124374683334,0.0,0.0,0.0,0.0,0.0,0.0,0.0,0.0,0.0,-55.036,base_link,656655672,1765332170,64.28900146484375,29.233999252319336,100.7509994506836,-11.626999855041504,0.0,-2.079,1.282,0.0,zedx_boom_imu_link,zedx_boom_left_camera_frame,596823033,1765332170,0.999992847442627,0.003616482252255082,0.0005469119059853256,-0.0009107014629989862,0.0,-0.03564900532364845,-0.00014700002793688327
1765332170600000000,-164.8300018310547,excavator_base_link,798717223,1765332170,2.3574248883198403,0.8178211017218665,0.0,0.0,0.0,0.0,0.0,127,0,0.0,769751441,1765332170,0.0,4,f,0,4,f,0,4,f,0,59.579,gps,800489537,1765332170,36.40011871583334,127.361243778,0.6400000000000001,0.0,0.0,0.0,0.6400000000000001,0.0,0.0,0.0,2.5600000000000005,1,1,1,0.1,0.0,0.0,0.0,0.0,0.0,0.1,0.0,0.0,0.0,0.0,0.0,0.0,0.0,0.1,0.0,0.0,0.0,0.0,0.0,0.0,0.1,0.0,0.0,0.0,0.0,0.0,0.0,0.0,0.1,0.0,0.0,0.0,0.1,0.0,0.0,0.0,0.0,0.0,-0.000517666125117374,-0.003812493516113834,9.08550340506434e-06,8,d,gps,801273234,1765332170,-53.864000000000004,-2.095,1.324,0,0,-40.763999938964844,4,f,0,4,f,0,4,f,0,4,f,0,-10.454999923706055,-13.100000381469727,False,True,100.0,59.579,gps,700565290,1765332170,36.40011874533333,127.36124376116666,0.6400000000000001,0.0,0.0,0.0,0.6400000000000001,0.0,0.0,0.0,2.5600000000000005,1,1,1,0.1,0.0,0.0,0.0,0.0,0.0,0.1,0.0,0.0,0.0,0.0,0.0,0.0,0.0,0.1,0.0,0.0,0.0,0.0,0.0,0.0,0.1,0.0,0.0,0.0,0.0,0.0,0.0,0.0,0.1,0.0,0.0,0.0,0.1,0.0,0.0,0.0,0.0,0.0,-0.0005165399303993153,-0.0038131523346848794,9.085820976088732e-06,excavator_base,770956751,1765332170,True,50.0,False,88.2699966430664,-2.2100000381469727,False,False,-27.1200008392334,-2.200000047683716,False,False,65.45999908447266,-9.239999771118164,False,excavator_base,771063514,1765332170,-11.074999809265137,False,0.0,0.0,0.0,0.0,0.0,0.0,0.0,0.0,0.0,excavator_base,771101182,1765332170,False,False,-11.074999809265137,0.0,0,False,,0,0,0.0,0.0,False,0.0,0.0,0.0,0,False,,0,0,False,0.0,0.0,0,default,1525.0,1334.0,False,1521.0,529.0,False,1528.0,1485.0,False,excavator_base,771022262,1765332170,0.0,0.0,-11.074999809265137,False,True,True,True,0,False,True,0,excavator_base,771167109,1765332170,0,True,0.0,0.0,0.0,0,0,False,0,True,True,24.0,True,8,d,gps,801788360,1765332170,-53.864000000000004,-2.095,1.324,0,0,0.0,59.579,0.0,0.0,0.8,gps,801573266,1765332170,-53.864000000000004,36.40011871583334,127.361243778,0,1,14,0.0,0.0,0,0,0.0,0.0,59.579,36.40011874533333,127.36124376116666,0.0,0.0,0.0,0.0,0.0,0.0,0.0,0.0,0.0,-54.48400000000001,base_link,756801542,1765332170,64.06900024414062,30.1200008392334,100.68099975585938,-11.074999809265137,0.0,-2.085,1.295,0.0,zedx_boom_imu_link,zedx_boom_left_camera_frame,698342374,1765332170,0.999992847442627,0.003616482252255082,0.0005469119059853256,-0.0009107014629989862,0.0,-0.03564900532364845,-0.00014700002793688327
1765332170700000000,-164.22999572753906,excavator_base_link,899109838,1765332170,2.356026209499626,0.8439999915086455,0.0,0.0,0.0,0.0,0.0,127,0,0.0,869500277,1765332170,0.0,4,f,0,4,f,0,4,f,0,59.579,gps,900614444,1765332170,36.40011868516667,127.3612437955,0.6400000000000001,0.0,0.0,0.0,0.6400000000000001,0.0,0.0,0.0,2.5600000000000005,1,1,1,0.1,0.0,0.0,0.0,0.0,0.0,0.1,0.0,0.0,0.0,0.0,0.0,0.0,0.0,0.1,0.0,0.0,0.0,0.0,0.0,0.0,0.1,0.0,0.0,0.0,0.0,0.0,0.0,0.0,0.1,0.0,0.0,0.0,0.1,0.0,0.0,0.0,0.0,0.0,-0.0005188374918097378,-0.003811813924740801,9.085185841101038e-06,8,d,gps,901239853,1765332170,-53.15799999999999,-2.104,1.349,0,0,-41.358001708984375,4,f,0,4,f,0,4,f,0,4,f,0,-9.74899959564209,-11.800000190734863,False,True,100.0,59.579,gps,800489537,1765332170,36.40011871583334,127.361243778,0.6400000000000001,0.0,0.0,0.0,0.6400000000000001,0.0,0.0,0.0,2.5600000000000005,1,1,1,0.1,0.0,0.0,0.0,0.0,0.0,0.1,0.0,0.0,0.0,0.0,0.0,0.0,0.0,0.1,0.0,0.0,0.0,0.0,0.0,0.0,0.1,0.0,0.0,0.0,0.0,0.0,0.0,0.0,0.1,0.0,0.0,0.0,0.1,0.0,0.0,0.0,0.0,0.0,-0.000517666125117374,-0.003812493516113834,9.08550340506434e-06,excavator_base,872362016,1765332170,True,50.0,False,87.58999633789062,-2.240000009536743,False,False,-28.0,-2.200000047683716,False,False,64.86000061035156,-9.1899995803833,False,excavator_base,872471211,1765332170,-10.454999923706055,False,0.0,0.0,0.0,0.0,0.0,0.0,0.0,0.0,0.0,excavator_base,872508367,1765332170,False,False,-10.454999923706055,0.0,0,False,,0,0,0.0,0.0,False,0.0,0.0,0.0,0,False,,0,0,False,0.0,0.0,0,default,1522.0,1333.0,False,1519.0,529.0,False,1529.0,1485.0,False,excavator_base,872428967,1765332170,0.0,0.0,-10.454999923706055,False,True,True,True,0,False,True,0,excavator_base,872563189,1765332170,0,True,0.0,0.0,0.0,0,0,False,0,True,True,24.0,True,8,d,gps,901641111,1765332170,-53.15799999999999,-2.104,1.349,0,0,0.0,59.579,0.0,0.0,0.8,gps,901482823,1765332170,-53.15799999999999,36.40011868516667,127.3612437955,0,1,14,0.0,0.0,0,0,0.0,0.0,59.579,36.40011871583334,127.361243778,0.0,0.0,0.0,0.0,0.0,0.0,0.0,0.0,0.0,-53.864000000000004,base_link,861624765,1765332170,63.86899948120117,31.010000228881836,100.60099792480469,-10.454999923706055,0.0,-2.095,1.324,0.0,zedx_cabin_imu_link,zedx_cabin_left_camera_frame,797997207,1765332170,0.9999747276306152,0.006695220712572336,-0.0017097544623538852,-0.0016760278958827257,0.0,-0.03564900532364845,-0.00014700002793688327
1765332170800000000,-163.6110076904297,excavator_base_link,998738694,1765332170,2.354495112279468,0.8701907695951936,0.0,0.0,0.0,0.0,0.0,127,0,0.0,969557689,1765332170,0.0,4,f,0,4,f,0,4,f,0,59.578,gps,911433,1765332171,36.40011865016667,127.36124381383334,0.6400000000000001,0.0,0.0,0.0,0.6400000000000001,0.0,0.0,0.0,2.5600000000000005,1,1,1,0.1,0.0,0.0,0.0,0.0,0.0,0.1,0.0,0.0,0.0,0.0,0.0,0.0,0.0,0.1,0.0,0.0,0.0,0.0,0.0,0.0,0.1,0.0,0.0,0.0,0.0,0.0,0.0,0.0,0.1,0.0,0.0,0.0,0.1,0.0,0.0,0.0,0.0,0.0,-0.0005201767708969955,-0.0038111078115046467,8.735449017206822e-06,8,d,gps,1776452,1765332171,-52.35400000000001,-2.115,1.379,0,0,-40.753997802734375,4,f,0,4,f,0,4,f,0,4,f,0,-8.944999694824219,-11.600000381469727,False,True,100.0,59.579,gps,900614444,1765332170,36.40011868516667,127.3612437955,0.6400000000000001,0.0,0.0,0.0,0.6400000000000001,0.0,0.0,0.0,2.5600000000000005,1,1,1,0.1,0.0,0.0,0.0,0.0,0.0,0.1,0.0,0.0,0.0,0.0,0.0,0.0,0.0,0.1,0.0,0.0,0.0,0.0,0.0,0.0,0.1,0.0,0.0,0.0,0.0,0.0,0.0,0.0,0.1,0.0,0.0,0.0,0.1,0.0,0.0,0.0,0.0,0.0,-0.0005188374918097378,-0.003811813924740801,9.085185841101038e-06,excavator_base,971003824,1765332170,True,50.0,False,86.88999938964844,-2.319999933242798,False,False,-28.899999618530273,-2.2100000381469727,False,False,64.2699966430664,-9.220000267028809,False,excavator_base,971161345,1765332170,-9.74899959564209,False,0.0,0.0,0.0,0.0,0.0,0.0,0.0,0.0,0.0,excavator_base,971199301,1765332170,False,False,-9.74899959564209,0.0,0,False,,0,0,0.0,0.0,False,0.0,0.0,0.0,0,False,,0,0,False,0.0,0.0,0,default,1520.0,1337.0,False,1524.0,529.0,False,1530.0,1490.0,False,excavator_base,971106267,1765332170,0.0,0.0,-9.74899959564209,False,True,True,True,0,False,True,0,excavator_base,971290446,1765332170,0,True,0.0,0.0,0.0,0,0,False,0,True,True,24.0,True,8,d,gps,3971465,1765332171,-52.35400000000001,-2.115,1.379,0,0,0.0,59.578,0.0,0.0,0.8,gps,2044832,1765332171,-52.35400000000001,36.40011865016667,127.36124381383334,0,1,14,0.0,0.0,0,0,0.0,0.0,59.579,36.40011868516667,127.3612437955,0.0,0.0,0.0,0.0,0.0,0.0,0.0,0.0,0.0,-53.15799999999999,base_link,956495586,1765332170,63.64899826049805,31.91900062561035,100.51100158691406,-9.74899959564209,0.0,-2.104,1.349,0.0,zedx_cabin_imu_link,zedx_cabin_left_camera_frame,899326729,1765332170,0.9999747276306152,0.006695220712572336,-0.0017097544623538852,-0.0016760278958827257,0.0,-0.03564900532364845,-0.00014700002793688327
1765332170900000000,-162.89999389648438,excavator_base_link,98691167,1765332171,2.355246001596959,0.8953607298983859,0.0,0.0,0.0,0.0,0.0,127,0,0.0,70017159,1765332171,0.0,4,f,0,4,f,0,4,f,0,59.578,gps,100752151,1765332171,36.40011861266667,127.36124383566667,0.6400000000000001,0.0,0.0,0.0,0.6400000000000001,0.0,0.0,0.0,2.5600000000000005,1,1,1,0.1,0.0,0.0,0.0,0.0,0.0,0.1,0.0,0.0,0.0,0.0,0.0,0.0,0.0,0.1,0.0,0.0,0.0,0.0,0.0,0.0,0.1,0.0,0.0,0.0,0.0,0.0,0.0,0.0,0.1,0.0,0.0,0.0,0.1,0.0,0.0,0.0,0.0,0.0,-0.0005216130556197952,-0.0038102935076984295,8.735144775341618e-06,8,d,gps,101381976,1765332171,-51.465,-2.128,1.414,0,0,-40.46500015258789,4,f,0,4,f,0,4,f,0,4,f,0,-8.055999755859375,-11.0,False,True,100.0,59.578,gps,911433,1765332171,36.40011865016667,127.36124381383334,0.6400000000000001,0.0,0.0,0.0,0.6400000000000001,0.0,0.0,0.0,2.5600000000000005,1,1,1,0.1,0.0,0.0,0.0,0.0,0.0,0.1,0.0,0.0,0.0,0.0,0.0,0.0,0.0,0.1,0.0,0.0,0.0,0.0,0.0,0.0,0.1,0.0,0.0,0.0,0.0,0.0,0.0,0.0,0.1,0.0,0.0,0.0,0.1,0.0,0.0,0.0,0.0,0.0,-0.0005201767708969955,-0.0038111078115046467,8.735449017206822e-06,excavator_base,71134300,1765332171,True,50.0,False,86.08999633789062,-2.369999885559082,False,False,-29.799999237060547,-2.2100000381469727,False,False,63.630001068115234,-9.25,False,excavator_base,71256009,1765332171,-8.944999694824219,False,0.0,0.0,0.0,0.0,0.0,0.0,0.0,0.0,0.0,excavator_base,71298765,1765332171,False,False,-8.944999694824219,0.0,0,False,,0,0,0.0,0.0,False,0.0,0.0,0.0,0,False,,0,0,False,0.0,0.0,0,default,1515.0,1335.0,False,1510.0,530.0,False,1535.0,1489.0,False,excavator_base,71209732,1765332171,0.0,0.0,-8.944999694824219,False,True,True,True,0,False,True,0,excavator_base,71359347,1765332171,0,True,0.0,0.0,0.0,0,0,False,0,True,True,24.0,True,8,d,gps,101806693,1765332171,-51.465,-2.128,1.414,0,0,0.0,59.578,0.0,0.0,0.8,gps,101644692,1765332171,-51.465,36.40011861266667,127.36124383566667,0,1,14,0.0,0.0,0,0,0.0,0.0,59.578,36.40011865016667,127.36124381383334,0.0,0.0,0.0,0.0,0.0,0.0,0.0,0.0,0.0,-52.35400000000001,base_link,56312685,1765332171,63.499000549316406,32.83000183105469,100.4010009765625,-8.944999694824219,0.0,-2.115,1.379,0.0,zedx_boom_imu_link,zedx_boom_left_camera_frame,999237449,1765332170,0.999992847442627,0.003616482252255082,0.0005469119059853256,-0.0009107014629989862,0.0,-0.03564900532364845,-0.00014700002793688327
1765332171000000000,-162.13699340820312,excavator_base_link,198699742,1765332171,2.3569574002531066,0.9203983030514109,0.0,0.0,0.0,0.0,0.0,127,0,0.0,169376546,1765332171,0.0,4,f,0,4,f,0,4,f,0,59.578,gps,200687758,1765332171,36.40011858183333,127.3612438545,0.6400000000000001,0.0,0.0,0.0,0.6400000000000001,0.0,0.0,0.0,2.5600000000000005,1,1,1,0.1,0.0,0.0,0.0,0.0,0.0,0.1,0.0,0.0,0.0,0.0,0.0,0.0,0.0,0.1,0.0,0.0,0.0,0.0,0.0,0.0,0.1,0.0,0.0,0.0,0.0,0.0,0.0,0.0,0.1,0.0,0.0,0.0,0.1,0.0,0.0,0.0,0.0,0.0,-0.0005227906269392277,-0.0038095724556671626,8.734839517796877e-06,8,d,gps,201428028,1765332171,-50.536,-2.141,1.446,0,0,-40.83599853515625,4,f,0,4,f,0,4,f,0,4,f,0,-7.126999855041504,-9.699999809265137,False,True,100.0,59.578,gps,100752151,1765332171,36.40011861266667,127.36124383566667,0.6400000000000001,0.0,0.0,0.0,0.6400000000000001,0.0,0.0,0.0,2.5600000000000005,1,1,1,0.1,0.0,0.0,0.0,0.0,0.0,0.1,0.0,0.0,0.0,0.0,0.0,0.0,0.0,0.1,0.0,0.0,0.0,0.0,0.0,0.0,0.1,0.0,0.0,0.0,0.0,0.0,0.0,0.0,0.1,0.0,0.0,0.0,0.1,0.0,0.0,0.0,0.0,0.0,-0.0005216130556197952,-0.0038102935076984295,8.735144775341618e-06,excavator_base,171075348,1765332171,True,50.0,False,85.2300033569336,-2.3299999237060547,False,False,-30.709999084472656,-2.2100000381469727,False,False,62.900001525878906,-9.180000305175781,False,excavator_base,171184927,1765332171,-8.055999755859375,False,0.0,0.0,0.0,0.0,0.0,0.0,0.0,0.0,0.0,excavator_base,171225348,1765332171,False,False,-8.055999755859375,0.0,0,False,,0,0,0.0,0.0,False,0.0,0.0,0.0,0,False,,0,0,False,0.0,0.0,0,default,1514.0,1335.0,False,1526.0,530.0,False,1528.0,1493.0,False,excavator_base,171141371,1765332171,0.0,0.0,-8.055999755859375,False,True,True,True,0,False,True,0,excavator_base,171285834,1765332171,0,True,0.0,0.0,0.0,0,0,False,0,True,True,24.0,True,8,d,gps,201915439,1765332171,-50.536,-2.141,1.446,0,0,0.0,59.578,0.0,0.0,0.8,gps,201723962,1765332171,-50.536,36.40011858183333,127.3612438545,0,1,14,0.0,0.0,0,0,0.0,0.0,59.578,36.40011861266667,127.36124383566667,0.0,0.0,0.0,0.0,0.0,0.0,0.0,0.0,0.0,-51.465,base_link,156331085,1765332171,63.41899871826172,33.75299835205078,100.3010025024414,-8.055999755859375,0.0,-2.128,1.414,0.0,zedx_cabin_imu_link,zedx_cabin_left_camera_frame,99064216,1765332171,0.9999747276306152,0.006695220712572336,-0.0017097544623538852,-0.0016760278958827257,0.0,-0.03564900532364845,-0.00014700002793688327
1765332171100000000,-161.31399536132812,excavator_base_link,298695996,1765332171,2.3594216366055343,0.9455222453344654,0.0,0.0,0.0,0.0,0.0,127,0,0.0,269510350,1765332171,0.0,4,f,0,4,f,0,4,f,0,59.578,gps,300746386,1765332171,36.400118549666665,127.3612438735,0.6400000000000001,0.0,0.0,0.0,0.6400000000000001,0.0,0.0,0.0,2.5600000000000005,1,1,1,0.1,0.0,0.0,0.0,0.0,0.0,0.1,0.0,0.0,0.0,0.0,0.0,0.0,0.0,0.1,0.0,0.0,0.0,0.0,0.0,0.0,0.1,0.0,0.0,0.0,0.0,0.0,0.0,0.0,0.1,0.0,0.0,0.0,0.1,0.0,0.0,0.0,0.0,0.0,-0.0005240198247990224,-0.0038088462545374374,8.734534288134597e-06,8,d,gps,301425017,1765332171,-49.55699999999999,-2.153,1.482,0,0,-40.856998443603516,4,f,0,4,f,0,4,f,0,4,f,0,-6.1479997634887695,-8.699999809265137,False,True,100.0,59.578,gps,200687758,1765332171,36.40011858183333,127.3612438545,0.6400000000000001,0.0,0.0,0.0,0.6400000000000001,0.0,0.0,0.0,2.5600000000000005,1,1,1,0.1,0.0,0.0,0.0,0.0,0.0,0.1,0.0,0.0,0.0,0.0,0.0,0.0,0.0,0.1,0.0,0.0,0.0,0.0,0.0,0.0,0.1,0.0,0.0,0.0,0.0,0.0,0.0,0.0,0.1,0.0,0.0,0.0,0.1,0.0,0.0,0.0,0.0,0.0,-0.0005227906269392277,-0.0038095724556671626,8.734839517796877e-06,excavator_base,272368858,1765332171,True,50.0,False,84.30999755859375,-2.200000047683716,False,False,-31.6299991607666,-2.200000047683716,False,False,62.099998474121094,-9.020000457763672,False,excavator_base,272478981,1765332171,-7.126999855041504,False,0.0,0.0,0.0,0.0,0.0,0.0,0.0,0.0,0.0,excavator_base,272514409,1765332171,False,False,-7.126999855041504,0.0,0,False,,0,0,0.0,0.0,False,0.0,0.0,0.0,0,False,,0,0,False,0.0,0.0,0,default,1512.0,1340.0,False,1535.0,530.0,False,1530.0,1494.0,False,excavator_base,272437025,1765332171,0.0,0.0,-7.126999855041504,False,True,True,True,0,False,True,0,excavator_base,272566766,1765332171,0,True,0.0,0.0,0.0,0,0,False,0,True,True,24.0,True,8,d,gps,301850310,1765332171,-49.55699999999999,-2.153,1.482,0,0,0.0,59.578,0.0,0.0,0.8,gps,301688661,1765332171,-49.55699999999999,36.400118549666665,127.3612438735,0,1,14,0.0,0.0,0,0,0.0,0.0,59.578,36.40011858183333,127.3612438545,0.0,0.0,0.0,0.0,0.0,0.0,0.0,0.0,0.0,-50.536,base_link,256383889,1765332171,63.39899826049805,34.68600082397461,100.20099639892578,-7.126999855041504,0.0,-2.141,1.446,0.0,zedx_boom_imu_link,zedx_boom_left_camera_frame,198396359,1765332171,0.999992847442627,0.003616482252255082,0.0005469119059853256,-0.0009107014629989862,0.0,-0.03564900532364845,-0.00014700002793688327
1765332171200000000,-160.49200439453125,excavator_base_link,404282915,1765332171,2.3607069511767764,0.9713024499010423,0.0,0.0,0.0,0.0,0.0,127,0,0.0,369344795,1765332171,0.0,4,f,0,4,f,0,4,f,0,59.578,gps,401918411,1765332171,36.40011851533333,127.36124389416666,0.6400000000000001,0.0,0.0,0.0,0.6400000000000001,0.0,0.0,0.0,2.5600000000000005,1,1,1,0.1,0.0,0.0,0.0,0.0,0.0,0.1,0.0,0.0,0.0,0.0,0.0,0.0,0.0,0.1,0.0,0.0,0.0,0.0,0.0,0.0,0.1,0.0,0.0,0.0,0.0,0.0,0.0,0.0,0.1,0.0,0.0,0.0,0.1,0.0,0.0,0.0,0.0,0.0,-0.0005253327243398833,-0.0038080663734055397,8.73422516207113e-06,8,d,gps,402739329,1765332171,-48.489000000000004,-2.163,1.519,0,0,-40.888999938964844,4,f,0,4,f,0,4,f,0,4,f,0,-5.079999923706055,-7.599999904632568,False,True,100.0,59.578,gps,300746386,1765332171,36.400118549666665,127.3612438735,0.6400000000000001,0.0,0.0,0.0,0.6400000000000001,0.0,0.0,0.0,2.5600000000000005,1,1,1,0.1,0.0,0.0,0.0,0.0,0.0,0.1,0.0,0.0,0.0,0.0,0.0,0.0,0.0,0.1,0.0,0.0,0.0,0.0,0.0,0.0,0.1,0.0,0.0,0.0,0.0,0.0,0.0,0.0,0.1,0.0,0.0,0.0,0.1,0.0,0.0,0.0,0.0,0.0,-0.0005240198247990224,-0.0038088462545374374,8.734534288134597e-06,excavator_base,371215263,1765332171,True,50.0,False,83.4000015258789,-2.0799999237060547,False,False,-32.560001373291016,-2.190000057220459,False,False,61.290000915527344,-8.779999732971191,False,excavator_base,371392114,1765332171,-6.1479997634887695,False,0.0,0.0,0.0,0.0,0.0,0.0,0.0,0.0,0.0,excavator_base,371479515,1765332171,False,False,-6.1479997634887695,0.0,0,False,,0,0,0.0,0.0,False,0.0,0.0,0.0,0,False,,0,0,False,0.0,0.0,0,default,1514.0,1333.0,False,1526.0,530.0,False,1534.0,1495.0,False,excavator_base,371323434,1765332171,0.0,0.0,-6.1479997634887695,False,True,True,True,0,False,True,0,excavator_base,371600167,1765332171,0,True,0.0,0.0,0.0,0,0,False,0,True,True,24.0,True,8,d,gps,405699351,1765332171,-48.489000000000004,-2.163,1.519,0,0,0.0,59.578,0.0,0.0,0.8,gps,404893571,1765332171,-48.489000000000004,36.40011851533333,127.36124389416666,0,1,14,0.0,0.0,0,0,0.0,0.0,59.578,36.400118549666665,127.3612438735,0.0,0.0,0.0,0.0,0.0,0.0,0.0,0.0,0.0,-49.55699999999999,base_link,356318024,1765332171,63.37900161743164,35.62799835205078,100.10099792480469,-6.1479997634887695,0.0,-2.153,1.482,0.0,zedx_cabin_imu_link,zedx_cabin_left_camera_frame,296347902,1765332171,0.9999747276306152,0.006695220712572336,-0.0017097544623538852,-0.0016760278958827257,0.0,-0.03564900532364845,-0.00014700002793688327
1765332171300000000,-159.6820068359375,excavator_base_link,498684983,1765332171,2.362721016542835,0.9962169938431721,0.0,0.0,0.0,0.0,0.0,127,0,0.0,469939224,1765332171,0.0,4,f,0,4,f,0,4,f,0,59.578,gps,500774738,1765332171,36.400118478833335,127.36124391666667,0.6400000000000001,0.0,0.0,0.0,0.6400000000000001,0.0,0.0,0.0,2.5600000000000005,1,1,1,0.1,0.0,0.0,0.0,0.0,0.0,0.1,0.0,0.0,0.0,0.0,0.0,0.0,0.0,0.1,0.0,0.0,0.0,0.0,0.0,0.0,0.1,0.0,0.0,0.0,0.0,0.0,0.0,0.0,0.1,0.0,0.0,0.0,0.1,0.0,0.0,0.0,0.0,0.0,-0.0005267300295552958,-0.00380723278203897,8.73392399028295e-06,8,d,gps,501412981,1765332171,-47.35499999999999,-2.175,1.562,0,0,-40.755001068115234,4,f,0,4,f,0,4,f,0,4,f,0,-3.946000099182129,-6.599999904632568,False,True,100.0,59.578,gps,401918411,1765332171,36.40011851533333,127.36124389416666,0.6400000000000001,0.0,0.0,0.0,0.6400000000000001,0.0,0.0,0.0,2.5600000000000005,1,1,1,0.1,0.0,0.0,0.0,0.0,0.0,0.1,0.0,0.0,0.0,0.0,0.0,0.0,0.0,0.1,0.0,0.0,0.0,0.0,0.0,0.0,0.1,0.0,0.0,0.0,0.0,0.0,0.0,0.0,0.1,0.0,0.0,0.0,0.1,0.0,0.0,0.0,0.0,0.0,-0.0005253327243398833,-0.0038080663734055397,8.73422516207113e-06,excavator_base,471121363,1765332171,True,50.0,False,82.47000122070312,-2.130000114440918,False,False,-33.5,-2.200000047683716,False,False,60.4900016784668,-8.680000305175781,False,excavator_base,471234719,1765332171,-5.079999923706055,False,0.0,0.0,0.0,0.0,0.0,0.0,0.0,0.0,0.0,excavator_base,471276836,1765332171,False,False,-5.079999923706055,0.0,0,False,,0,0,0.0,0.0,False,0.0,0.0,0.0,0,False,,0,0,False,0.0,0.0,0,default,1508.0,1338.0,False,1523.0,530.0,False,1532.0,1497.0,False,excavator_base,471188730,1765332171,0.0,0.0,-5.079999923706055,False,True,True,True,0,False,True,0,excavator_base,471341002,1765332171,0,True,0.0,0.0,0.0,0,0,False,0,True,True,24.0,True,8,d,gps,501809758,1765332171,-47.35499999999999,-2.175,1.562,0,0,0.0,59.578,0.0,0.0,0.8,gps,501662159,1765332171,-47.35499999999999,36.400118478833335,127.36124391666667,0,1,14,0.0,0.0,0,0,0.0,0.0,59.578,36.40011851533333,127.36124389416666,0.0,0.0,0.0,0.0,0.0,0.0,0.0,0.0,0.0,-48.489000000000004,base_link,456267009,1765332171,63.36899948120117,36.577999114990234,99.97100067138672,-5.079999923706055,0.0,-2.163,1.519,0.0,zedx_boom_imu_link,zedx_boom_left_camera_frame,393838572,1765332171,0.999992847442627,0.003616482252255082,0.0005469119059853256,-0.0009107014629989862,0.0,-0.03564900532364845,-0.00014700002793688327
1765332171400000000,-158.9199981689453,excavator_base_link,598694038,1765332171,2.3626282656594193,1.0219893516645304,0.0,0.0,0.0,0.0,0.0,127,0,0.0,569380315,1765332171,0.0,4,f,0,4,f,0,4,f,0,59.578,gps,600795858,1765332171,36.4001184425,127.36124394216667,0.6400000000000001,0.0,0.0,0.0,0.6400000000000001,0.0,0.0,0.0,2.5600000000000005,1,1,1,0.1,0.0,0.0,0.0,0.0,0.0,0.1,0.0,0.0,0.0,0.0,0.0,0.0,0.0,0.1,0.0,0.0,0.0,0.0,0.0,0.0,0.1,0.0,0.0,0.0,0.0,0.0,0.0,0.0,0.1,0.0,0.0,0.0,0.1,0.0,0.0,0.0,0.0,0.0,-0.0005281203577188162,-0.003806302601837933,8.733615928720296e-06,8,d,gps,602569772,1765332171,-46.269000000000005,-2.189,1.604,0,0,-40.76900100708008,4,f,0,4,f,0,4,f,0,4,f,0,-2.859999895095825,-5.5,False,True,100.0,59.578,gps,500774738,1765332171,36.400118478833335,127.36124391666667,0.6400000000000001,0.0,0.0,0.0,0.6400000000000001,0.0,0.0,0.0,2.5600000000000005,1,1,1,0.1,0.0,0.0,0.0,0.0,0.0,0.1,0.0,0.0,0.0,0.0,0.0,0.0,0.0,0.1,0.0,0.0,0.0,0.0,0.0,0.0,0.1,0.0,0.0,0.0,0.0,0.0,0.0,0.0,0.1,0.0,0.0,0.0,0.1,0.0,0.0,0.0,0.0,0.0,-0.0005267300295552958,-0.00380723278203897,8.73392399028295e-06,excavator_base,571001893,1765332171,True,50.0,False,81.58999633789062,-2.1600000858306885,False,False,-34.41999816894531,-2.2200000286102295,False,False,59.720001220703125,-8.6899995803833,False,excavator_base,571096879,1765332171,-3.946000099182129,False,0.0,0.0,0.0,0.0,0.0,0.0,0.0,0.0,0.0,excavator_base,571131155,1765332171,False,False,-3.946000099182129,0.0,0,False,,0,0,0.0,0.0,False,0.0,0.0,0.0,0,False,,0,0,False,0.0,0.0,0,default,1509.0,1337.0,False,1533.0,529.0,False,1534.0,1498.0,False,excavator_base,571058699,1765332171,0.0,0.0,-3.946000099182129,False,True,True,True,0,False,True,0,excavator_base,571183000,1765332171,0,True,0.0,0.0,0.0,0,0,False,0,True,True,24.0,True,8,d,gps,603079617,1765332171,-46.269000000000005,-2.189,1.604,0,0,0.0,59.578,0.0,0.0,0.8,gps,602841416,1765332171,-46.269000000000005,36.4001184425,127.36124394216667,0,1,14,0.0,0.0,0,0,0.0,0.0,59.578,36.400118478833335,127.36124391666667,0.0,0.0,0.0,0.0,0.0,0.0,0.0,0.0,0.0,-47.35499999999999,base_link,556329478,1765332171,63.3489990234375,37.5099983215332,99.84100341796875,-3.946000099182129,0.0,-2.175,1.562,0.0,zedx_cabin_imu_link,zedx_cabin_left_camera_frame,499479080,1765332171,0.9999747276306152,0.006695220712572336,-0.0017097544623538852,-0.0016760278958827257,0.0,-0.03564900532364845,-0.00014700002793688327
1765332171500000000,-158.135986328125,excavator_base_link,698652848,1765332171,2.3626949071276857,1.0472222108925657,0.0,0.0,0.0,0.0,0.0,127,0,0.0,669817895,1765332171,0.0,4,f,0,4,f,0,4,f,0,59.578,gps,700869944,1765332171,36.400118409166666,127.36124396733334,0.6400000000000001,0.0,0.0,0.0,0.6400000000000001,0.0,0.0,0.0,2.5600000000000005,1,1,1,0.1,0.0,0.0,0.0,0.0,0.0,0.1,0.0,0.0,0.0,0.0,0.0,0.0,0.0,0.1,0.0,0.0,0.0,0.0,0.0,0.0,0.1,0.0,0.0,0.0,0.0,0.0,0.0,0.0,0.1,0.0,0.0,0.0,0.1,0.0,0.0,0.0,0.0,0.0,-0.0005293945126116291,-0.0038053847043188933,8.733312051650678e-06,8,d,gps,702071030,1765332171,-45.203,-2.2,1.632,0,0,-40.702999114990234,4,f,0,4,f,0,4,f,0,4,f,0,-1.7940000295639038,-4.5,False,True,100.0,59.578,gps,600795858,1765332171,36.4001184425,127.36124394216667,0.6400000000000001,0.0,0.0,0.0,0.6400000000000001,0.0,0.0,0.0,2.5600000000000005,1,1,1,0.1,0.0,0.0,0.0,0.0,0.0,0.1,0.0,0.0,0.0,0.0,0.0,0.0,0.0,0.1,0.0,0.0,0.0,0.0,0.0,0.0,0.1,0.0,0.0,0.0,0.0,0.0,0.0,0.0,0.1,0.0,0.0,0.0,0.1,0.0,0.0,0.0,0.0,0.0,-0.0005281203577188162,-0.003806302601837933,8.733615928720296e-06,excavator_base,671750866,1765332171,True,50.0,False,81.1500015258789,-2.130000114440918,False,False,-35.349998474121094,-2.2200000286102295,False,False,58.959999084472656,-8.539999961853027,False,excavator_base,671866110,1765332171,-2.859999895095825,False,0.0,0.0,0.0,0.0,0.0,0.0,0.0,0.0,0.0,excavator_base,671903874,1765332171,False,False,-2.859999895095825,0.0,0,False,,0,0,0.0,0.0,False,0.0,0.0,0.0,0,False,,0,0,False,0.0,0.0,0,default,1506.0,1340.0,False,1535.0,529.0,False,1534.0,1498.0,False,excavator_base,671821145,1765332171,0.0,0.0,-2.859999895095825,False,True,True,True,0,False,True,0,excavator_base,671961896,1765332171,0,True,0.0,0.0,0.0,0,0,False,0,True,True,24.0,True,8,d,gps,702545928,1765332171,-45.203,-2.2,1.632,0,0,0.0,59.578,0.0,0.0,0.8,gps,702386935,1765332171,-45.203,36.400118409166666,127.36124396733334,0,1,14,0.0,0.0,0,0,0.0,0.0,59.578,36.4001184425,127.36124394216667,0.0,0.0,0.0,0.0,0.0,0.0,0.0,0.0,0.0,-46.269000000000005,base_link,656332549,1765332171,63.29899978637695,38.45399856567383,99.72100067138672,-2.859999895095825,0.0,-2.189,1.604,0.0,zedx_boom_imu_link,zedx_boom_left_camera_frame,597242146,1765332171,0.999992847442627,0.003616482252255082,0.0005469119059853256,-0.0009107014629989862,0.0,-0.03564900532364845,-0.00014700002793688327
1765332171600000000,-157.46499633789062,excavator_base_link,798732471,1765332171,2.3639975816051177,1.0684420092502567,0.0,0.0,0.0,0.0,0.0,127,0,0.0,769507973,1765332171,0.0,4,f,0,4,f,0,4,f,0,59.578,gps,803535789,1765332171,36.40011837683333,127.36124399266667,0.6400000000000001,0.0,0.0,0.0,0.6400000000000001,0.0,0.0,0.0,2.5600000000000005,1,1,1,0.1,0.0,0.0,0.0,0.0,0.0,0.1,0.0,0.0,0.0,0.0,0.0,0.0,0.0,0.1,0.0,0.0,0.0,0.0,0.0,0.0,0.1,0.0,0.0,0.0,0.0,0.0,0.0,0.0,0.1,0.0,0.0,0.0,0.1,0.0,0.0,0.0,0.0,0.0,-0.0005306291568913572,-0.0038044570285024884,8.732997543354549e-06,8,d,gps,805376014,1765332171,-44.143,-2.208,1.648,0,0,-40.74300003051758,4,f,0,4,f,0,4,f,0,4,f,0,-0.734000027179718,-3.4000000953674316,False,True,100.0,59.578,gps,700869944,1765332171,36.400118409166666,127.36124396733334,0.6400000000000001,0.0,0.0,0.0,0.6400000000000001,0.0,0.0,0.0,2.5600000000000005,1,1,1,0.1,0.0,0.0,0.0,0.0,0.0,0.1,0.0,0.0,0.0,0.0,0.0,0.0,0.0,0.1,0.0,0.0,0.0,0.0,0.0,0.0,0.1,0.0,0.0,0.0,0.0,0.0,0.0,0.0,0.1,0.0,0.0,0.0,0.1,0.0,0.0,0.0,0.0,0.0,-0.0005293945126116291,-0.0038053847043188933,8.733312051650678e-06,excavator_base,771107533,1765332171,True,50.0,False,80.26000213623047,-2.049999952316284,False,False,-36.2400016784668,-2.2200000286102295,False,False,58.209999084472656,-8.380000114440918,False,excavator_base,771223129,1765332171,-1.7940000295639038,False,0.0,0.0,0.0,0.0,0.0,0.0,0.0,0.0,0.0,excavator_base,771263357,1765332171,False,False,-1.7940000295639038,0.0,0,False,,0,0,0.0,0.0,False,0.0,0.0,0.0,0,False,,0,0,False,0.0,0.0,0,default,1505.0,1338.0,False,1498.0,529.0,False,1539.0,1503.0,False,excavator_base,771177268,1765332171,0.0,0.0,-1.7940000295639038,False,True,True,True,0,False,True,0,excavator_base,771321443,1765332171,0,True,0.0,0.0,0.0,0,0,False,0,True,True,24.0,True,8,d,gps,806015537,1765332171,-44.143,-2.208,1.648,0,0,0.0,59.578,0.0,0.0,0.8,gps,805675245,1765332171,-44.143,36.40011837683333,127.36124399266667,0,1,14,0.0,0.0,0,0,0.0,0.0,59.578,36.400118409166666,127.36124396733334,0.0,0.0,0.0,0.0,0.0,0.0,0.0,0.0,0.0,-45.203,base_link,756318721,1765332171,63.29899978637695,39.35499954223633,99.58100128173828,-1.7940000295639038,0.0,-2.2,1.632,0.0,zedx_boom_imu_link,zedx_boom_left_camera_frame,698683615,1765332171,0.999992847442627,0.003616482252255082,0.0005469119059853256,-0.0009107014629989862,0.0,-0.03564900532364845,-0.00014700002793688327
1765332171700000000,-157.16700744628906,excavator_base_link,898721044,1765332171,2.3664531998491545,1.0775995958731717,0.0,0.0,0.0,0.0,0.0,127,0,0.0,869533318,1765332171,0.0,4,f,0,4,f,0,4,f,0,59.579,gps,900889303,1765332171,36.400118340333336,127.36124401733333,0.6400000000000001,0.0,0.0,0.0,0.6400000000000001,0.0,0.0,0.0,2.5600000000000005,1,1,1,0.1,0.0,0.0,0.0,0.0,0.0,0.1,0.0,0.0,0.0,0.0,0.0,0.0,0.0,0.1,0.0,0.0,0.0,0.0,0.0,0.0,0.1,0.0,0.0,0.0,0.0,0.0,0.0,0.0,0.1,0.0,0.0,0.0,0.1,0.0,0.0,0.0,0.0,0.0,-0.0005320264962410839,-0.0038035590146802724,9.082011366799998e-06,8,d,gps,901561021,1765332171,-43.08500000000001,-2.218,1.715,0,0,-40.685001373291016,4,f,0,4,f,0,4,f,0,4,f,0,0.3240000009536743,-2.4000000953674316,False,True,100.0,59.578,gps,803535789,1765332171,36.40011837683333,127.36124399266667,0.6400000000000001,0.0,0.0,0.0,0.6400000000000001,0.0,0.0,0.0,2.5600000000000005,1,1,1,0.1,0.0,0.0,0.0,0.0,0.0,0.1,0.0,0.0,0.0,0.0,0.0,0.0,0.0,0.1,0.0,0.0,0.0,0.0,0.0,0.0,0.1,0.0,0.0,0.0,0.0,0.0,0.0,0.0,0.1,0.0,0.0,0.0,0.1,0.0,0.0,0.0,0.0,0.0,-0.0005306291568913572,-0.0038044570285024884,8.732997543354549e-06,excavator_base,871738957,1765332171,True,50.0,False,79.61000061035156,-2.0,False,False,-36.790000915527344,-2.240000009536743,False,False,57.70000076293945,-8.210000038146973,False,excavator_base,871852825,1765332171,-0.734000027179718,False,0.0,0.0,0.0,0.0,0.0,0.0,0.0,0.0,0.0,excavator_base,871889757,1765332171,False,False,-0.734000027179718,0.0,0,False,,0,0,0.0,0.0,False,0.0,0.0,0.0,0,False,,0,0,False,0.0,0.0,0,default,1492.0,1341.0,False,1407.0,529.0,False,1533.0,1517.0,False,excavator_base,871809460,1765332171,0.0,0.0,-0.734000027179718,False,True,True,True,0,False,True,0,excavator_base,871943458,1765332171,0,True,0.0,0.0,0.0,0,0,False,0,True,True,24.0,True,8,d,gps,901956294,1765332171,-43.08500000000001,-2.218,1.715,0,0,0.0,59.579,0.0,0.0,0.8,gps,901792661,1765332171,-43.08500000000001,36.400118340333336,127.36124401733333,0,1,14,0.0,0.0,0,0,0.0,0.0,59.578,36.40011837683333,127.36124399266667,0.0,0.0,0.0,0.0,0.0,0.0,0.0,0.0,0.0,-44.143,base_link,856316063,1765332171,63.39899826049805,39.91299819946289,99.44100189208984,-0.734000027179718,0.0,-2.208,1.648,0.0,zedx_boom_imu_link,zedx_boom_left_camera_frame,791544418,1765332171,0.999992847442627,0.003616482252255082,0.0005469119059853256,-0.0009107014629989862,0.0,-0.03564900532364845,-0.00014700002793688327
1765332171800000000,-157.20700073242188,excavator_base_link,998701744,1765332171,2.3647891122771383,1.082138543248025,0.0,0.0,0.0,0.0,0.0,127,0,0.0,970147013,1765332171,0.0,4,f,0,4,f,0,4,f,0,59.579,gps,776169,1765332172,36.40011830383333,127.3612440415,0.6400000000000001,0.0,0.0,0.0,0.6400000000000001,0.0,0.0,0.0,2.5600000000000005,1,1,1,0.1,0.0,0.0,0.0,0.0,0.0,0.1,0.0,0.0,0.0,0.0,0.0,0.0,0.0,0.1,0.0,0.0,0.0,0.0,0.0,0.0,0.1,0.0,0.0,0.0,0.0,0.0,0.0,0.0,0.1,0.0,0.0,0.0,0.1,0.0,0.0,0.0,0.0,0.0,-0.0005334231050642982,-0.0038026721264565458,9.08169447043293e-06,8,d,gps,1448591,1765332172,-42.008999999999986,-2.223,1.781,0,0,-40.70899963378906,4,f,0,4,f,0,4,f,0,4,f,0,1.399999976158142,-1.2999999523162842,False,True,100.0,59.579,gps,900889303,1765332171,36.400118340333336,127.36124401733333,0.6400000000000001,0.0,0.0,0.0,0.6400000000000001,0.0,0.0,0.0,2.5600000000000005,1,1,1,0.1,0.0,0.0,0.0,0.0,0.0,0.1,0.0,0.0,0.0,0.0,0.0,0.0,0.0,0.1,0.0,0.0,0.0,0.0,0.0,0.0,0.1,0.0,0.0,0.0,0.0,0.0,0.0,0.0,0.1,0.0,0.0,0.0,0.1,0.0,0.0,0.0,0.0,0.0,-0.0005320264962410839,-0.0038035590146802724,9.082011366799998e-06,excavator_base,970935127,1765332171,True,50.0,False,79.41000366210938,-2.0199999809265137,False,False,-36.95000076293945,-2.259999990463257,False,False,57.630001068115234,-8.149999618530273,False,excavator_base,971037538,1765332171,0.3240000009536743,False,0.0,0.0,0.0,0.0,0.0,0.0,0.0,0.0,0.0,excavator_base,971073733,1765332171,False,False,0.3240000009536743,0.0,0,False,,0,0,0.0,0.0,False,0.0,0.0,0.0,0,False,,0,0,False,0.0,0.0,0,default,1482.0,1336.0,False,1457.0,529.0,False,1537.0,1491.0,False,excavator_base,970997309,1765332171,0.0,0.0,0.3240000009536743,False,True,True,True,0,False,True,0,excavator_base,971127339,1765332171,0,True,0.0,0.0,0.0,0,0,False,0,True,True,24.0,True,8,d,gps,1856666,1765332172,-42.008999999999986,-2.223,1.781,0,0,0.0,59.579,0.0,0.0,0.8,gps,1704682,1765332172,-42.008999999999986,36.40011830383333,127.3612440415,0,1,14,0.0,0.0,0,0,0.0,0.0,59.579,36.400118340333336,127.36124401733333,0.0,0.0,0.0,0.0,0.0,0.0,0.0,0.0,0.0,-43.08500000000001,base_link,956450604,1765332171,63.42900085449219,40.08300018310547,99.32099914550781,0.3240000009536743,0.0,-2.218,1.715,0.0,zedx_boom_imu_link,zedx_boom_left_camera_frame,898139686,1765332171,0.999992847442627,0.003616482252255082,0.0005469119059853256,-0.0009107014629989862,0.0,-0.03564900532364845,-0.00014700002793688327
1765332171900000000,-157.19200134277344,excavator_base_link,98707695,1765332172,2.359506629932889,1.0907217521023416,0.0,0.0,0.0,0.0,0.0,127,0,0.0,69509792,1765332172,0.0,4,f,0,4,f,0,4,f,0,59.579,gps,101040131,1765332172,36.40011826933333,127.361244072,0.6400000000000001,0.0,0.0,0.0,0.6400000000000001,0.0,0.0,0.0,2.5600000000000005,1,1,1,0.1,0.0,0.0,0.0,0.0,0.0,0.1,0.0,0.0,0.0,0.0,0.0,0.0,0.0,0.1,0.0,0.0,0.0,0.0,0.0,0.0,0.1,0.0,0.0,0.0,0.0,0.0,0.0,0.0,0.1,0.0,0.0,0.0,0.1,0.0,0.0,0.0,0.0,0.0,-0.0005347419590602494,-0.00380158683603591,9.08137562461463e-06,8,d,gps,101944898,1765332172,-40.93600000000001,-2.23,1.821,0,0,-40.13600158691406,4,f,0,4,f,0,4,f,0,4,f,0,2.4730000495910645,-0.800000011920929,False,True,100.0,59.579,gps,776169,1765332172,36.40011830383333,127.3612440415,0.6400000000000001,0.0,0.0,0.0,0.6400000000000001,0.0,0.0,0.0,2.5600000000000005,1,1,1,0.1,0.0,0.0,0.0,0.0,0.0,0.1,0.0,0.0,0.0,0.0,0.0,0.0,0.0,0.1,0.0,0.0,0.0,0.0,0.0,0.0,0.1,0.0,0.0,0.0,0.0,0.0,0.0,0.0,0.1,0.0,0.0,0.0,0.1,0.0,0.0,0.0,0.0,0.0,-0.0005334231050642982,-0.0038026721264565458,9.08169447043293e-06,excavator_base,71236021,1765332172,True,50.0,False,79.37999725341797,-2.0399999618530273,False,False,-37.11000061035156,-2.2799999713897705,False,False,57.68000030517578,-8.09000015258789,False,excavator_base,71418632,1765332172,1.399999976158142,False,0.0,0.0,0.0,0.0,0.0,0.0,0.0,0.0,0.0,excavator_base,71541941,1765332172,False,False,1.399999976158142,0.0,0,False,,0,0,0.0,0.0,False,0.0,0.0,0.0,0,False,,0,0,False,0.0,0.0,0,default,1492.0,1341.0,False,1534.0,532.0,False,1535.0,1515.0,False,excavator_base,71312157,1765332172,0.0,0.0,1.399999976158142,False,True,True,True,0,False,True,0,excavator_base,71754475,1765332172,0,True,0.0,0.0,0.0,0,0,False,0,True,True,24.0,True,8,d,gps,102406418,1765332172,-40.93600000000001,-2.23,1.821,0,0,0.0,59.579,0.0,0.0,0.8,gps,102231744,1765332172,-40.93600000000001,36.40011826933333,127.361244072,0,1,14,0.0,0.0,0,0,0.0,0.0,59.579,36.40011830383333,127.3612440415,0.0,0.0,0.0,0.0,0.0,0.0,0.0,0.0,0.0,-42.008999999999986,base_link,56319516,1765332172,63.308998107910156,40.24800109863281,99.23100280761719,1.399999976158142,0.0,-2.223,1.781,0.0,zedx_cabin_imu_link,zedx_cabin_left_camera_frame,996071041,1765332171,0.9999747276306152,0.006695220712572336,-0.0017097544623538852,-0.0016760278958827257,0.0,-0.03564900532364845,-0.00014700002793688327
1765332172000000000,-156.9949951171875,excavator_base_link,198732272,1765332172,2.355275382729911,1.1016768102402417,0.0,0.0,0.0,0.0,0.0,127,0,0.0,169598856,1765332172,0.0,4,f,0,4,f,0,4,f,0,59.579,gps,200963609,1765332172,36.400118240833336,127.361244097,0.6400000000000001,0.0,0.0,0.0,0.6400000000000001,0.0,0.0,0.0,2.5600000000000005,1,1,1,0.1,0.0,0.0,0.0,0.0,0.0,0.1,0.0,0.0,0.0,0.0,0.0,0.0,0.0,0.1,0.0,0.0,0.0,0.0,0.0,0.0,0.1,0.0,0.0,0.0,0.0,0.0,0.0,0.0,0.1,0.0,0.0,0.0,0.1,0.0,0.0,0.0,0.0,0.0,-0.0005358282444837809,-0.0038006742339392026,9.081059153738316e-06,8,d,gps,201809362,1765332172,-39.88900000000001,-2.239,1.841,0,0,-40.18899917602539,4,f,0,4,f,0,4,f,0,4,f,0,3.5199999809265137,0.30000001192092896,False,True,100.0,59.579,gps,101040131,1765332172,36.40011826933333,127.361244072,0.6400000000000001,0.0,0.0,0.0,0.6400000000000001,0.0,0.0,0.0,2.5600000000000005,1,1,1,0.1,0.0,0.0,0.0,0.0,0.0,0.1,0.0,0.0,0.0,0.0,0.0,0.0,0.0,0.1,0.0,0.0,0.0,0.0,0.0,0.0,0.1,0.0,0.0,0.0,0.0,0.0,0.0,0.0,0.1,0.0,0.0,0.0,0.1,0.0,0.0,0.0,0.0,0.0,-0.0005347419590602494,-0.00380158683603591,9.08137562461463e-06,excavator_base,171017404,1765332172,True,50.0,False,79.25,-2.0899999141693115,False,False,-37.43000030517578,-2.2899999618530273,False,False,57.599998474121094,-8.020000457763672,False,excavator_base,171124039,1765332172,2.4730000495910645,False,0.0,0.0,0.0,0.0,0.0,0.0,0.0,0.0,0.0,excavator_base,171159467,1765332172,False,False,2.4730000495910645,0.0,0,False,,0,0,0.0,0.0,False,0.0,0.0,0.0,0,False,,0,0,False,0.0,0.0,0,default,1456.0,1340.0,False,1538.0,532.0,False,1535.0,1493.0,False,excavator_base,171081347,1765332172,0.0,0.0,2.4730000495910645,False,True,True,True,0,False,True,0,excavator_base,171214161,1765332172,0,True,0.0,0.0,0.0,0,0,False,0,True,True,24.0,True,8,d,gps,202374957,1765332172,-39.88900000000001,-2.239,1.841,0,0,0.0,59.579,0.0,0.0,0.8,gps,202086927,1765332172,-39.88900000000001,36.400118240833336,127.361244097,0,1,14,0.0,0.0,0,0,0.0,0.0,59.579,36.40011826933333,127.361244072,0.0,0.0,0.0,0.0,0.0,0.0,0.0,0.0,0.0,-40.93600000000001,base_link,157373801,1765332172,63.11899948120117,40.57500076293945,99.18099975585938,2.4730000495910645,0.0,-2.23,1.821,0.0,zedx_boom_imu_link,zedx_boom_left_camera_frame,93671608,1765332172,0.999992847442627,0.003616482252255082,0.0005469119059853256,-0.0009107014629989862,0.0,-0.03564900532364845,-0.00014700002793688327
1765332172100000000,-156.47601318359375,excavator_base_link,298495509,1765332172,2.356562714488273,1.106954140581232,0.0,0.0,0.0,0.0,0.0,127,0,0.0,269637770,1765332172,0.0,4,f,0,4,f,0,4,f,0,59.579,gps,301019421,1765332172,36.400118214,127.36124412083333,0.6400000000000001,0.0,0.0,0.0,0.6400000000000001,0.0,0.0,0.0,2.5600000000000005,1,1,1,0.1,0.0,0.0,0.0,0.0,0.0,0.1,0.0,0.0,0.0,0.0,0.0,0.0,0.0,0.1,0.0,0.0,0.0,0.0,0.0,0.0,0.1,0.0,0.0,0.0,0.0,0.0,0.0,0.0,0.1,0.0,0.0,0.0,0.1,0.0,0.0,0.0,0.0,0.0,-0.0005368498074697009,-0.0037997978596943415,9.080742131754517e-06,8,d,gps,301709605,1765332172,-38.897999999999996,-2.242,1.891,0,0,-39.698001861572266,4,f,0,4,f,0,4,f,0,4,f,0,4.511000156402588,0.800000011920929,False,True,100.0,59.579,gps,200963609,1765332172,36.400118240833336,127.361244097,0.6400000000000001,0.0,0.0,0.0,0.6400000000000001,0.0,0.0,0.0,2.5600000000000005,1,1,1,0.1,0.0,0.0,0.0,0.0,0.0,0.1,0.0,0.0,0.0,0.0,0.0,0.0,0.0,0.1,0.0,0.0,0.0,0.0,0.0,0.0,0.1,0.0,0.0,0.0,0.0,0.0,0.0,0.0,0.1,0.0,0.0,0.0,0.1,0.0,0.0,0.0,0.0,0.0,-0.0005358282444837809,-0.0038006742339392026,9.081059153738316e-06,excavator_base,271302392,1765332172,True,50.0,False,78.95999908447266,-2.109999895095825,False,False,-37.790000915527344,-2.299999952316284,False,False,57.22999954223633,-7.960000038146973,False,excavator_base,271406723,1765332172,3.5199999809265137,False,0.0,0.0,0.0,0.0,0.0,0.0,0.0,0.0,0.0,excavator_base,271441447,1765332172,False,False,3.5199999809265137,0.0,0,False,,0,0,0.0,0.0,False,0.0,0.0,0.0,0,False,,0,0,False,0.0,0.0,0,default,1404.0,1340.0,False,1497.0,532.0,False,1535.0,1440.0,False,excavator_base,271366143,1765332172,0.0,0.0,3.5199999809265137,False,True,True,True,0,False,True,0,excavator_base,271494444,1765332172,0,True,0.0,0.0,0.0,0,0,False,0,True,True,24.0,True,8,d,gps,302089709,1765332172,-38.897999999999996,-2.242,1.891,0,0,0.0,59.579,0.0,0.0,0.8,gps,301941598,1765332172,-38.897999999999996,36.400118214,127.36124412083333,0,1,14,0.0,0.0,0,0,0.0,0.0,59.579,36.400118240833336,127.361244097,0.0,0.0,0.0,0.0,0.0,0.0,0.0,0.0,0.0,-39.88900000000001,base_link,256277012,1765332172,63.04899978637695,40.944000244140625,99.26100158691406,3.5199999809265137,0.0,-2.239,1.841,0.0,zedx_cabin_imu_link,zedx_cabin_left_camera_frame,199466359,1765332172,0.9999747276306152,0.006695220712572336,-0.0017097544623538852,-0.0016760278958827257,0.0,-0.03564900532364845,-0.00014700002793688327
1765332172200000000,-155.91299438476562,excavator_base_link,398689064,1765332172,2.3569342337205197,1.1099415453051373,0.0,0.0,0.0,0.0,0.0,127,0,0.0,369353610,1765332172,0.0,4,f,0,4,f,0,4,f,0,59.579,gps,401028732,1765332172,36.400118190166665,127.3612441415,0.6400000000000001,0.0,0.0,0.0,0.6400000000000001,0.0,0.0,0.0,2.5600000000000005,1,1,1,0.1,0.0,0.0,0.0,0.0,0.0,0.1,0.0,0.0,0.0,0.0,0.0,0.0,0.0,0.1,0.0,0.0,0.0,0.0,0.0,0.0,0.1,0.0,0.0,0.0,0.0,0.0,0.0,0.0,0.1,0.0,0.0,0.0,0.1,0.0,0.0,0.0,0.0,0.0,-0.0005377549787446628,-0.0037990202057368544,9.080424773513294e-06,8,d,gps,402342470,1765332172,-38.0,-2.244,1.924,0,0,-39.79999923706055,4,f,0,4,f,0,4,f,0,4,f,0,5.408999919891357,1.7999999523162842,False,True,100.0,59.579,gps,301019421,1765332172,36.400118214,127.36124412083333,0.6400000000000001,0.0,0.0,0.0,0.6400000000000001,0.0,0.0,0.0,2.5600000000000005,1,1,1,0.1,0.0,0.0,0.0,0.0,0.0,0.1,0.0,0.0,0.0,0.0,0.0,0.0,0.0,0.1,0.0,0.0,0.0,0.0,0.0,0.0,0.1,0.0,0.0,0.0,0.0,0.0,0.0,0.0,0.1,0.0,0.0,0.0,0.1,0.0,0.0,0.0,0.0,0.0,-0.0005368498074697009,-0.0037997978596943415,9.080742131754517e-06,excavator_base,370936816,1765332172,True,50.0,False,78.58999633789062,-2.0399999618530273,False,False,-38.08000183105469,-2.319999933242798,False,False,56.66999816894531,-7.820000171661377,False,excavator_base,371053852,1765332172,4.511000156402588,False,0.0,0.0,0.0,0.0,0.0,0.0,0.0,0.0,0.0,excavator_base,371095137,1765332172,False,False,4.511000156402588,0.0,0,False,,0,0,0.0,0.0,False,0.0,0.0,0.0,0,False,,0,0,False,0.0,0.0,0,default,1373.0,1342.0,False,1500.0,532.0,False,1536.0,1386.0,False,excavator_base,371007543,1765332172,0.0,0.0,4.511000156402588,False,True,True,True,0,False,True,0,excavator_base,371156327,1765332172,0,True,0.0,0.0,0.0,0,0,False,0,True,True,24.0,True,8,d,gps,403088660,1765332172,-38.0,-2.244,1.924,0,0,0.0,59.579,0.0,0.0,0.8,gps,402734511,1765332172,-38.0,36.400118190166665,127.3612441415,0,1,14,0.0,0.0,0,0,0.0,0.0,59.579,36.400118214,127.36124412083333,0.0,0.0,0.0,0.0,0.0,0.0,0.0,0.0,0.0,-38.897999999999996,base_link,358372365,1765332172,63.03900146484375,41.23699951171875,99.54100036621094,4.511000156402588,0.0,-2.242,1.891,0.0,zedx_cabin_imu_link,zedx_cabin_left_camera_frame,298409168,1765332172,0.9999747276306152,0.006695220712572336,-0.0017097544623538852,-0.0016760278958827257,0.0,-0.03564900532364845,-0.00014700002793688327
1765332172300000000,-155.42100524902344,excavator_base_link,498690438,1765332172,2.353936344815287,1.1130694852386611,0.0,0.0,0.0,0.0,0.0,127,0,0.0,470519587,1765332172,0.0,4,f,0,4,f,0,4,f,0,59.579,gps,502875612,1765332172,36.40011816933333,127.36124416283333,0.6400000000000001,0.0,0.0,0.0,0.6400000000000001,0.0,0.0,0.0,2.5600000000000005,1,1,1,0.1,0.0,0.0,0.0,0.0,0.0,0.1,0.0,0.0,0.0,0.0,0.0,0.0,0.0,0.1,0.0,0.0,0.0,0.0,0.0,0.0,0.1,0.0,0.0,0.0,0.0,0.0,0.0,0.0,0.1,0.0,0.0,0.0,0.1,0.0,0.0,0.0,0.0,0.0,-0.0005385434617997903,-0.0037982194801395347,9.080101880512559e-06,8,d,gps,503588006,1765332172,-37.215,-2.252,1.956,0,0,-40.1150016784668,4,f,0,4,f,0,4,f,0,4,f,0,6.193999767303467,2.9000000953674316,False,True,100.0,59.579,gps,401028732,1765332172,36.400118190166665,127.3612441415,0.6400000000000001,0.0,0.0,0.0,0.6400000000000001,0.0,0.0,0.0,2.5600000000000005,1,1,1,0.1,0.0,0.0,0.0,0.0,0.0,0.1,0.0,0.0,0.0,0.0,0.0,0.0,0.0,0.1,0.0,0.0,0.0,0.0,0.0,0.0,0.1,0.0,0.0,0.0,0.0,0.0,0.0,0.0,0.1,0.0,0.0,0.0,0.1,0.0,0.0,0.0,0.0,0.0,-0.0005377549787446628,-0.0037990202057368544,9.080424773513294e-06,excavator_base,471174599,1765332172,True,50.0,False,78.54000091552734,-1.9900000095367432,False,False,-38.349998474121094,-2.319999933242798,False,False,56.150001525878906,-7.659999847412109,False,excavator_base,471296052,1765332172,5.408999919891357,False,0.0,0.0,0.0,0.0,0.0,0.0,0.0,0.0,0.0,excavator_base,471335896,1765332172,False,False,5.408999919891357,0.0,0,False,,0,0,0.0,0.0,False,0.0,0.0,0.0,0,False,,0,0,False,0.0,0.0,0,default,1335.0,1340.0,False,1505.0,532.0,False,1537.0,1319.0,False,excavator_base,471248495,1765332172,0.0,0.0,5.408999919891357,False,True,True,True,0,False,True,0,excavator_base,471395902,1765332172,0,True,0.0,0.0,0.0,0,0,False,0,True,True,24.0,True,8,d,gps,503953164,1765332172,-37.215,-2.252,1.956,0,0,0.0,59.579,0.0,0.0,0.8,gps,503814206,1765332172,-37.215,36.40011816933333,127.36124416283333,0,1,14,0.0,0.0,0,0,0.0,0.0,59.579,36.400118190166665,127.3612441415,0.0,0.0,0.0,0.0,0.0,0.0,0.0,0.0,0.0,-38.0,base_link,456342519,1765332172,62.909000396728516,41.50899887084961,99.9209976196289,5.408999919891357,0.0,-2.244,1.924,0.0,zedx_boom_imu_link,zedx_boom_left_camera_frame,396366021,1765332172,0.999992847442627,0.003616482252255082,0.0005469119059853256,-0.0009107014629989862,0.0,-0.03564900532364845,-0.00014700002793688327
1765332172400000000,-154.60299682617188,excavator_base_link,598688484,1765332172,2.353214075563238,1.1118223467930834,0.0,0.0,0.0,0.0,0.0,127,0,0.0,569361672,1765332172,0.0,4,f,0,4,f,0,4,f,0,59.58,gps,601146693,1765332172,36.400118151166666,127.3612441825,0.6400000000000001,0.0,0.0,0.0,0.6400000000000001,0.0,0.0,0.0,2.5600000000000005,1,1,1,0.1,0.0,0.0,0.0,0.0,0.0,0.1,0.0,0.0,0.0,0.0,0.0,0.0,0.0,0.1,0.0,0.0,0.0,0.0,0.0,0.0,0.1,0.0,0.0,0.0,0.0,0.0,0.0,0.0,0.1,0.0,0.0,0.0,0.1,0.0,0.0,0.0,0.0,0.0,-0.0005392291756863556,-0.003797475437028068,9.42901276332284e-06,8,d,gps,601977660,1765332172,-36.494,-2.257,1.979,0,0,-40.39400100708008,4,f,0,4,f,0,4,f,0,4,f,0,6.914999961853027,3.9000000953674316,False,True,100.0,59.579,gps,502875612,1765332172,36.40011816933333,127.36124416283333,0.6400000000000001,0.0,0.0,0.0,0.6400000000000001,0.0,0.0,0.0,2.5600000000000005,1,1,1,0.1,0.0,0.0,0.0,0.0,0.0,0.1,0.0,0.0,0.0,0.0,0.0,0.0,0.0,0.1,0.0,0.0,0.0,0.0,0.0,0.0,0.1,0.0,0.0,0.0,0.0,0.0,0.0,0.0,0.1,0.0,0.0,0.0,0.1,0.0,0.0,0.0,0.0,0.0,-0.0005385434617997903,-0.0037982194801395347,9.080101880512559e-06,excavator_base,571116319,1765332172,True,50.0,False,78.41000366210938,-1.8700000047683716,False,False,-38.619998931884766,-2.3399999141693115,False,False,55.61000061035156,-7.389999866485596,False,excavator_base,571219082,1765332172,6.193999767303467,False,0.0,0.0,0.0,0.0,0.0,0.0,0.0,0.0,0.0,excavator_base,571254190,1765332172,False,False,6.193999767303467,0.0,0,False,,0,0,0.0,0.0,False,0.0,0.0,0.0,0,False,,0,0,False,0.0,0.0,0,default,1291.0,1339.0,False,1502.0,531.0,False,1537.0,1287.0,False,excavator_base,571177542,1765332172,0.0,0.0,6.193999767303467,False,True,True,True,0,False,True,0,excavator_base,571304371,1765332172,0,True,0.0,0.0,0.0,0,0,False,0,True,True,24.0,True,8,d,gps,602667300,1765332172,-36.494,-2.257,1.979,0,0,0.0,59.58,0.0,0.0,0.8,gps,602272699,1765332172,-36.494,36.400118151166666,127.3612441825,0,1,14,0.0,0.0,0,0,0.0,0.0,59.579,36.40011816933333,127.36124416283333,0.0,0.0,0.0,0.0,0.0,0.0,0.0,0.0,0.0,-37.215,base_link,556534282,1765332172,62.729000091552734,41.7869987487793,100.37100219726562,6.193999767303467,0.0,-2.252,1.956,0.0,zedx_boom_imu_link,zedx_boom_left_camera_frame,497916589,1765332172,0.999992847442627,0.003616482252255082,0.0005469119059853256,-0.0009107014629989862,0.0,-0.03564900532364845,-0.00014700002793688327
1765332172500000000,-153.13800048828125,excavator_base_link,698712229,1765332172,2.35075887043782,1.0997631771592173,0.0,0.0,0.0,0.0,0.0,127,0,0.0,669491923,1765332172,0.0,4,f,0,4,f,0,4,f,0,59.58,gps,701157444,1765332172,36.4001181345,127.361244202,0.6400000000000001,0.0,0.0,0.0,0.6400000000000001,0.0,0.0,0.0,2.5600000000000005,1,1,1,0.1,0.0,0.0,0.0,0.0,0.0,0.1,0.0,0.0,0.0,0.0,0.0,0.0,0.0,0.1,0.0,0.0,0.0,0.0,0.0,0.0,0.1,0.0,0.0,0.0,0.0,0.0,0.0,0.0,0.1,0.0,0.0,0.0,0.1,0.0,0.0,0.0,0.0,0.0,-0.0005398563690016423,-0.0037967343246956982,9.428683217855404e-06,8,d,gps,702006109,1765332172,-35.821,-2.254,2.011,0,0,-40.520999908447266,4,f,0,4,f,0,4,f,0,4,f,0,7.5879998207092285,4.699999809265137,False,True,100.0,59.58,gps,601146693,1765332172,36.400118151166666,127.3612441825,0.6400000000000001,0.0,0.0,0.0,0.6400000000000001,0.0,0.0,0.0,2.5600000000000005,1,1,1,0.1,0.0,0.0,0.0,0.0,0.0,0.1,0.0,0.0,0.0,0.0,0.0,0.0,0.0,0.1,0.0,0.0,0.0,0.0,0.0,0.0,0.1,0.0,0.0,0.0,0.0,0.0,0.0,0.0,0.1,0.0,0.0,0.0,0.1,0.0,0.0,0.0,0.0,0.0,-0.0005392291756863556,-0.003797475437028068,9.42901276332284e-06,excavator_base,671076793,1765332172,True,50.0,False,78.61000061035156,-1.899999976158142,False,False,-38.900001525878906,-2.3399999141693115,False,False,54.369998931884766,-7.329999923706055,False,excavator_base,671173283,1765332172,6.914999961853027,False,0.0,0.0,0.0,0.0,0.0,0.0,0.0,0.0,0.0,excavator_base,671206887,1765332172,False,False,6.914999961853027,0.0,0,False,,0,0,0.0,0.0,False,0.0,0.0,0.0,0,False,,0,0,False,0.0,0.0,0,default,1204.0,1342.0,False,1484.0,531.0,False,1535.0,1219.0,False,excavator_base,671133887,1765332172,0.0,0.0,6.914999961853027,False,True,True,True,0,False,True,0,excavator_base,671259148,1765332172,0,True,0.0,0.0,0.0,0,0,False,0,True,True,24.0,True,8,d,gps,702787791,1765332172,-35.821,-2.254,2.011,0,0,0.0,59.58,0.0,0.0,0.8,gps,702512690,1765332172,-35.821,36.4001181345,127.361244202,0,1,14,0.0,0.0,0,0,0.0,0.0,59.58,36.400118151166666,127.3612441825,0.0,0.0,0.0,0.0,0.0,0.0,0.0,0.0,0.0,-36.494,base_link,656304016,1765332172,62.479000091552734,42.071998596191406,101.58100128173828,6.914999961853027,0.0,-2.257,1.979,0.0,zedx_cabin_imu_link,zedx_cabin_left_camera_frame,598514283,1765332172,0.9999747276306152,0.006695220712572336,-0.0017097544623538852,-0.0016760278958827257,0.0,-0.03564900532364845,-0.00014700002793688327
1765332172600000000,-152.30099487304688,excavator_base_link,798725572,1765332172,2.3254124082832983,1.0871294976770565,0.0,0.0,0.0,0.0,0.0,127,0,0.0,770484666,1765332172,0.0,4,f,0,4,f,0,4,f,0,59.58,gps,801451841,1765332172,36.400118118500004,127.36124422016667,0.6400000000000001,0.0,0.0,0.0,0.6400000000000001,0.0,0.0,0.0,2.5600000000000005,1,1,1,0.1,0.0,0.0,0.0,0.0,0.0,0.1,0.0,0.0,0.0,0.0,0.0,0.0,0.0,0.1,0.0,0.0,0.0,0.0,0.0,0.0,0.1,0.0,0.0,0.0,0.0,0.0,0.0,0.0,0.1,0.0,0.0,0.0,0.1,0.0,0.0,0.0,0.0,0.0,-0.000540457654398868,-0.003796034699179838,9.428353291952571e-06,8,d,gps,802227251,1765332172,-35.239000000000004,-2.255,2.041,0,0,-40.53900146484375,4,f,0,4,f,0,4,f,0,4,f,0,8.170000076293945,5.300000190734863,False,True,100.0,59.58,gps,701157444,1765332172,36.4001181345,127.361244202,0.6400000000000001,0.0,0.0,0.0,0.6400000000000001,0.0,0.0,0.0,2.5600000000000005,1,1,1,0.1,0.0,0.0,0.0,0.0,0.0,0.1,0.0,0.0,0.0,0.0,0.0,0.0,0.0,0.1,0.0,0.0,0.0,0.0,0.0,0.0,0.1,0.0,0.0,0.0,0.0,0.0,0.0,0.0,0.1,0.0,0.0,0.0,0.1,0.0,0.0,0.0,0.0,0.0,-0.0005398563690016423,-0.0037967343246956982,9.428683217855404e-06,excavator_base,771222023,1765332172,True,50.0,False,79.11000061035156,-1.9500000476837158,False,False,-39.09000015258789,-2.359999895095825,False,False,53.099998474121094,-7.409999847412109,False,excavator_base,771329778,1765332172,7.5879998207092285,False,0.0,0.0,0.0,0.0,0.0,0.0,0.0,0.0,0.0,excavator_base,771367222,1765332172,False,False,7.5879998207092285,0.0,0,False,,0,0,0.0,0.0,False,0.0,0.0,0.0,0,False,,0,0,False,0.0,0.0,0,default,1137.0,1342.0,False,1448.0,531.0,False,1535.0,989.0,False,excavator_base,771287758,1765332172,0.0,0.0,7.5879998207092285,False,True,True,True,0,False,True,0,excavator_base,771422844,1765332172,0,True,0.0,0.0,0.0,0,0,False,0,True,True,24.0,True,8,d,gps,802601498,1765332172,-35.239000000000004,-2.255,2.041,0,0,0.0,59.58,0.0,0.0,0.8,gps,802454730,1765332172,-35.239000000000004,36.400118118500004,127.36124422016667,0,1,14,0.0,0.0,0,0,0.0,0.0,59.58,36.4001181345,127.361244202,0.0,0.0,0.0,0.0,0.0,0.0,0.0,0.0,0.0,-35.821,base_link,756495106,1765332172,61.5989990234375,42.25899887084961,103.54100036621094,7.5879998207092285,0.0,-2.254,2.011,0.0,zedx_boom_imu_link,zedx_boom_left_camera_frame,696218960,1765332172,0.999992847442627,0.003616482252255082,0.0005469119059853256,-0.0009107014629989862,0.0,-0.03564900532364845,-0.00014700002793688327
1765332172700000000,-151.50999450683594,excavator_base_link,901856842,1765332172,2.292926655851402,1.0751616923086367,0.0,0.0,0.0,0.0,0.0,127,0,0.0,869536693,1765332172,0.0,4,f,0,4,f,0,4,f,0,59.58,gps,901185284,1765332172,36.400118107,127.3612442385,0.6400000000000001,0.0,0.0,0.0,0.6400000000000001,0.0,0.0,0.0,2.5600000000000005,1,1,1,0.1,0.0,0.0,0.0,0.0,0.0,0.1,0.0,0.0,0.0,0.0,0.0,0.0,0.0,0.1,0.0,0.0,0.0,0.0,0.0,0.0,0.1,0.0,0.0,0.0,0.0,0.0,0.0,0.0,0.1,0.0,0.0,0.0,0.1,0.0,0.0,0.0,0.0,0.0,-0.0005408845746755238,-0.003795330588966054,9.428025043720366e-06,8,d,gps,901914928,1765332172,-34.748999999999995,-2.255,2.061,0,0,-40.749000549316406,4,f,0,4,f,0,4,f,0,4,f,0,8.65999984741211,6.0,False,True,100.0,59.58,gps,801451841,1765332172,36.400118118500004,127.36124422016667,0.6400000000000001,0.0,0.0,0.0,0.6400000000000001,0.0,0.0,0.0,2.5600000000000005,1,1,1,0.1,0.0,0.0,0.0,0.0,0.0,0.1,0.0,0.0,0.0,0.0,0.0,0.0,0.0,0.1,0.0,0.0,0.0,0.0,0.0,0.0,0.1,0.0,0.0,0.0,0.0,0.0,0.0,0.0,0.1,0.0,0.0,0.0,0.1,0.0,0.0,0.0,0.0,0.0,-0.000540457654398868,-0.003796034699179838,9.428353291952571e-06,excavator_base,871137692,1765332172,True,50.0,False,81.19999694824219,-2.0899999141693115,False,False,-39.22999954223633,-2.359999895095825,False,False,52.470001220703125,-7.400000095367432,False,excavator_base,871235110,1765332172,8.170000076293945,False,0.0,0.0,0.0,0.0,0.0,0.0,0.0,0.0,0.0,excavator_base,871268842,1765332172,False,False,8.170000076293945,0.0,0,False,,0,0,0.0,0.0,False,0.0,0.0,0.0,0,False,,0,0,False,0.0,0.0,0,default,1073.0,1340.0,False,1507.0,531.0,False,1535.0,1001.0,False,excavator_base,871197154,1765332172,0.0,0.0,8.170000076293945,False,True,True,True,0,False,True,0,excavator_base,871320687,1765332172,0,True,0.0,0.0,0.0,0,0,False,0,True,True,24.0,True,8,d,gps,902940379,1765332172,-34.748999999999995,-2.255,2.061,0,0,0.0,59.58,0.0,0.0,0.8,gps,902140264,1765332172,-34.748999999999995,36.400118107,127.3612442385,0,1,14,0.0,0.0,0,0,0.0,0.0,59.58,36.400118118500004,127.36124422016667,0.0,0.0,0.0,0.0,0.0,0.0,0.0,0.0,0.0,-35.239000000000004,base_link,856281706,1765332172,60.069000244140625,42.400001525878906,105.56099700927734,8.170000076293945,0.0,-2.255,2.041,0.0,zedx_cabin_imu_link,zedx_cabin_left_camera_frame,793512068,1765332172,0.9999747276306152,0.006695220712572336,-0.0017097544623538852,-0.0016760278958827257,0.0,-0.03564900532364845,-0.00014700002793688327
1765332172800000000,-149.8000030517578,excavator_base_link,999454445,1765332172,2.2584035986742887,1.0524127371212517,0.0,0.0,0.0,0.0,0.0,127,0,0.0,969508624,1765332172,0.0,4,f,0,4,f,0,4,f,0,59.58,gps,1259146,1765332173,36.400118096166665,127.3612442565,0.6400000000000001,0.0,0.0,0.0,0.6400000000000001,0.0,0.0,0.0,2.5600000000000005,1,1,1,0.1,0.0,0.0,0.0,0.0,0.0,0.1,0.0,0.0,0.0,0.0,0.0,0.0,0.0,0.1,0.0,0.0,0.0,0.0,0.0,0.0,0.1,0.0,0.0,0.0,0.0,0.0,0.0,0.0,0.1,0.0,0.0,0.0,0.1,0.0,0.0,0.0,0.0,0.0,-0.0005412855402788184,-0.003794636325359788,9.427695323986092e-06,8,d,gps,3057318,1765332173,-34.257000000000005,-2.252,2.071,0,0,-41.05699920654297,4,f,0,4,f,0,4,f,0,4,f,0,9.152000427246094,6.800000190734863,False,True,100.0,59.58,gps,901185284,1765332172,36.400118107,127.3612442385,0.6400000000000001,0.0,0.0,0.0,0.6400000000000001,0.0,0.0,0.0,2.5600000000000005,1,1,1,0.1,0.0,0.0,0.0,0.0,0.0,0.1,0.0,0.0,0.0,0.0,0.0,0.0,0.0,0.1,0.0,0.0,0.0,0.0,0.0,0.0,0.1,0.0,0.0,0.0,0.0,0.0,0.0,0.0,0.1,0.0,0.0,0.0,0.1,0.0,0.0,0.0,0.0,0.0,-0.0005408845746755238,-0.003795330588966054,9.428025043720366e-06,excavator_base,971405078,1765332172,True,50.0,False,82.94999694824219,-2.190000057220459,False,False,-39.439998626708984,-2.380000114440918,False,False,51.189998626708984,-7.5,False,excavator_base,971505793,1765332172,8.65999984741211,False,0.0,0.0,0.0,0.0,0.0,0.0,0.0,0.0,0.0,excavator_base,971612844,1765332172,False,False,8.65999984741211,0.0,0,False,,0,0,0.0,0.0,False,0.0,0.0,0.0,0,False,,0,0,False,0.0,0.0,0,default,1091.0,1340.0,False,1500.0,531.0,False,1537.0,1059.0,False,excavator_base,971466461,1765332172,0.0,0.0,8.65999984741211,False,True,True,True,0,False,True,0,excavator_base,971679603,1765332172,0,True,0.0,0.0,0.0,0,0,False,0,True,True,24.0,True,8,d,gps,3720619,1765332173,-34.257000000000005,-2.252,2.071,0,0,0.0,59.58,0.0,0.0,0.8,gps,3443854,1765332173,-34.257000000000005,36.400118096166665,127.3612442565,0,1,14,0.0,0.0,0,0,0.0,0.0,59.58,36.400118107,127.3612442385,0.0,0.0,0.0,0.0,0.0,0.0,0.0,0.0,0.0,-34.748999999999995,base_link,956797022,1765332172,58.35900115966797,42.61000061035156,108.34100341796875,8.65999984741211,0.0,-2.255,2.061,0.0,zedx_boom_imu_link,zedx_boom_left_camera_frame,899358874,1765332172,0.999992847442627,0.003616482252255082,0.0005469119059853256,-0.0009107014629989862,0.0,-0.03564900532364845,-0.00014700002793688327
1765332172900000000,-148.09300231933594,excavator_base_link,98705405,1765332173,2.2148701746235777,1.0259473875612115,0.0,0.0,0.0,0.0,0.0,127,0,0.0,19470939,1765332173,0.0,4,f,0,4,f,0,4,f,0,59.58,gps,101301516,1765332173,36.400118082333336,127.36124427133333,0.6400000000000001,0.0,0.0,0.0,0.6400000000000001,0.0,0.0,0.0,2.5600000000000005,1,1,1,0.1,0.0,0.0,0.0,0.0,0.0,0.1,0.0,0.0,0.0,0.0,0.0,0.0,0.0,0.1,0.0,0.0,0.0,0.0,0.0,0.0,0.1,0.0,0.0,0.0,0.0,0.0,0.0,0.0,0.1,0.0,0.0,0.0,0.1,0.0,0.0,0.0,0.0,0.0,-0.0005418027926182624,-0.003794041203611348,9.427366394059327e-06,8,d,gps,102002582,1765332173,-33.816,-2.26,2.091,0,0,-41.215999603271484,4,f,0,4,f,0,4,f,0,4,f,0,9.593000411987305,7.400000095367432,False,True,100.0,59.58,gps,1259146,1765332173,36.400118096166665,127.3612442565,0.6400000000000001,0.0,0.0,0.0,0.6400000000000001,0.0,0.0,0.0,2.5600000000000005,1,1,1,0.1,0.0,0.0,0.0,0.0,0.0,0.1,0.0,0.0,0.0,0.0,0.0,0.0,0.0,0.1,0.0,0.0,0.0,0.0,0.0,0.0,0.1,0.0,0.0,0.0,0.0,0.0,0.0,0.0,0.1,0.0,0.0,0.0,0.1,0.0,0.0,0.0,0.0,0.0,-0.0005412855402788184,-0.003794636325359788,9.427695323986092e-06,excavator_base,71270598,1765332173,True,50.0,False,84.0999984741211,-2.1700000762939453,False,False,-39.61000061035156,-2.380000114440918,False,False,49.459999084472656,-7.429999828338623,False,excavator_base,71395027,1765332173,9.152000427246094,False,0.0,0.0,0.0,0.0,0.0,0.0,0.0,0.0,0.0,excavator_base,71436888,1765332173,False,False,9.152000427246094,0.0,0,False,,0,0,0.0,0.0,False,0.0,0.0,0.0,0,False,,0,0,False,0.0,0.0,0,default,1113.0,1337.0,False,1450.0,526.0,False,1537.0,1128.0,False,excavator_base,71346734,1765332173,0.0,0.0,9.152000427246094,False,True,True,True,0,False,True,0,excavator_base,71498590,1765332173,0,True,0.0,0.0,0.0,0,0,False,0,True,True,24.0,True,8,d,gps,102396831,1765332173,-33.816,-2.26,2.091,0,0,0.0,59.58,0.0,0.0,0.8,gps,102243695,1765332173,-33.816,36.400118082333336,127.36124427133333,0,1,14,0.0,0.0,0,0,0.0,0.0,59.58,36.400118096166665,127.3612442565,0.0,0.0,0.0,0.0,0.0,0.0,0.0,0.0,0.0,-34.257000000000005,base_link,56989968,1765332173,56.0890007019043,42.777000427246094,112.1709976196289,9.152000427246094,0.0,-2.252,2.071,0.0,zedx_cabin_imu_link,zedx_cabin_left_camera_frame,997267288,1765332172,0.9999747276306152,0.006695220712572336,-0.0017097544623538852,-0.0016760278958827257,0.0,-0.03564900532364845,-0.00014700002793688327
1765332173000000000,-143.03500366210938,excavator_base_link,198761153,1765332173,2.2484918571636863,0.9775211463366806,0.0,0.0,0.0,0.0,0.0,127,0,0.0,169435717,1765332173,0.0,4,f,0,4,f,0,4,f,0,59.58,gps,201240644,1765332173,36.4001180825,127.36124428516666,0.6400000000000001,0.0,0.0,0.0,0.6400000000000001,0.0,0.0,0.0,2.5600000000000005,1,1,1,0.1,0.0,0.0,0.0,0.0,0.0,0.1,0.0,0.0,0.0,0.0,0.0,0.0,0.0,0.1,0.0,0.0,0.0,0.0,0.0,0.0,0.1,0.0,0.0,0.0,0.0,0.0,0.0,0.0,0.1,0.0,0.0,0.0,0.1,0.0,0.0,0.0,0.0,0.0,-0.0005417771546616525,-0.003793475384003968,9.427032683682071e-06,8,d,gps,203590842,1765332173,-33.37700000000001,-2.265,2.111,0,0,-40.97700119018555,4,f,0,4,f,0,4,f,0,4,f,0,10.031999588012695,7.599999904632568,False,True,100.0,59.58,gps,101301516,1765332173,36.400118082333336,127.36124427133333,0.6400000000000001,0.0,0.0,0.0,0.6400000000000001,0.0,0.0,0.0,2.5600000000000005,1,1,1,0.1,0.0,0.0,0.0,0.0,0.0,0.1,0.0,0.0,0.0,0.0,0.0,0.0,0.0,0.1,0.0,0.0,0.0,0.0,0.0,0.0,0.1,0.0,0.0,0.0,0.0,0.0,0.0,0.0,0.1,0.0,0.0,0.0,0.1,0.0,0.0,0.0,0.0,0.0,-0.0005418027926182624,-0.003794041203611348,9.427366394059327e-06,excavator_base,171887237,1765332173,True,50.0,False,85.48999786376953,-2.2100000381469727,False,False,-39.779998779296875,-2.4000000953674316,False,False,46.81999969482422,-7.289999961853027,False,excavator_base,172005105,1765332173,9.593000411987305,False,0.0,0.0,0.0,0.0,0.0,0.0,0.0,0.0,0.0,excavator_base,172043766,1765332173,False,False,9.593000411987305,0.0,0,False,,0,0,0.0,0.0,False,0.0,0.0,0.0,0,False,,0,0,False,0.0,0.0,0,default,1109.0,1342.0,False,1585.0,526.0,False,1538.0,1564.0,False,excavator_base,171958925,1765332173,0.0,0.0,9.593000411987305,False,True,True,True,0,False,True,0,excavator_base,172100123,1765332173,0,True,0.0,0.0,0.0,0,0,False,0,True,True,24.0,True,8,d,gps,204101807,1765332173,-33.37700000000001,-2.265,2.111,0,0,0.0,59.58,0.0,0.0,0.8,gps,203914236,1765332173,-33.37700000000001,36.4001180825,127.36124428516666,0,1,14,0.0,0.0,0,0,0.0,0.0,59.58,36.400118082333336,127.36124427133333,0.0,0.0,0.0,0.0,0.0,0.0,0.0,0.0,0.0,-33.816,base_link,156311560,1765332173,54.52899932861328,42.95500183105469,116.20099639892578,9.593000411987305,0.0,-2.26,2.091,0.0,zedx_cabin_imu_link,zedx_cabin_left_camera_frame,98901934,1765332173,0.9999747276306152,0.006695220712572336,-0.0017097544623538852,-0.0016760278958827257,0.0,-0.03564900532364845,-0.00014700002793688327
1765332173100000000,-136.4199981689453,excavator_base_link,298790754,1765332173,2.3143038811910333,0.9161887022087437,0.0,0.0,0.0,0.0,0.0,127,0,0.0,269485000,1765332173,0.0,4,f,0,4,f,0,4,f,0,59.581,gps,301286759,1765332173,36.400118081,127.36124428816666,0.6400000000000001,0.0,0.0,0.0,0.6400000000000001,0.0,0.0,0.0,2.5600000000000005,1,1,1,0.1,0.0,0.0,0.0,0.0,0.0,0.1,0.0,0.0,0.0,0.0,0.0,0.0,0.0,0.1,0.0,0.0,0.0,0.0,0.0,0.0,0.1,0.0,0.0,0.0,0.0,0.0,0.0,0.0,0.1,0.0,0.0,0.0,0.1,0.0,0.0,0.0,0.0,0.0,-0.0005418166325382724,-0.0037932511955418033,9.77584544769449e-06,8,d,gps,301963822,1765332173,-32.94499999999999,-2.26,2.09,0,0,-40.845001220703125,4,f,0,4,f,0,4,f,0,4,f,0,10.46399974822998,7.900000095367432,False,True,100.0,59.58,gps,201240644,1765332173,36.4001180825,127.36124428516666,0.6400000000000001,0.0,0.0,0.0,0.6400000000000001,0.0,0.0,0.0,2.5600000000000005,1,1,1,0.1,0.0,0.0,0.0,0.0,0.0,0.1,0.0,0.0,0.0,0.0,0.0,0.0,0.0,0.1,0.0,0.0,0.0,0.0,0.0,0.0,0.1,0.0,0.0,0.0,0.0,0.0,0.0,0.0,0.1,0.0,0.0,0.0,0.1,0.0,0.0,0.0,0.0,0.0,-0.0005417771546616525,-0.003793475384003968,9.427032683682071e-06,excavator_base,271141909,1765332173,True,50.0,False,84.55999755859375,-2.1600000858306885,False,False,-40.209999084472656,-2.380000114440918,False,False,39.970001220703125,-7.289999961853027,False,excavator_base,271249185,1765332173,10.031999588012695,False,0.0,0.0,0.0,0.0,0.0,0.0,0.0,0.0,0.0,excavator_base,271284804,1765332173,False,False,10.031999588012695,0.0,0,False,,0,0,0.0,0.0,False,0.0,0.0,0.0,0,False,,0,0,False,0.0,0.0,0,default,1231.0,1340.0,False,1496.0,526.0,False,1539.0,1452.0,False,excavator_base,271206172,1765332173,0.0,0.0,10.031999588012695,False,True,True,True,0,False,True,0,excavator_base,271336778,1765332173,0,True,0.0,0.0,0.0,0,0,False,0,True,True,24.0,True,8,d,gps,302330996,1765332173,-32.94499999999999,-2.26,2.09,0,0,0.0,59.581,0.0,0.0,0.8,gps,302187461,1765332173,-32.94499999999999,36.400118081,127.36124428816666,0,1,14,0.0,0.0,0,0,0.0,0.0,59.58,36.4001180825,127.36124428516666,0.0,0.0,0.0,0.0,0.0,0.0,0.0,0.0,0.0,-33.37700000000001,base_link,256389806,1765332173,54.77899932861328,43.38999938964844,122.37100219726562,10.031999588012695,0.0,-2.265,2.111,0.0,zedx_boom_imu_link,zedx_boom_left_camera_frame,197306157,1765332173,0.999992847442627,0.003616482252255082,0.0005469119059853256,-0.0009107014629989862,0.0,-0.03564900532364845,-0.00014700002793688327
1765332173200000000,-131.27499389648438,excavator_base_link,398740123,1765332173,2.36995191421246,0.8632567976229982,0.0,0.0,0.0,0.0,0.0,127,0,0.0,369418911,1765332173,0.0,4,f,0,4,f,0,4,f,0,59.581,gps,401317641,1765332173,36.40011807766667,127.36124430116666,0.6400000000000001,0.0,0.0,0.0,0.6400000000000001,0.0,0.0,0.0,2.5600000000000005,1,1,1,0.1,0.0,0.0,0.0,0.0,0.0,0.1,0.0,0.0,0.0,0.0,0.0,0.0,0.0,0.1,0.0,0.0,0.0,0.0,0.0,0.0,0.1,0.0,0.0,0.0,0.0,0.0,0.0,0.0,0.1,0.0,0.0,0.0,0.1,0.0,0.0,0.0,0.0,0.0,-0.0005419268832177485,-0.003792713202562065,9.775503977795486e-06,8,d,gps,402026579,1765332173,-32.507000000000005,-2.262,2.161,0,0,-40.90700149536133,4,f,0,4,f,0,4,f,0,4,f,0,10.902000427246094,8.399999618530273,False,True,100.0,59.581,gps,301286759,1765332173,36.400118081,127.36124428816666,0.6400000000000001,0.0,0.0,0.0,0.6400000000000001,0.0,0.0,0.0,2.5600000000000005,1,1,1,0.1,0.0,0.0,0.0,0.0,0.0,0.1,0.0,0.0,0.0,0.0,0.0,0.0,0.0,0.1,0.0,0.0,0.0,0.0,0.0,0.0,0.1,0.0,0.0,0.0,0.0,0.0,0.0,0.0,0.1,0.0,0.0,0.0,0.1,0.0,0.0,0.0,0.0,0.0,-0.0005418166325382724,-0.0037932511955418033,9.77584544769449e-06,excavator_base,371351049,1765332173,True,50.0,False,84.45999908447266,-2.1700000762939453,False,False,-40.310001373291016,-2.390000104904175,False,False,34.20000076293945,-7.239999771118164,False,excavator_base,371457237,1765332173,10.46399974822998,False,0.0,0.0,0.0,0.0,0.0,0.0,0.0,0.0,0.0,excavator_base,371496025,1765332173,False,False,10.46399974822998,0.0,0,False,,0,0,0.0,0.0,False,0.0,0.0,0.0,0,False,,0,0,False,0.0,0.0,0,default,1202.0,1340.0,False,1417.0,526.0,False,1537.0,1361.0,False,excavator_base,371416240,1765332173,0.0,0.0,10.46399974822998,False,True,True,True,0,False,True,0,excavator_base,371548606,1765332173,0,True,0.0,0.0,0.0,0,0,False,0,True,True,24.0,True,8,d,gps,402398522,1765332173,-32.507000000000005,-2.262,2.161,0,0,0.0,59.581,0.0,0.0,0.8,gps,402250506,1765332173,-32.507000000000005,36.40011807766667,127.36124430116666,0,1,14,0.0,0.0,0,0,0.0,0.0,59.581,36.400118081,127.36124428816666,0.0,0.0,0.0,0.0,0.0,0.0,0.0,0.0,0.0,-32.94499999999999,base_link,356330918,1765332173,55.02899932861328,43.48500061035156,127.79100036621094,10.46399974822998,0.0,-2.26,2.09,0.0,zedx_boom_imu_link,zedx_boom_left_camera_frame,299158204,1765332173,0.999992847442627,0.003616482252255082,0.0005469119059853256,-0.0009107014629989862,0.0,-0.03564900532364845,-0.00014700002793688327
1765332173300000000,-127.13299560546875,excavator_base_link,498740793,1765332173,2.405338368134531,0.82310162583206,0.0,0.0,0.0,0.0,0.0,127,0,0.0,469484548,1765332173,0.0,4,f,0,4,f,0,4,f,0,59.581,gps,501427506,1765332173,36.400118077,127.36124430866667,0.6400000000000001,0.0,0.0,0.0,0.6400000000000001,0.0,0.0,0.0,2.5600000000000005,1,1,1,0.1,0.0,0.0,0.0,0.0,0.0,0.1,0.0,0.0,0.0,0.0,0.0,0.0,0.0,0.1,0.0,0.0,0.0,0.0,0.0,0.0,0.1,0.0,0.0,0.0,0.0,0.0,0.0,0.0,0.1,0.0,0.0,0.0,0.1,0.0,0.0,0.0,0.0,0.0,-0.000541933771432941,-0.0037923466753167516,9.775162219314582e-06,8,d,gps,502180769,1765332173,-32.13300000000001,-2.264,2.164,0,0,-41.03300094604492,4,f,0,4,f,0,4,f,0,4,f,0,11.276000022888184,8.899999618530273,False,True,100.0,59.581,gps,401317641,1765332173,36.40011807766667,127.36124430116666,0.6400000000000001,0.0,0.0,0.0,0.6400000000000001,0.0,0.0,0.0,2.5600000000000005,1,1,1,0.1,0.0,0.0,0.0,0.0,0.0,0.1,0.0,0.0,0.0,0.0,0.0,0.0,0.0,0.1,0.0,0.0,0.0,0.0,0.0,0.0,0.1,0.0,0.0,0.0,0.0,0.0,0.0,0.0,0.1,0.0,0.0,0.0,0.1,0.0,0.0,0.0,0.0,0.0,-0.0005419268832177485,-0.003792713202562065,9.775503977795486e-06,excavator_base,472756891,1765332173,True,50.0,False,84.68000030517578,-2.1700000762939453,False,False,-40.22999954223633,-2.4000000953674316,False,False,29.559999465942383,-7.210000038146973,False,excavator_base,472905674,1765332173,10.902000427246094,False,0.0,0.0,0.0,0.0,0.0,0.0,0.0,0.0,0.0,excavator_base,472957968,1765332173,False,False,10.902000427246094,0.0,0,False,,0,0,0.0,0.0,False,0.0,0.0,0.0,0,False,,0,0,False,0.0,0.0,0,default,1184.0,1338.0,False,1446.0,526.0,False,1538.0,1336.0,False,excavator_base,472840131,1765332173,0.0,0.0,10.902000427246094,False,True,True,True,0,False,True,0,excavator_base,473036760,1765332173,0,True,0.0,0.0,0.0,0,0,False,0,True,True,24.0,True,8,d,gps,502547367,1765332173,-32.13300000000001,-2.264,2.164,0,0,0.0,59.581,0.0,0.0,0.8,gps,502404537,1765332173,-32.13300000000001,36.400118077,127.36124430866667,0,1,14,0.0,0.0,0,0,0.0,0.0,59.581,36.40011807766667,127.36124430116666,0.0,0.0,0.0,0.0,0.0,0.0,0.0,0.0,0.0,-32.507000000000005,base_link,456287936,1765332173,54.888999938964844,43.40700149536133,132.6510009765625,10.902000427246094,0.0,-2.262,2.161,0.0,zedx_boom_imu_link,zedx_boom_left_camera_frame,396099601,1765332173,0.999992847442627,0.003616482252255082,0.0005469119059853256,-0.0009107014629989862,0.0,-0.03564900532364845,-0.00014700002793688327
1765332173400000000,-125.37100219726562,excavator_base_link,598729270,1765332173,2.386846759887166,0.8056169557453664,0.0,0.0,0.0,0.0,0.0,127,0,0.0,569619281,1765332173,0.0,4,f,0,4,f,0,4,f,0,59.581,gps,601286530,1765332173,36.40011807766667,127.36124431816667,0.6400000000000001,0.0,0.0,0.0,0.6400000000000001,0.0,0.0,0.0,2.5600000000000005,1,1,1,0.1,0.0,0.0,0.0,0.0,0.0,0.1,0.0,0.0,0.0,0.0,0.0,0.0,0.0,0.1,0.0,0.0,0.0,0.0,0.0,0.0,0.1,0.0,0.0,0.0,0.0,0.0,0.0,0.0,0.1,0.0,0.0,0.0,0.1,0.0,0.0,0.0,0.0,0.0,-0.000541889027208451,-0.0037919180389810237,9.774821115252716e-06,8,d,gps,602271753,1765332173,-31.769000000000005,-2.259,2.145,0,0,-41.26900100708008,4,f,0,4,f,0,4,f,0,4,f,0,11.640000343322754,9.5,False,True,100.0,59.581,gps,501427506,1765332173,36.400118077,127.36124430866667,0.6400000000000001,0.0,0.0,0.0,0.6400000000000001,0.0,0.0,0.0,2.5600000000000005,1,1,1,0.1,0.0,0.0,0.0,0.0,0.0,0.1,0.0,0.0,0.0,0.0,0.0,0.0,0.0,0.1,0.0,0.0,0.0,0.0,0.0,0.0,0.1,0.0,0.0,0.0,0.0,0.0,0.0,0.0,0.1,0.0,0.0,0.0,0.1,0.0,0.0,0.0,0.0,0.0,-0.000541933771432941,-0.0037923466753167516,9.775162219314582e-06,excavator_base,571518519,1765332173,True,50.0,False,85.75,-2.130000114440918,False,False,-40.290000915527344,-2.4100000858306885,False,False,26.5,-7.179999828338623,False,excavator_base,571698794,1765332173,11.276000022888184,False,0.0,0.0,0.0,0.0,0.0,0.0,0.0,0.0,0.0,excavator_base,571737038,1765332173,False,False,11.276000022888184,0.0,0,False,,0,0,0.0,0.0,False,0.0,0.0,0.0,0,False,,0,0,False,0.0,0.0,0,default,1133.0,1340.0,False,1440.0,528.0,False,1537.0,1121.0,False,excavator_base,571649381,1765332173,0.0,0.0,11.276000022888184,False,True,True,True,0,False,True,0,excavator_base,571859675,1765332173,0,True,0.0,0.0,0.0,0,0,False,0,True,True,24.0,True,8,d,gps,602760572,1765332173,-31.769000000000005,-2.259,2.145,0,0,0.0,59.581,0.0,0.0,0.8,gps,602559143,1765332173,-31.769000000000005,36.40011807766667,127.36124431816667,0,1,14,0.0,0.0,0,0,0.0,0.0,59.581,36.400118077,127.36124430866667,0.0,0.0,0.0,0.0,0.0,0.0,0.0,0.0,0.0,-32.13300000000001,base_link,556358917,1765332173,53.75899887084961,43.46900177001953,136.781005859375,11.276000022888184,0.0,-2.264,2.164,0.0,zedx_cabin_imu_link,zedx_cabin_left_camera_frame,497377358,1765332173,0.9999747276306152,0.006695220712572336,-0.0017097544623538852,-0.0016760278958827257,0.0,-0.03564900532364845,-0.00014700002793688327
1765332173500000000,-122.85599517822266,excavator_base_link,698816798,1765332173,2.4125708616554644,0.7859020886149577,0.0,0.0,0.0,0.0,0.0,127,0,0.0,669469471,1765332173,0.0,4,f,0,4,f,0,4,f,0,59.581,gps,701390347,1765332173,36.40011807816666,127.36124432833333,0.6400000000000001,0.0,0.0,0.0,0.6400000000000001,0.0,0.0,0.0,2.5600000000000005,1,1,1,0.1,0.0,0.0,0.0,0.0,0.0,0.1,0.0,0.0,0.0,0.0,0.0,0.0,0.0,0.1,0.0,0.0,0.0,0.0,0.0,0.0,0.1,0.0,0.0,0.0,0.0,0.0,0.0,0.0,0.1,0.0,0.0,0.0,0.1,0.0,0.0,0.0,0.0,0.0,-0.0005418507128386142,-0.003791468419147406,9.77447946471665e-06,8,d,gps,702662160,1765332173,-31.397999999999996,-2.27,2.197,0,0,-41.39799880981445,4,f,0,4,f,0,4,f,0,4,f,0,12.01099967956543,10.0,False,True,100.0,59.581,gps,601286530,1765332173,36.40011807766667,127.36124431816667,0.6400000000000001,0.0,0.0,0.0,0.6400000000000001,0.0,0.0,0.0,2.5600000000000005,1,1,1,0.1,0.0,0.0,0.0,0.0,0.0,0.1,0.0,0.0,0.0,0.0,0.0,0.0,0.0,0.1,0.0,0.0,0.0,0.0,0.0,0.0,0.1,0.0,0.0,0.0,0.0,0.0,0.0,0.0,0.1,0.0,0.0,0.0,0.1,0.0,0.0,0.0,0.0,0.0,-0.000541889027208451,-0.0037919180389810237,9.774821115252716e-06,excavator_base,670944218,1765332173,True,50.0,False,86.98999786376953,-2.109999895095825,False,False,-40.34000015258789,-2.380000114440918,False,False,25.079999923706055,-6.949999809265137,False,excavator_base,671055813,1765332173,11.640000343322754,False,0.0,0.0,0.0,0.0,0.0,0.0,0.0,0.0,0.0,excavator_base,671096073,1765332173,False,False,11.640000343322754,0.0,0,False,,0,0,0.0,0.0,False,0.0,0.0,0.0,0,False,,0,0,False,0.0,0.0,0,default,1111.0,1340.0,False,1446.0,528.0,False,1538.0,1449.0,False,excavator_base,671010944,1765332173,0.0,0.0,11.640000343322754,False,True,True,True,0,False,True,0,excavator_base,671150959,1765332173,0,True,0.0,0.0,0.0,0,0,False,0,True,True,24.0,True,8,d,gps,703075611,1765332173,-31.397999999999996,-2.27,2.197,0,0,0.0,59.581,0.0,0.0,0.8,gps,702921355,1765332173,-31.397999999999996,36.40011807816666,127.36124432833333,0,1,14,0.0,0.0,0,0,0.0,0.0,59.581,36.40011807766667,127.36124431816667,0.0,0.0,0.0,0.0,0.0,0.0,0.0,0.0,0.0,-31.769000000000005,base_link,656289148,1765332173,52.46900177001953,43.513999938964844,139.4409942626953,11.640000343322754,0.0,-2.259,2.145,0.0,zedx_boom_imu_link,zedx_boom_left_camera_frame,598967151,1765332173,0.999992847442627,0.003616482252255082,0.0005469119059853256,-0.0009107014629989862,0.0,-0.03564900532364845,-0.00014700002793688327
1765332173600000000,-119.67500305175781,excavator_base_link,798721522,1765332173,2.457721722237969,0.7657741457850245,0.0,0.0,0.0,0.0,0.0,127,0,0.0,769471646,1765332173,0.0,4,f,0,4,f,0,4,f,0,59.582,gps,801412491,1765332173,36.4001180765,127.36124433333333,0.6400000000000001,0.0,0.0,0.0,0.6400000000000001,0.0,0.0,0.0,2.5600000000000005,1,1,1,0.1,0.0,0.0,0.0,0.0,0.0,0.1,0.0,0.0,0.0,0.0,0.0,0.0,0.0,0.1,0.0,0.0,0.0,0.0,0.0,0.0,0.1,0.0,0.0,0.0,0.0,0.0,0.0,0.0,0.1,0.0,0.0,0.0,0.1,0.0,0.0,0.0,0.0,0.0,-0.0005418961903651909,-0.0037911788236558784,1.0123211138665966e-05,8,d,gps,803543626,1765332173,-31.063999999999993,-2.258,2.19,0,0,-41.263999938964844,4,f,0,4,f,0,4,f,0,4,f,0,12.345000267028809,10.199999809265137,False,True,100.0,59.581,gps,701390347,1765332173,36.40011807816666,127.36124432833333,0.6400000000000001,0.0,0.0,0.0,0.6400000000000001,0.0,0.0,0.0,2.5600000000000005,1,1,1,0.1,0.0,0.0,0.0,0.0,0.0,0.1,0.0,0.0,0.0,0.0,0.0,0.0,0.0,0.1,0.0,0.0,0.0,0.0,0.0,0.0,0.1,0.0,0.0,0.0,0.0,0.0,0.0,0.0,0.1,0.0,0.0,0.0,0.1,0.0,0.0,0.0,0.0,0.0,-0.0005418507128386142,-0.003791468419147406,9.77447946471665e-06,excavator_base,771903740,1765332173,True,50.0,False,86.4000015258789,-2.1700000762939453,False,False,-40.38999938964844,-2.4000000953674316,False,False,21.540000915527344,-7.090000152587891,False,excavator_base,772464151,1765332173,12.01099967956543,False,0.0,0.0,0.0,0.0,0.0,0.0,0.0,0.0,0.0,excavator_base,772517948,1765332173,False,False,12.01099967956543,0.0,0,False,,0,0,0.0,0.0,False,0.0,0.0,0.0,0,False,,0,0,False,0.0,0.0,0,default,1182.0,1342.0,False,1437.0,528.0,False,1541.0,1265.0,False,excavator_base,772317223,1765332173,0.0,0.0,12.01099967956543,False,True,True,True,0,False,True,0,excavator_base,772596805,1765332173,0,True,0.0,0.0,0.0,0,0,False,0,True,True,24.0,True,8,d,gps,804200047,1765332173,-31.063999999999993,-2.258,2.19,0,0,0.0,59.582,0.0,0.0,0.8,gps,804022012,1765332173,-31.063999999999993,36.4001180765,127.36124433333333,0,1,14,0.0,0.0,0,0,0.0,0.0,59.581,36.40011807816666,127.36124432833333,0.0,0.0,0.0,0.0,0.0,0.0,0.0,0.0,0.0,-31.397999999999996,base_link,756654625,1765332173,52.888999938964844,43.57500076293945,142.51100158691406,12.01099967956543,0.0,-2.27,2.197,0.0,zedx_cabin_imu_link,zedx_cabin_left_camera_frame,694698026,1765332173,0.9999747276306152,0.006695220712572336,-0.0017097544623538852,-0.0016760278958827257,0.0,-0.03564900532364845,-0.00014700002793688327
1765332173700000000,-118.50699615478516,excavator_base_link,900623927,1765332173,2.457479181579838,0.7585680184853377,0.0,0.0,0.0,0.0,0.0,127,0,0.0,870215466,1765332173,0.0,4,f,0,4,f,0,4,f,0,59.582,gps,901497426,1765332173,36.400118082,127.36124434783333,0.6400000000000001,0.0,0.0,0.0,0.6400000000000001,0.0,0.0,0.0,2.5600000000000005,1,1,1,0.1,0.0,0.0,0.0,0.0,0.0,0.1,0.0,0.0,0.0,0.0,0.0,0.0,0.0,0.1,0.0,0.0,0.0,0.0,0.0,0.0,0.1,0.0,0.0,0.0,0.0,0.0,0.0,0.0,0.1,0.0,0.0,0.0,0.1,0.0,0.0,0.0,0.0,0.0,-0.0005416643661438081,-0.0037905956477596726,1.0122861417716816e-05,8,d,gps,902214109,1765332173,-30.77799999999999,-2.264,2.206,0,0,-41.27799987792969,4,f,0,4,f,0,4,f,0,4,f,0,12.630999565124512,10.5,False,True,100.0,59.582,gps,801412491,1765332173,36.4001180765,127.36124433333333,0.6400000000000001,0.0,0.0,0.0,0.6400000000000001,0.0,0.0,0.0,2.5600000000000005,1,1,1,0.1,0.0,0.0,0.0,0.0,0.0,0.1,0.0,0.0,0.0,0.0,0.0,0.0,0.0,0.1,0.0,0.0,0.0,0.0,0.0,0.0,0.1,0.0,0.0,0.0,0.0,0.0,0.0,0.0,0.1,0.0,0.0,0.0,0.1,0.0,0.0,0.0,0.0,0.0,-0.0005418961903651909,-0.0037911788236558784,1.0123211138665966e-05,excavator_base,871007869,1765332173,True,50.0,False,86.93000030517578,-2.140000104904175,False,False,-40.4900016784668,-2.4200000762939453,False,False,19.389999389648438,-7.019999980926514,False,excavator_base,871111687,1765332173,12.345000267028809,False,0.0,0.0,0.0,0.0,0.0,0.0,0.0,0.0,0.0,excavator_base,871145547,1765332173,False,False,12.345000267028809,0.0,0,False,,0,0,0.0,0.0,False,0.0,0.0,0.0,0,False,,0,0,False,0.0,0.0,0,default,1086.0,1340.0,False,1437.0,528.0,False,1536.0,1091.0,False,excavator_base,871071203,1765332173,0.0,0.0,12.345000267028809,False,True,True,True,0,False,True,0,excavator_base,871196560,1765332173,0,True,0.0,0.0,0.0,0,0,False,0,True,True,24.0,True,8,d,gps,902657100,1765332173,-30.77799999999999,-2.264,2.206,0,0,0.0,59.582,0.0,0.0,0.8,gps,902451862,1765332173,-30.77799999999999,36.400118082,127.36124434783333,0,1,14,0.0,0.0,0,0,0.0,0.0,59.582,36.4001180765,127.36124433333333,0.0,0.0,0.0,0.0,0.0,0.0,0.0,0.0,0.0,-31.063999999999993,base_link,856363745,1765332173,52.79899978637695,43.66299819946289,144.6510009765625,12.345000267028809,0.0,-2.258,2.19,0.0,zedx_boom_imu_link,zedx_boom_left_camera_frame,799073529,1765332173,0.999992847442627,0.003616482252255082,0.0005469119059853256,-0.0009107014629989862,0.0,-0.03564900532364845,-0.00014700002793688327
1765332173800000000,-118.4209976196289,excavator_base_link,948686363,1765332173,2.444684920931518,0.756780168131158,0.0,0.0,0.0,0.0,0.0,127,0,0.0,969504318,1765332173,0.0,4,f,0,4,f,0,4,f,0,59.582,gps,901497426,1765332173,36.400118082,127.36124434783333,0.6400000000000001,0.0,0.0,0.0,0.6400000000000001,0.0,0.0,0.0,2.5600000000000005,1,1,1,0.1,0.0,0.0,0.0,0.0,0.0,0.1,0.0,0.0,0.0,0.0,0.0,0.0,0.0,0.1,0.0,0.0,0.0,0.0,0.0,0.0,0.1,0.0,0.0,0.0,0.0,0.0,0.0,0.0,0.1,0.0,0.0,0.0,0.1,0.0,0.0,0.0,0.0,0.0,-0.0005416643661438081,-0.0037905956477596726,1.0122861417716816e-05,8,d,gps,902214109,1765332173,-30.77799999999999,-2.264,2.206,0,0,-41.77799987792969,4,f,0,4,f,0,4,f,0,4,f,0,12.630999565124512,11.0,False,True,100.0,59.582,gps,901497426,1765332173,36.400118082,127.36124434783333,0.6400000000000001,0.0,0.0,0.0,0.6400000000000001,0.0,0.0,0.0,2.5600000000000005,1,1,1,0.1,0.0,0.0,0.0,0.0,0.0,0.1,0.0,0.0,0.0,0.0,0.0,0.0,0.0,0.1,0.0,0.0,0.0,0.0,0.0,0.0,0.1,0.0,0.0,0.0,0.0,0.0,0.0,0.0,0.1,0.0,0.0,0.0,0.1,0.0,0.0,0.0,0.0,0.0,-0.0005416643661438081,-0.0037905956477596726,1.0122861417716816e-05,excavator_base,971011419,1765332173,True,50.0,False,88.12000274658203,-2.119999885559082,False,False,-40.529998779296875,-2.4100000858306885,False,False,18.93000030517578,-6.940000057220459,False,excavator_base,971107653,1765332173,12.630999565124512,False,0.0,0.0,0.0,0.0,0.0,0.0,0.0,0.0,0.0,excavator_base,971142217,1765332173,False,False,12.630999565124512,0.0,0,False,,0,0,0.0,0.0,False,0.0,0.0,0.0,0,False,,0,0,False,0.0,0.0,0,default,1082.0,1341.0,False,1389.0,528.0,False,1536.0,1169.0,False,excavator_base,971069665,1765332173,0.0,0.0,12.630999565124512,False,True,True,True,0,False,True,0,excavator_base,971193070,1765332173,0,True,0.0,0.0,0.0,0,0,False,0,True,True,24.0,True,8,d,gps,902657100,1765332173,-30.77799999999999,-2.264,2.206,0,0,0.0,59.582,0.0,0.0,0.8,gps,902451862,1765332173,-30.77799999999999,36.400118082,127.36124434783333,0,1,14,0.0,0.0,0,0,0.0,0.0,59.582,36.400118082,127.36124434783333,0.0,0.0,0.0,0.0,0.0,0.0,0.0,0.0,0.0,-30.77799999999999,base_link,956342364,1765332173,51.749000549316406,43.70899963378906,146.12100219726562,12.630999565124512,0.0,-2.264,2.206,0.0,zedx_cabin_imu_link,zedx_cabin_left_camera_frame,861627453,1765332173,0.9999747276306152,0.006695220712572336,-0.0017097544623538852,-0.0016760278958827257,0.0,-0.03564900532364845,-0.00014700002793688327
